Initial energy of the MPS: 0.0616869
# DMRG Sweep # Mid bond EE # Energy # Std #
0 0.0467778 -5.04474 2.74236
1 0.592302 -6.91174 1.30859e-06
Initial energy of the MPS: 0.176829
# DMRG Sweep # Mid bond EE # Energy # Std #
0 0.0444387 3.52378 0.478107
1 0.118859 3.75001 0.000395157
2 0.195761 3.75001 0.000109484
3 0.207139 3.75001 0.000121242
4 0.222607 3.75001 0.000203198
5 0.227422 3.75001 0.00045363
6 0.207505 3.75001 8.04883e-05
7 0.238018 3.75001 7.16485e-05
8 0.236583 3.75001 7.05957e-05
9 0.230034 3.75001 0.000126892
10 0.222568 3.75001 0.000140572
11 0.211775 3.75001 0.000210039
12 0.19746 3.75001 0.000187681
13 0.174666 3.75001 0.000249583
14 0.160938 3.75002 0.000258749
15 0.135813 3.75002 0.000266976
16 0.11711 3.75002 0.000312863
17 0.103496 3.75002 0.000219112
18 0.0861452 3.75002 0.000254337
19 0.0963325 3.75002 0.000227671
20 0.115635 3.75002 0.000147265
21 0.121091 3.75002 0.000140072
22 0.131632 3.75002 9.73234e-05
23 0.132263 3.75002 8.72768e-05
24 0.131707 3.75002 8.25269e-05
25 0.130627 3.75002 7.72504e-05
26 0.129778 3.75002 7.28803e-05
27 0.127386 3.75002 7.12074e-05
28 0.124586 3.75002 6.35144e-05
29 0.123102 3.75002 5.68674e-05
30 0.118187 3.75002 5.65995e-05
31 0.115608 3.75002 5.47637e-05
32 0.113515 3.75002 5.22868e-05
33 0.111823 3.75002 4.78565e-05
34 0.109267 3.75002 4.17818e-05
35 0.106287 3.75002 3.79607e-05
36 0.103433 3.75002 3.99794e-05
37 0.100326 3.75002 3.30036e-05
38 0.0971374 3.75002 3.46784e-05
39 0.0936324 3.75002 3.23856e-05
40 0.0904875 3.75002 2.70251e-05
min energy  # max energy
-6.91174 3.75002
