Initial energy of the MPS: 0.0617113
# DMRG Sweep # Mid bond EE # Energy # Std #
0 0.0467714 -5.04467 2.74233
1 0.592302 -6.91174 1.29494e-06
Initial energy of the MPS: 0.176828
# DMRG Sweep # Mid bond EE # Energy # Std #
0 0.0444331 3.52353 0.477885
1 0.120737 3.75007 0.000706754
2 0.162424 3.75008 0.000821158
3 0.161931 3.75009 0.00113063
4 0.157228 3.7501 0.00058002
5 0.190022 3.7501 0.000451951
6 0.154595 3.7501 0.000402611
7 0.112217 3.7501 0.000404787
8 0.0837961 3.7501 0.000356646
9 0.0644642 3.7501 0.000225423
10 0.0493567 3.75011 0.000177773
11 0.0368125 3.75011 0.000165459
12 0.0274522 3.75011 0.000122495
13 0.019759 3.75011 0.000122332
14 0.0140682 3.75011 9.26961e-05
15 0.00994164 3.75011 7.83933e-05
16 0.00697207 3.75011 6.75618e-05
17 0.00485843 3.75011 5.66956e-05
18 0.00346195 3.75011 4.43906e-05
19 0.00250817 3.75011 3.36892e-05
20 0.00182273 3.75011 2.81496e-05
min energy  # max energy
-6.91174 3.75011
