Initial energy of the MPS: 0.0616908
# DMRG Sweep # Mid bond EE # Energy # Std #
0 0.046775 -5.04471 2.74234
1 0.592302 -6.91174 1.28392e-06
Initial energy of the MPS: 0.176934
# DMRG Sweep # Mid bond EE # Energy # Std #
0 0.0444585 3.52435 0.477979
1 0.130309 3.75006 0.000930926
2 0.163568 3.75007 0.00070998
3 0.184474 3.75007 0.000765486
4 0.175544 3.75008 0.00024421
5 0.185814 3.75008 0.000283879
6 0.164292 3.75008 0.000333228
7 0.135055 3.75008 0.000345984
8 0.110108 3.75008 0.000362891
9 0.101589 3.75009 0.000266408
10 0.0948077 3.75009 0.000204883
11 0.0779012 3.75009 0.000189784
12 0.062241 3.75009 0.000181105
13 0.0522298 3.75009 0.000141282
14 0.041224 3.75009 0.000126082
15 0.0323097 3.75009 0.000110734
16 0.0251383 3.75009 0.000102371
17 0.0194838 3.75009 8.81334e-05
18 0.0149279 3.75009 8.16702e-05
19 0.0113698 3.75009 6.87914e-05
20 0.00868076 3.75009 5.25204e-05
21 0.00647117 3.75009 4.29322e-05
22 0.00479457 3.75009 3.59114e-05
23 0.00351798 3.75009 3.11659e-05
24 0.00260779 3.75009 1.95219e-05
min energy  # max energy
-6.91174 3.75009
