Initial energy of the MPS: 0.0616735
# DMRG Sweep # Mid bond EE # Energy # Std #
0 0.0467804 -5.04472 2.74235
1 0.592302 -6.91174 1.26441e-06
Initial energy of the MPS: 0.176848
# DMRG Sweep # Mid bond EE # Energy # Std #
0 0.0443207 3.52302 0.477888
1 0.135347 3.74999 0.00097104
2 0.26663 3.75 0.000288859
3 0.29177 3.75 0.000273142
4 0.291687 3.75 0.000271847
5 0.287677 3.75 0.00031213
6 0.287254 3.75 0.000362262
7 0.2874 3.75 0.000335029
8 0.278491 3.75 0.000383109
9 0.277633 3.75001 0.000446237
10 0.285458 3.75001 0.000438281
11 0.289563 3.75001 0.000424945
12 0.29573 3.75001 0.000681521
13 0.367818 3.75001 0.000461737
14 0.389803 3.75001 0.000425749
15 0.418569 3.75001 0.000344302
16 0.418747 3.75002 0.000342118
17 0.421164 3.75002 0.000364895
18 0.438432 3.75002 0.000307903
19 0.436206 3.75002 0.000329933
20 0.440482 3.75002 0.000305357
21 0.440508 3.75002 0.000297086
22 0.439526 3.75002 0.000298881
23 0.43932 3.75002 0.000299221
24 0.433883 3.75002 0.000282363
25 0.427912 3.75002 0.000271679
26 0.421535 3.75002 0.000278705
27 0.415987 3.75002 0.000275447
28 0.407371 3.75003 0.000255753
29 0.399569 3.75003 0.000252234
30 0.391041 3.75003 0.000248429
31 0.386217 3.75003 0.000238038
32 0.38001 3.75003 0.000220825
33 0.369548 3.75003 0.000215972
34 0.352712 3.75003 0.000201859
35 0.335873 3.75003 0.00021592
36 0.314265 3.75003 0.000215272
37 0.294464 3.75003 0.000212739
38 0.273832 3.75003 0.000229106
39 0.257807 3.75003 0.000209659
40 0.23823 3.75003 0.000245964
41 0.224866 3.75003 0.000216745
42 0.210554 3.75003 0.000240826
43 0.195448 3.75003 0.000197045
44 0.180668 3.75003 0.000201177
45 0.16668 3.75003 0.000179894
46 0.152889 3.75003 0.000179277
47 0.138729 3.75003 0.000169586
48 0.125833 3.75003 0.000186865
49 0.114151 3.75003 0.000115471
50 0.102011 3.75004 0.000169991
51 0.0915602 3.75004 0.00017718
52 0.0822378 3.75004 0.000194067
53 0.073832 3.75004 0.000119028
54 0.0658589 3.75004 0.00017063
55 0.0588734 3.75004 0.00013217
56 0.0521551 3.75004 0.000118695
57 0.0459436 3.75004 0.000124001
58 0.040225 3.75004 0.000118466
59 0.0353188 3.75004 0.000112185
60 0.0309724 3.75004 0.000118164
61 0.027102 3.75004 8.50476e-05
62 0.0233276 3.75004 7.08306e-05
63 0.0202236 3.75004 6.8574e-05
64 0.0175651 3.75004 7.33273e-05
65 0.0151641 3.75004 7.70439e-05
66 0.012828 3.75004 5.85848e-05
67 0.0109752 3.75004 4.64622e-05
68 0.00934997 3.75004 6.19723e-05
69 0.00778999 3.75004 5.03881e-05
70 0.00654409 3.75004 3.96484e-05
71 0.00548495 3.75004 3.60853e-05
72 0.00460003 3.75004 3.9118e-05
73 0.00383507 3.75004 5.6464e-05
74 0.00329332 3.75004 4.41282e-05
75 0.00291332 3.75004 3.82704e-05
76 0.00257104 3.75004 2.47854e-05
min energy  # max energy
-6.91174 3.75004
