Initial energy of the MPS: 0.061714
# DMRG Sweep # Mid bond EE # Energy # Std #
0 0.0467807 -5.04473 2.74236
1 0.592302 -6.91174 1.25312e-06
Initial energy of the MPS: 0.176847
# DMRG Sweep # Mid bond EE # Energy # Std #
0 0.0443635 3.52218 0.477263
1 0.149214 3.75002 0.000683275
2 0.180755 3.75003 0.000535336
3 0.217149 3.75003 0.000649147
4 0.21254 3.75003 0.000241963
5 0.245742 3.75003 0.00012891
6 0.244272 3.75003 0.000149622
7 0.238244 3.75003 0.000173142
8 0.238702 3.75003 0.000147691
9 0.237952 3.75003 0.000123484
10 0.22733 3.75003 0.000108001
11 0.215813 3.75004 0.000101411
12 0.203373 3.75004 0.000101082
13 0.197693 3.75004 8.88488e-05
14 0.185189 3.75004 0.00010083
15 0.174999 3.75004 9.5444e-05
16 0.165847 3.75004 0.000107009
17 0.158057 3.75004 0.000106439
18 0.148784 3.75004 0.000106044
19 0.139779 3.75004 0.000107318
20 0.131113 3.75004 0.000109101
21 0.124107 3.75004 8.34178e-05
22 0.114682 3.75004 8.38894e-05
23 0.104333 3.75004 7.84946e-05
24 0.0948408 3.75004 8.29291e-05
25 0.0862786 3.75004 9.10102e-05
26 0.0787072 3.75004 8.83915e-05
27 0.0721774 3.75004 9.3637e-05
28 0.0663956 3.75004 9.66134e-05
29 0.0612802 3.75004 8.4665e-05
30 0.057047 3.75004 9.55382e-05
31 0.0527811 3.75004 8.74482e-05
32 0.0489367 3.75004 8.66266e-05
33 0.0449302 3.75004 7.12853e-05
34 0.0408987 3.75004 6.12441e-05
35 0.0370729 3.75004 7.22648e-05
36 0.0336748 3.75004 6.08208e-05
37 0.0303396 3.75004 5.134e-05
38 0.0272993 3.75004 6.35273e-05
39 0.0243652 3.75004 4.69029e-05
40 0.0215963 3.75004 4.47938e-05
41 0.019131 3.75004 4.26586e-05
42 0.0168035 3.75004 4.98643e-05
43 0.0146939 3.75004 4.5784e-05
44 0.0127735 3.75004 5.53968e-05
45 0.0109856 3.75004 5.34281e-05
46 0.00935207 3.75004 2.9775e-05
min energy  # max energy
-6.91174 3.75004
