Initial energy of the MPS: 0.0616674
# DMRG Sweep # Mid bond EE # Energy # Std #
0 0.0467748 -5.04473 2.74235
1 0.592302 -6.91174 1.25312e-06
Initial energy of the MPS: 0.176811
# DMRG Sweep # Mid bond EE # Energy # Std #
0 0.0444002 3.52404 0.47904
1 0.143272 3.74998 0.00205685
2 0.206995 3.75001 0.0015567
3 0.274105 3.75003 0.00158044
4 0.28094 3.75005 0.00140518
5 0.27704 3.75006 0.00121319
6 0.275394 3.75007 0.00160022
7 0.279163 3.75008 0.00125283
8 0.261177 3.7501 0.00136453
9 0.247082 3.75011 0.00163425
10 0.230456 3.75012 0.0014066
11 0.204473 3.75013 0.00120254
12 0.172214 3.75013 0.000627276
13 0.121875 3.75014 0.000545893
14 0.0863647 3.75014 0.000537934
15 0.0569609 3.75014 0.000535898
16 0.0357392 3.75015 0.000485858
17 0.0216306 3.75015 0.000310696
18 0.0124238 3.75015 0.000220422
19 0.00672655 3.75015 0.000159603
20 0.00354081 3.75015 0.000118465
21 0.00183817 3.75015 9.6105e-05
22 0.0011214 3.75015 0.000127892
23 0.00169395 3.75015 8.44449e-05
24 0.00199849 3.75015 8.62091e-05
25 0.00196333 3.75015 7.89605e-05
26 0.00178483 3.75015 6.7237e-05
27 0.00141669 3.75015 5.87898e-05
28 0.000978088 3.75015 3.54181e-05
29 0.000573396 3.75015 3.64489e-05
30 0.000411282 3.75015 2.64002e-05
min energy  # max energy
-6.91174 3.75015
