Initial energy of the MPS: 0.0617178
# DMRG Sweep # Mid bond EE # Energy # Std #
0 0.0467757 -5.0447 2.74234
1 0.592302 -6.91174 1.25595e-06
Initial energy of the MPS: 0.176923
# DMRG Sweep # Mid bond EE # Energy # Std #
0 0.0444915 3.52421 0.478168
1 0.133977 3.75007 0.000921007
2 0.161328 3.75007 0.000652533
3 0.181677 3.75008 0.000618296
4 0.176506 3.75008 0.000331256
5 0.170106 3.75009 0.000260251
6 0.158547 3.75009 0.000330237
7 0.131168 3.75009 0.000359006
8 0.102987 3.75009 0.000368095
9 0.0812651 3.75009 0.000295136
10 0.0620439 3.75009 0.0003332
11 0.0495221 3.7501 0.000325873
12 0.0396785 3.7501 0.00018822
13 0.0300192 3.7501 0.000250518
14 0.0239902 3.7501 0.000170764
15 0.0187016 3.7501 0.000105727
16 0.0137285 3.7501 8.58554e-05
17 0.0101847 3.7501 6.81873e-05
18 0.00761119 3.7501 5.1637e-05
19 0.0057286 3.7501 3.91098e-05
20 0.00418319 3.7501 3.69718e-05
21 0.00326289 3.7501 2.69613e-05
min energy  # max energy
-6.91174 3.7501
