Initial energy of the MPS: 0.0616655
# DMRG Sweep # Mid bond EE # Energy # Std #
0 0.0467775 -5.04471 2.74235
1 0.592302 -6.91174 1.28669e-06
Initial energy of the MPS: 0.176872
# DMRG Sweep # Mid bond EE # Energy # Std #
0 0.0443745 3.52366 0.478598
1 0.139059 3.74999 0.000949264
2 0.276357 3.75 0.000307839
3 0.318241 3.75 0.000256784
4 0.32169 3.75 0.000300838
5 0.329935 3.75 0.000280512
6 0.325095 3.75 0.00031121
7 0.320826 3.75 0.000363144
8 0.32334 3.75 0.000321339
9 0.317885 3.75 0.000299203
10 0.310286 3.75 0.000362221
11 0.310106 3.75001 0.000306463
12 0.303499 3.75001 0.000430274
13 0.307318 3.75001 0.000287431
14 0.301806 3.75001 0.000296274
15 0.298255 3.75001 0.000389305
16 0.300525 3.75001 0.000284287
17 0.296768 3.75001 0.000274835
18 0.294588 3.75001 0.000248862
19 0.292094 3.75001 0.000322464
20 0.290814 3.75001 0.000280431
21 0.289681 3.75001 0.000312588
22 0.288991 3.75001 0.000288973
23 0.287093 3.75001 0.000375229
24 0.28551 3.75001 0.00034108
25 0.283138 3.75002 0.000300071
26 0.279987 3.75002 0.00022974
27 0.275327 3.75002 0.00035652
28 0.271077 3.75002 0.000282248
29 0.266298 3.75002 0.000319656
30 0.261872 3.75002 0.000276754
31 0.25619 3.75002 0.000312157
32 0.25002 3.75002 0.000277149
33 0.24334 3.75002 0.000285262
34 0.236701 3.75002 0.000266629
35 0.229894 3.75002 0.000308711
36 0.222635 3.75002 0.000224818
37 0.214898 3.75002 0.000294481
38 0.207004 3.75002 0.00022901
39 0.199496 3.75002 0.000236652
40 0.191577 3.75002 0.000224832
41 0.183834 3.75002 0.000224518
42 0.175516 3.75002 0.000226665
43 0.167368 3.75002 0.000233178
44 0.159011 3.75002 0.000225796
45 0.151086 3.75003 0.000209695
46 0.142952 3.75003 0.000210231
47 0.13479 3.75003 0.000227578
48 0.126744 3.75003 0.000200719
49 0.118928 3.75003 0.000206646
50 0.110964 3.75003 0.000194136
51 0.102782 3.75003 0.000201102
52 0.09508 3.75003 0.00018026
53 0.0879383 3.75003 0.000167466
54 0.0813037 3.75003 0.000163446
55 0.0751301 3.75003 0.000157219
56 0.0690572 3.75003 0.000173811
57 0.0630352 3.75003 0.000164184
58 0.0574593 3.75003 0.000154962
59 0.0523627 3.75003 0.000200199
60 0.0469311 3.75003 0.000172814
61 0.0423084 3.75003 0.00014279
62 0.0382883 3.75003 0.000137724
63 0.0347343 3.75003 0.000136023
64 0.0314335 3.75003 0.000145071
65 0.0283175 3.75003 0.000194292
66 0.0252605 3.75003 0.000133642
67 0.0228133 3.75003 0.000109715
68 0.0208058 3.75003 0.000102255
69 0.0191172 3.75003 7.90382e-05
70 0.0174181 3.75003 6.79995e-05
71 0.0159635 3.75003 6.46034e-05
72 0.0145889 3.75003 8.82322e-05
73 0.0132017 3.75003 6.25407e-05
74 0.0120499 3.75003 5.83748e-05
75 0.0107928 3.75003 6.29247e-05
76 0.00986937 3.75003 4.83637e-05
77 0.00895321 3.75003 5.2621e-05
78 0.00809573 3.75003 4.09938e-05
79 0.00726369 3.75003 4.07987e-05
80 0.00653555 3.75003 4.57206e-05
81 0.00576662 3.75003 3.94171e-05
82 0.00512144 3.75003 3.55012e-05
83 0.00449604 3.75003 3.80561e-05
84 0.00401771 3.75003 3.46776e-05
85 0.00353033 3.75003 3.10333e-05
86 0.00314188 3.75003 2.97214e-05
min energy  # max energy
-6.91174 3.75003
