Initial energy of the MPS: 0.0617051
# DMRG Sweep # Mid bond EE # Energy # Std #
0 0.0467778 -5.04474 2.74236
1 0.592302 -6.91174 1.30859e-06
Initial energy of the MPS: 0.176844
# DMRG Sweep # Mid bond EE # Energy # Std #
0 0.0445383 3.5245 0.477983
1 0.142092 3.74998 0.00329078
2 0.203243 3.75004 0.00260571
3 0.328334 3.75007 0.00184687
4 0.325537 3.7501 0.00211594
5 0.325093 3.75013 0.00222141
6 0.310843 3.75016 0.00218319
7 0.295709 3.75018 0.00175619
8 0.216748 3.7502 0.00161012
9 0.149069 3.75021 0.00129484
10 0.0888914 3.75022 0.000815029
11 0.0450275 3.75022 0.000635995
12 0.01813 3.75022 0.000390414
13 0.00587511 3.75022 0.000180984
14 0.00138439 3.75022 0.000135197
15 0.000313409 3.75023 9.65499e-05
16 0.000138657 3.75023 0.000110096
17 0.000703069 3.75023 0.00010724
18 0.00175621 3.75023 8.03913e-05
19 0.00164927 3.75023 7.05468e-05
20 0.00115171 3.75023 4.10373e-05
21 0.000542179 3.75023 2.41413e-05
min energy  # max energy
-6.91174 3.75023
