Initial energy of the MPS: 0.0617248
# DMRG Sweep # Mid bond EE # Energy # Std #
0 0.0467764 -5.04469 2.74234
1 0.592302 -6.91174 1.25877e-06
Initial energy of the MPS: 0.176844
# DMRG Sweep # Mid bond EE # Energy # Std #
0 0.0444044 3.52344 0.478258
1 0.140965 3.74999 0.00120527
2 0.254649 3.74999 0.000529434
3 0.295761 3.75 0.000534209
4 0.302927 3.75 0.000499616
5 0.291481 3.75001 0.000616993
6 0.296508 3.75001 0.000531797
7 0.285709 3.75001 0.000611098
8 0.283266 3.75001 0.000603135
9 0.279893 3.75002 0.0006839
10 0.280994 3.75002 0.000575812
11 0.273502 3.75002 0.000843242
12 0.27888 3.75003 0.000765247
13 0.275799 3.75003 0.000465258
14 0.261456 3.75003 0.000622793
15 0.249535 3.75003 0.000574594
16 0.236358 3.75003 0.00075873
17 0.225715 3.75004 0.000533952
18 0.210667 3.75004 0.000809704
19 0.19939 3.75004 0.000599296
20 0.184023 3.75004 0.000585538
21 0.166754 3.75004 0.000571301
22 0.150052 3.75004 0.000451969
23 0.133387 3.75005 0.000508812
24 0.116964 3.75005 0.000389831
25 0.10221 3.75005 0.000393074
26 0.0884219 3.75005 0.000338488
27 0.0753289 3.75005 0.000312793
28 0.0639811 3.75005 0.00032755
29 0.0531571 3.75005 0.000287526
30 0.0439283 3.75005 0.000264174
31 0.0360796 3.75005 0.000244344
32 0.0292323 3.75005 0.000190456
33 0.0236575 3.75006 0.000174421
34 0.0188732 3.75006 0.000159254
35 0.0145938 3.75006 0.000151506
36 0.011015 3.75006 0.000124123
37 0.00824903 3.75006 0.000105852
38 0.00581518 3.75006 9.62657e-05
39 0.00402464 3.75006 8.6918e-05
40 0.00280513 3.75006 7.14982e-05
41 0.00202821 3.75006 6.64629e-05
42 0.00177335 3.75006 7.58706e-05
43 0.0022488 3.75006 8.29765e-05
44 0.0040027 3.75006 8.61786e-05
45 0.00605926 3.75006 7.97167e-05
46 0.00685694 3.75006 6.60117e-05
47 0.00744288 3.75006 7.92482e-05
48 0.00805178 3.75006 6.76629e-05
49 0.00851918 3.75006 6.42206e-05
50 0.00834286 3.75006 7.12492e-05
51 0.00823468 3.75006 7.23895e-05
52 0.00789367 3.75006 8.22062e-05
53 0.00822797 3.75006 7.33329e-05
54 0.00800258 3.75006 5.77345e-05
55 0.0073398 3.75006 5.00039e-05
56 0.0062651 3.75006 4.5503e-05
57 0.00504155 3.75006 4.19806e-05
58 0.00400785 3.75006 3.68056e-05
59 0.00323638 3.75006 3.30576e-05
60 0.00259918 3.75006 3.0696e-05
61 0.00207368 3.75006 3.27142e-05
62 0.00170537 3.75006 2.52077e-05
min energy  # max energy
-6.91174 3.75006
