Initial energy of the MPS: 0.0616807
# DMRG Sweep # Mid bond EE # Energy # Std #
0 0.0467728 -5.04471 2.74235
1 0.592302 -6.91174 1.25595e-06
Initial energy of the MPS: 0.176882
# DMRG Sweep # Mid bond EE # Energy # Std #
0 0.0443045 3.52293 0.477874
1 0.136928 3.74998 0.00253713
2 0.198777 3.75002 0.00229428
3 0.256286 3.75005 0.00160525
4 0.252071 3.75008 0.00159051
5 0.248853 3.7501 0.00206394
6 0.251134 3.75013 0.00233377
7 0.24473 3.75016 0.00229054
8 0.236929 3.75017 0.00112543
9 0.157456 3.75018 0.0012986
10 0.099966 3.75019 0.000836513
11 0.0565797 3.7502 0.000842925
12 0.0276306 3.7502 0.000720822
13 0.010199 3.7502 0.000270433
14 0.00339062 3.75021 0.000166135
15 0.00149645 3.75021 0.000122936
16 0.00131066 3.75021 0.000171573
17 0.00293522 3.75021 0.000154803
18 0.0030977 3.75021 0.000140264
19 0.00246765 3.75021 7.61375e-05
20 0.00120384 3.75021 4.94863e-05
21 0.0005602 3.75021 3.32138e-05
22 0.000294285 3.75021 2.57419e-05
min energy  # max energy
-6.91174 3.75021
