Initial energy of the MPS: 0.061682
# DMRG Sweep # Mid bond EE # Energy # Std #
0 0.0467768 -5.04469 2.74234
1 0.592302 -6.91174 1.26441e-06
Initial energy of the MPS: 0.176958
# DMRG Sweep # Mid bond EE # Energy # Std #
0 0.0444217 3.52224 0.477753
1 0.149917 3.74999 0.0010805
2 0.248619 3.75 0.000337631
3 0.276092 3.75 0.000313236
4 0.26406 3.75 0.0003822
5 0.269423 3.75 0.000413957
6 0.267378 3.75001 0.000448111
7 0.273034 3.75001 0.00038941
8 0.26286 3.75001 0.000477805
9 0.266592 3.75001 0.000413752
10 0.255495 3.75001 0.000476206
11 0.249371 3.75002 0.000581702
12 0.254385 3.75002 0.000658922
13 0.267614 3.75002 0.000510274
14 0.261259 3.75002 0.000445542
15 0.252883 3.75002 0.000413188
16 0.243419 3.75002 0.000679396
17 0.257217 3.75003 0.000376631
18 0.244169 3.75003 0.000508228
19 0.238467 3.75003 0.000390744
20 0.224691 3.75003 0.000441288
21 0.213442 3.75003 0.00048278
22 0.205625 3.75003 0.000457741
23 0.193608 3.75003 0.000395225
24 0.181732 3.75003 0.000342448
25 0.168123 3.75004 0.00032175
26 0.15433 3.75004 0.000297299
27 0.142395 3.75004 0.000291132
28 0.130023 3.75004 0.000287755
29 0.11838 3.75004 0.000297109
30 0.107764 3.75004 0.00038083
31 0.0998315 3.75004 0.000258444
32 0.0913057 3.75004 0.000254167
33 0.0829502 3.75004 0.00020895
34 0.0741009 3.75004 0.000188948
35 0.0659029 3.75004 0.000182643
36 0.0575161 3.75004 0.000142236
37 0.0500375 3.75004 0.000150467
38 0.0435043 3.75004 0.000143639
39 0.0376092 3.75004 0.000122252
40 0.0322566 3.75004 0.000168009
41 0.0266872 3.75004 0.000110559
42 0.02281 3.75004 0.000119035
43 0.0188855 3.75004 0.000116494
44 0.0155819 3.75004 9.45612e-05
45 0.012505 3.75004 9.62622e-05
46 0.0101403 3.75004 6.99429e-05
47 0.00817012 3.75005 6.28064e-05
48 0.00657819 3.75005 6.92837e-05
49 0.00520617 3.75005 5.79747e-05
50 0.00411763 3.75005 4.81118e-05
51 0.00319989 3.75005 5.68511e-05
52 0.00244128 3.75005 3.78395e-05
53 0.00186977 3.75005 2.91689e-05
min energy  # max energy
-6.91174 3.75005
