Initial energy of the MPS: 0.0617231
# DMRG Sweep # Mid bond EE # Energy # Std #
0 0.0467792 -5.04468 2.74233
1 0.592302 -6.91174 1.30859e-06
Initial energy of the MPS: 0.176874
# DMRG Sweep # Mid bond EE # Energy # Std #
0 0.0444672 3.52424 0.478261
1 0.135096 3.75009 0.00154434
2 0.158808 3.7501 0.000704046
3 0.17076 3.75011 0.000483717
4 0.166692 3.75011 0.000462109
5 0.152365 3.75012 0.00050985
6 0.121015 3.75012 0.000426811
7 0.0919237 3.75012 0.00051727
8 0.0722802 3.75013 0.000451843
9 0.05569 3.75013 0.000372589
10 0.0421516 3.75013 0.000296712
11 0.0306333 3.75013 0.000240291
12 0.0235441 3.75013 0.000158973
13 0.0162178 3.75013 0.000145793
14 0.0111051 3.75013 0.000117377
15 0.00739294 3.75013 9.99785e-05
16 0.00520231 3.75013 6.45697e-05
17 0.00345444 3.75013 5.1571e-05
18 0.00240023 3.75013 3.16364e-05
19 0.00161111 3.75013 2.3218e-05
min energy  # max energy
-6.91174 3.75013
