Initial energy of the MPS: 0.0616843
# DMRG Sweep # Mid bond EE # Energy # Std #
0 0.0467809 -5.04474 2.74236
1 0.592302 -6.91174 1.25028e-06
Initial energy of the MPS: 0.176841
# DMRG Sweep # Mid bond EE # Energy # Std #
0 0.0443292 3.52274 0.478223
1 0.147835 3.74999 0.00313582
2 0.177359 3.75003 0.00230542
3 0.254279 3.75006 0.00168201
4 0.245418 3.75008 0.00157573
5 0.240429 3.75011 0.001868
6 0.246892 3.75013 0.0019811
7 0.244005 3.75015 0.00187073
8 0.208879 3.75016 0.0015087
9 0.162261 3.75017 0.00104951
10 0.109514 3.75018 0.000844422
11 0.0674186 3.75019 0.000764471
12 0.0373587 3.75019 0.000566844
13 0.0181747 3.75019 0.00034302
14 0.00826966 3.75019 0.000209828
15 0.00369836 3.75019 0.000111358
16 0.00154358 3.75019 7.4674e-05
17 0.000561011 3.75019 5.77264e-05
18 0.000192563 3.75019 5.89765e-05
19 0.000141438 3.7502 5.64722e-05
20 0.000249514 3.7502 4.82011e-05
21 0.000194455 3.7502 4.43706e-05
22 0.000253936 3.7502 4.39987e-05
23 0.000323018 3.7502 2.98004e-05
min energy  # max energy
-6.91174 3.7502
