Initial energy of the MPS: 0.0616742
# DMRG Sweep # Mid bond EE # Energy # Std #
0 0.0467794 -5.0447 2.74235
1 0.592302 -6.91174 1.30859e-06
Initial energy of the MPS: 0.176824
# DMRG Sweep # Mid bond EE # Energy # Std #
0 0.0444168 3.52386 0.479045
1 0.135495 3.75003 0.000768804
2 0.176184 3.75004 0.000443449
3 0.215639 3.75004 0.000615566
4 0.211363 3.75004 0.000472057
5 0.20625 3.75004 0.000137752
6 0.209728 3.75004 0.000200982
7 0.202697 3.75005 0.000188211
8 0.197237 3.75005 0.00019495
9 0.187715 3.75005 0.000200374
10 0.176126 3.75005 0.000199056
11 0.162022 3.75005 0.000190619
12 0.140595 3.75005 0.000192154
13 0.120442 3.75005 0.000184452
14 0.102282 3.75005 0.000182783
15 0.087372 3.75005 0.000164927
16 0.0736437 3.75005 0.000151003
17 0.0623699 3.75005 0.000138174
18 0.0531566 3.75005 0.000122438
19 0.0448114 3.75005 0.000114984
20 0.0383044 3.75005 0.000119385
21 0.0329082 3.75005 0.000141959
22 0.0287881 3.75005 0.000121099
23 0.0257948 3.75005 7.15248e-05
24 0.0223354 3.75005 8.25423e-05
25 0.0194743 3.75005 6.22942e-05
26 0.0166624 3.75005 6.22551e-05
27 0.0143601 3.75005 5.09815e-05
28 0.0122815 3.75005 5.21336e-05
29 0.0105981 3.75005 4.43709e-05
30 0.00902469 3.75005 4.39057e-05
31 0.00776699 3.75005 3.36899e-05
32 0.00653582 3.75005 3.34055e-05
33 0.00554772 3.75005 2.65783e-05
min energy  # max energy
-6.91174 3.75005
