Initial energy of the MPS: 0.0617069
# DMRG Sweep # Mid bond EE # Energy # Std #
0 0.0467778 -5.04471 2.74234
1 0.592302 -6.91174 1.26159e-06
Initial energy of the MPS: 0.176889
# DMRG Sweep # Mid bond EE # Energy # Std #
0 0.0444118 3.52361 0.477561
1 0.11458 3.75003 0.000433682
2 0.188244 3.75003 0.000329882
3 0.199245 3.75004 0.00103142
4 0.169145 3.75004 0.000389335
5 0.256945 3.75004 0.000270809
6 0.249681 3.75004 0.000220255
7 0.237254 3.75005 0.000218854
8 0.228489 3.75005 0.000190488
9 0.218042 3.75005 0.000188328
10 0.205398 3.75005 0.000180968
11 0.19161 3.75005 0.000162034
12 0.177349 3.75005 0.000155054
13 0.164476 3.75005 8.93968e-05
14 0.155575 3.75005 9.8448e-05
15 0.138729 3.75005 9.74699e-05
16 0.122741 3.75005 9.9673e-05
17 0.107226 3.75005 0.000100486
18 0.0923729 3.75005 0.000100694
19 0.0807734 3.75005 8.98467e-05
20 0.069943 3.75005 8.3055e-05
21 0.0599075 3.75005 8.61988e-05
22 0.051877 3.75005 7.19072e-05
23 0.0452132 3.75005 6.51566e-05
24 0.038221 3.75005 5.76509e-05
25 0.0325743 3.75005 5.31921e-05
26 0.0277963 3.75005 4.50456e-05
27 0.0234694 3.75005 4.15253e-05
28 0.0197493 3.75005 3.58697e-05
29 0.0165936 3.75005 3.09182e-05
30 0.0139557 3.75005 2.64577e-05
min energy  # max energy
-6.91174 3.75005
