Initial energy of the MPS: 0.0616744
# DMRG Sweep # Mid bond EE # Energy # Std #
0 0.0467728 -5.04472 2.74235
1 0.592302 -6.91174 1.30042e-06
Initial energy of the MPS: 0.176885
# DMRG Sweep # Mid bond EE # Energy # Std #
0 0.0443074 3.52305 0.478085
1 0.145378 3.75003 0.00058378
2 0.180721 3.75003 0.000395987
3 0.202846 3.75004 0.00102297
4 0.17445 3.75004 0.000393663
5 0.24509 3.75004 0.000145307
6 0.239331 3.75004 0.000149628
7 0.228298 3.75004 0.000149441
8 0.214506 3.75005 0.000153638
9 0.198528 3.75005 0.000167713
10 0.181052 3.75005 0.000165203
11 0.160496 3.75005 0.000173089
12 0.145468 3.75005 0.000166568
13 0.128855 3.75005 0.000165049
14 0.112416 3.75005 0.000160909
15 0.0978887 3.75005 0.000156624
16 0.0840665 3.75005 0.000146588
17 0.0717118 3.75005 0.000143283
18 0.061915 3.75005 0.000117788
19 0.0521349 3.75005 0.000119245
20 0.0434699 3.75005 0.000102505
21 0.0362638 3.75005 9.92978e-05
22 0.0296197 3.75005 9.57903e-05
23 0.0242559 3.75005 8.27016e-05
24 0.0193844 3.75005 6.85104e-05
25 0.0153818 3.75005 6.34706e-05
26 0.0121934 3.75005 5.81886e-05
27 0.0095532 3.75005 5.34964e-05
28 0.00739007 3.75005 4.38284e-05
29 0.00567344 3.75005 4.94631e-05
30 0.00423641 3.75005 3.48818e-05
31 0.00316366 3.75005 2.84826e-05
min energy  # max energy
-6.91174 3.75005
