Initial energy of the MPS: 0.0617145
# DMRG Sweep # Mid bond EE # Energy # Std #
0 0.0467766 -5.04471 2.74235
1 0.592302 -6.91174 1.24172e-06
Initial energy of the MPS: 0.176822
# DMRG Sweep # Mid bond EE # Energy # Std #
0 0.044357 3.52339 0.478159
1 0.137166 3.75005 0.000956818
2 0.172362 3.75006 0.00054143
3 0.199914 3.75006 0.000483476
4 0.199026 3.75006 0.000412002
5 0.193301 3.75007 0.000275731
6 0.182807 3.75007 0.000276107
7 0.164567 3.75007 0.000279466
8 0.143554 3.75007 0.000307379
9 0.12833 3.75007 0.000247312
10 0.105491 3.75007 0.000258249
11 0.0880151 3.75007 0.000246645
12 0.0730447 3.75007 0.000223826
13 0.0614151 3.75008 0.000195999
14 0.0520196 3.75008 0.000158454
15 0.0416354 3.75008 0.00015064
16 0.0343704 3.75008 0.000124235
17 0.0276922 3.75008 0.000117244
18 0.0224848 3.75008 0.000102229
19 0.0183602 3.75008 8.35773e-05
20 0.0146214 3.75008 8.45584e-05
21 0.0117505 3.75008 5.80793e-05
22 0.00917501 3.75008 5.57527e-05
23 0.00734317 3.75008 4.38784e-05
24 0.00576432 3.75008 4.18713e-05
25 0.00466273 3.75008 2.77022e-05
min energy  # max energy
-6.91174 3.75008
