Initial energy of the MPS: 0.0617386
# DMRG Sweep # Mid bond EE # Energy # Std #
0 0.0467775 -5.04469 2.74234
1 0.592302 -6.91174 1.27281e-06
Initial energy of the MPS: 0.176857
# DMRG Sweep # Mid bond EE # Energy # Std #
0 0.0443399 3.5233 0.478027
1 0.137365 3.75001 0.000432546
2 0.180307 3.75001 0.00012245
3 0.223649 3.75001 0.000257074
4 0.226226 3.75001 0.000550131
5 0.201334 3.75001 0.000249598
6 0.282941 3.75001 0.000110733
7 0.293782 3.75001 6.27127e-05
8 0.285593 3.75001 4.72405e-05
9 0.276318 3.75001 5.75507e-05
10 0.269078 3.75001 5.98035e-05
11 0.26197 3.75001 6.16093e-05
12 0.254067 3.75001 6.32915e-05
13 0.247174 3.75001 6.55304e-05
14 0.237143 3.75001 7.36186e-05
15 0.22764 3.75001 7.67736e-05
16 0.218273 3.75001 7.93049e-05
17 0.211757 3.75001 7.58797e-05
18 0.203926 3.75001 7.1993e-05
19 0.194781 3.75001 7.08575e-05
20 0.185324 3.75001 7.295e-05
21 0.176663 3.75001 7.45857e-05
22 0.168509 3.75001 6.55916e-05
23 0.16024 3.75001 6.82347e-05
24 0.152477 3.75001 6.29502e-05
25 0.144897 3.75001 7.39646e-05
26 0.138346 3.75001 6.20058e-05
27 0.131642 3.75001 6.8056e-05
28 0.12553 3.75001 6.73613e-05
29 0.119558 3.75001 6.59276e-05
30 0.114138 3.75001 6.05315e-05
31 0.108982 3.75001 6.06119e-05
32 0.104052 3.75001 6.54551e-05
33 0.0992986 3.75001 5.65415e-05
34 0.0948455 3.75001 5.45936e-05
35 0.09049 3.75001 5.23996e-05
36 0.086469 3.75001 5.59115e-05
37 0.0825859 3.75001 5.40248e-05
38 0.0787754 3.75001 5.47186e-05
39 0.0751286 3.75001 5.31039e-05
40 0.0716923 3.75001 5.18552e-05
41 0.0683826 3.75001 4.97286e-05
42 0.0652304 3.75002 4.77365e-05
43 0.0622517 3.75002 4.52427e-05
44 0.0593592 3.75002 4.8959e-05
45 0.0566531 3.75002 4.52516e-05
46 0.054033 3.75002 4.01648e-05
47 0.0514864 3.75002 4.24409e-05
48 0.0491235 3.75002 4.0329e-05
49 0.0467656 3.75002 3.93566e-05
50 0.0445862 3.75002 3.83109e-05
51 0.0424343 3.75002 4.21838e-05
52 0.0404337 3.75002 3.59125e-05
53 0.0385647 3.75002 3.4538e-05
54 0.0367603 3.75002 3.41517e-05
55 0.0349928 3.75002 3.15277e-05
56 0.0333595 3.75002 3.08007e-05
57 0.031793 3.75002 3.05159e-05
58 0.0302768 3.75002 2.9978e-05
min energy  # max energy
-6.91174 3.75002
