Initial energy of the MPS: 0.061695
# DMRG Sweep # Mid bond EE # Energy # Std #
0 0.046781 -5.04475 2.74236
1 0.592302 -6.91174 1.28115e-06
Initial energy of the MPS: 0.176824
# DMRG Sweep # Mid bond EE # Energy # Std #
0 0.0444175 3.5241 0.478091
1 0.134195 3.75006 0.000978259
2 0.16451 3.75006 0.000877145
3 0.182784 3.75007 0.000644733
4 0.180357 3.75007 0.000260449
5 0.186495 3.75008 0.000256362
6 0.173498 3.75008 0.000311662
7 0.148765 3.75008 0.000345077
8 0.128209 3.75008 0.000273767
9 0.0989749 3.75008 0.000315941
10 0.078266 3.75008 0.000255013
11 0.0599203 3.75008 0.000267407
12 0.0456154 3.75008 0.000241329
13 0.034076 3.75008 0.000212305
14 0.0246587 3.75008 0.000160796
15 0.0175454 3.75008 0.000117393
16 0.0121505 3.75008 0.000104265
17 0.00823896 3.75008 7.62879e-05
18 0.00547838 3.75008 7.06999e-05
19 0.00355648 3.75008 4.56317e-05
20 0.00231675 3.75008 3.68566e-05
21 0.0014892 3.75008 3.47413e-05
22 0.000934853 3.75008 2.10778e-05
min energy  # max energy
-6.91174 3.75008
