Initial energy of the MPS: 0.0617115
# DMRG Sweep # Mid bond EE # Energy # Std #
0 0.0467756 -5.04473 2.74235
1 0.592302 -6.91174 1.25877e-06
Initial energy of the MPS: 0.176854
# DMRG Sweep # Mid bond EE # Energy # Std #
0 0.044456 3.52401 0.47799
1 0.121975 3.75001 0.000412161
2 0.192946 3.75001 0.000115864
3 0.211972 3.75001 0.000148981
4 0.225234 3.75001 0.000480331
5 0.203345 3.75001 0.000108715
6 0.249556 3.75001 0.000111266
7 0.249955 3.75001 0.000209955
8 0.244214 3.75002 0.000411871
9 0.251038 3.75002 0.000303982
10 0.312829 3.75002 0.000185228
11 0.33608 3.75002 9.25038e-05
12 0.338501 3.75002 5.7547e-05
13 0.330752 3.75002 5.01646e-05
14 0.321582 3.75002 4.56686e-05
15 0.311579 3.75002 5.86402e-05
16 0.303499 3.75002 4.60883e-05
17 0.295424 3.75002 6.18632e-05
18 0.287819 3.75002 4.06397e-05
19 0.279567 3.75002 6.25375e-05
20 0.270875 3.75002 2.92611e-05
min energy  # max energy
-6.91174 3.75002
