Initial energy of the MPS: 0.0616828
# DMRG Sweep # Mid bond EE # Energy # Std #
0 0.0467785 -5.04472 2.74235
1 0.592302 -6.91174 1.27001e-06
Initial energy of the MPS: 0.176844
# DMRG Sweep # Mid bond EE # Energy # Std #
0 0.044448 3.52382 0.477573
1 0.113277 3.75001 0.00037112
2 0.201197 3.75001 0.000118438
3 0.216812 3.75001 0.000170582
4 0.222685 3.75002 0.000619013
5 0.186765 3.75002 0.000193989
6 0.226962 3.75002 0.000108376
7 0.239571 3.75002 9.39837e-05
8 0.239103 3.75002 0.000122012
9 0.234968 3.75002 0.000165101
10 0.2301 3.75002 0.000240071
11 0.224368 3.75002 0.000356294
12 0.225795 3.75002 0.000357687
13 0.234692 3.75002 0.000302232
14 0.245063 3.75002 0.000213432
15 0.247676 3.75002 0.000163502
16 0.240688 3.75002 0.00013518
17 0.227927 3.75002 0.000111585
18 0.217454 3.75002 9.73593e-05
19 0.205644 3.75002 8.85705e-05
20 0.195238 3.75002 6.86576e-05
21 0.183922 3.75002 5.93342e-05
22 0.172228 3.75002 4.95168e-05
23 0.159297 3.75002 4.62216e-05
24 0.147099 3.75002 4.94647e-05
25 0.136003 3.75002 5.18599e-05
26 0.127493 3.75002 4.82984e-05
27 0.119666 3.75002 5.26137e-05
28 0.111225 3.75002 5.18788e-05
29 0.104027 3.75002 4.93341e-05
30 0.0962208 3.75002 5.07179e-05
31 0.0889848 3.75002 4.98066e-05
32 0.0819426 3.75002 5.20174e-05
33 0.0755452 3.75002 4.79348e-05
34 0.0691156 3.75002 4.81169e-05
35 0.0634637 3.75002 4.98404e-05
36 0.0582749 3.75002 4.60521e-05
37 0.0533716 3.75002 4.61818e-05
38 0.0485922 3.75002 4.52505e-05
39 0.0444074 3.75002 4.34933e-05
40 0.040285 3.75002 4.12169e-05
41 0.0366654 3.75002 3.78527e-05
42 0.0333761 3.75002 3.63914e-05
43 0.030308 3.75002 3.44153e-05
44 0.0275171 3.75002 3.48313e-05
45 0.0249169 3.75002 3.4744e-05
46 0.0225308 3.75002 2.89083e-05
min energy  # max energy
-6.91174 3.75002
