Initial energy of the MPS: 0.0616988
# DMRG Sweep # Mid bond EE # Energy # Std #
0 0.0467777 -5.04474 2.74236
1 0.592302 -6.91174 1.26441e-06
Initial energy of the MPS: 0.176847
# DMRG Sweep # Mid bond EE # Energy # Std #
0 0.0443532 3.52336 0.47812
1 0.136108 3.75002 0.000541921
2 0.183014 3.75002 0.000241952
3 0.219965 3.75002 0.000823346
4 0.179901 3.75002 0.000330157
5 0.26144 3.75002 0.000466397
6 0.264589 3.75003 0.000233754
7 0.275757 3.75003 7.62213e-05
8 0.27596 3.75003 9.46827e-05
9 0.262878 3.75003 8.44603e-05
10 0.251707 3.75003 8.92761e-05
11 0.238106 3.75003 8.65781e-05
12 0.226325 3.75003 8.0128e-05
13 0.211377 3.75003 9.55295e-05
14 0.193996 3.75003 9.82153e-05
15 0.180155 3.75003 9.53086e-05
16 0.166666 3.75003 9.28712e-05
17 0.153272 3.75003 0.000100858
18 0.141108 3.75003 0.000124504
19 0.133485 3.75003 0.000128897
20 0.125789 3.75003 0.000106086
21 0.116437 3.75003 9.95085e-05
22 0.108122 3.75003 9.69393e-05
23 0.100084 3.75003 0.000113958
24 0.0930089 3.75003 9.10287e-05
25 0.0861436 3.75003 0.000117388
26 0.0806226 3.75003 9.32413e-05
27 0.0745369 3.75003 9.19366e-05
28 0.0696142 3.75003 9.45264e-05
29 0.0642277 3.75003 0.00010219
30 0.0600008 3.75003 0.000116309
31 0.0560526 3.75003 9.56144e-05
32 0.0522143 3.75003 0.000104937
33 0.0487609 3.75003 7.33369e-05
34 0.0451516 3.75003 8.94836e-05
35 0.042308 3.75003 8.48728e-05
36 0.0396825 3.75003 8.00266e-05
37 0.03707 3.75003 5.83025e-05
38 0.0343735 3.75003 7.09747e-05
39 0.0320607 3.75003 7.8902e-05
40 0.0300376 3.75003 5.18419e-05
41 0.0275936 3.75003 5.30753e-05
42 0.0252374 3.75003 4.62061e-05
43 0.022861 3.75003 5.93423e-05
44 0.0208666 3.75003 4.8466e-05
45 0.0190725 3.75003 4.88107e-05
46 0.0173597 3.75003 5.80447e-05
47 0.01581 3.75003 4.1283e-05
48 0.0143764 3.75003 4.23651e-05
49 0.0130403 3.75003 4.54808e-05
50 0.0118093 3.75003 3.78056e-05
51 0.0107137 3.75003 4.64823e-05
52 0.00972356 3.75003 3.44935e-05
53 0.00873611 3.75003 3.62362e-05
54 0.00786971 3.75003 3.3894e-05
55 0.00707695 3.75003 2.97043e-05
min energy  # max energy
-6.91174 3.75003
