Initial energy of the MPS: 0.0617372
# DMRG Sweep # Mid bond EE # Energy # Std #
0 0.0467775 -5.04468 2.74234
1 0.592302 -6.91174 1.26721e-06
Initial energy of the MPS: 0.176858
# DMRG Sweep # Mid bond EE # Energy # Std #
0 0.0445845 3.52432 0.47763
1 0.126031 3.75005 0.000561072
2 0.175326 3.75005 0.000435124
3 0.185765 3.75007 0.00117795
4 0.14909 3.75007 0.000352919
5 0.184688 3.75007 0.000198687
6 0.158763 3.75007 0.000206363
7 0.134538 3.75007 0.000176102
8 0.114271 3.75007 0.000164773
9 0.0946646 3.75007 0.000140584
10 0.0753277 3.75007 0.000135334
11 0.0584787 3.75007 0.000117968
12 0.044389 3.75007 0.000108079
13 0.0333205 3.75008 9.38663e-05
14 0.0246586 3.75008 8.17402e-05
15 0.0180656 3.75008 6.66283e-05
16 0.0130297 3.75008 5.69942e-05
17 0.00926128 3.75008 6.98128e-05
18 0.00626817 3.75008 5.64595e-05
19 0.0041893 3.75008 3.60502e-05
20 0.00277863 3.75008 2.88628e-05
min energy  # max energy
-6.91174 3.75008
