Initial energy of the MPS: 0.061729
# DMRG Sweep # Mid bond EE # Energy # Std #
0 0.0467802 -5.04468 2.74234
1 0.592302 -6.91174 1.26441e-06
Initial energy of the MPS: 0.176826
# DMRG Sweep # Mid bond EE # Energy # Std #
0 0.0443207 3.52312 0.47804
1 0.131628 3.75005 0.000794943
2 0.170253 3.75005 0.000589464
3 0.199743 3.75006 0.000926057
4 0.182928 3.75006 0.000391443
5 0.192213 3.75006 0.000124806
6 0.19534 3.75006 0.000198885
7 0.173077 3.75007 0.000205992
8 0.156609 3.75007 0.000234199
9 0.131419 3.75007 0.000239944
10 0.118163 3.75007 0.000169612
11 0.0920345 3.75007 0.000217854
12 0.0750299 3.75007 0.000177892
13 0.0585226 3.75007 0.000154404
14 0.0461295 3.75007 0.000147599
15 0.0366189 3.75007 0.000195783
16 0.029049 3.75007 0.000141152
17 0.0222739 3.75007 0.000100384
18 0.0167177 3.75007 8.94405e-05
19 0.0123881 3.75007 0.00010806
20 0.00891098 3.75007 8.65178e-05
21 0.00634704 3.75007 9.71033e-05
22 0.00430164 3.75007 4.59512e-05
23 0.00303403 3.75007 4.93095e-05
24 0.0020677 3.75007 3.70387e-05
25 0.00139861 3.75007 3.39359e-05
26 0.000917486 3.75007 2.9402e-05
min energy  # max energy
-6.91174 3.75007
