Initial energy of the MPS: 0.0616977
# DMRG Sweep # Mid bond EE # Energy # Std #
0 0.0467745 -5.04473 2.74236
1 0.592302 -6.91174 1.29768e-06
Initial energy of the MPS: 0.17684
# DMRG Sweep # Mid bond EE # Energy # Std #
0 0.0445525 3.5235 0.477624
1 0.140219 3.74999 0.00129136
2 0.25672 3.74999 0.000493005
3 0.292503 3.75 0.000414176
4 0.279192 3.75 0.000535213
5 0.283181 3.75 0.000571885
6 0.287724 3.75001 0.000472292
7 0.276153 3.75001 0.000589869
8 0.275073 3.75001 0.000620245
9 0.273879 3.75001 0.000647294
10 0.275249 3.75002 0.000491884
11 0.271857 3.75002 0.00070648
12 0.277418 3.75002 0.000502532
13 0.272114 3.75002 0.000501977
14 0.269734 3.75002 0.000511889
15 0.266675 3.75003 0.000506411
16 0.260936 3.75003 0.000734431
17 0.260749 3.75003 0.000435273
18 0.251064 3.75003 0.000539423
19 0.242849 3.75003 0.000372402
20 0.231163 3.75003 0.000489403
21 0.2196 3.75004 0.000476951
22 0.206501 3.75004 0.000500579
23 0.193497 3.75004 0.000400956
24 0.178749 3.75004 0.000375218
25 0.1644 3.75004 0.00044597
26 0.150504 3.75004 0.000322827
27 0.137194 3.75004 0.000361943
28 0.122781 3.75004 0.000275886
29 0.110791 3.75005 0.000285532
30 0.0990007 3.75005 0.00026009
31 0.0873937 3.75005 0.000332979
32 0.0753012 3.75005 0.000293021
33 0.0650108 3.75005 0.000527578
34 0.0526861 3.75005 0.000339117
35 0.0436819 3.75005 0.000253133
36 0.0365453 3.75005 0.000238631
37 0.0304433 3.75005 0.000200593
38 0.0252783 3.75005 0.000142818
39 0.0207335 3.75005 0.000199482
40 0.0170052 3.75005 0.0001164
41 0.0138265 3.75005 0.000121163
42 0.0111226 3.75005 9.7754e-05
43 0.00898737 3.75005 9.37115e-05
44 0.00736173 3.75005 8.4464e-05
45 0.00607197 3.75005 9.31596e-05
46 0.00515218 3.75005 9.449e-05
47 0.00472197 3.75005 0.000114243
48 0.00541107 3.75005 0.000107621
49 0.00694969 3.75005 7.6323e-05
50 0.00739084 3.75005 6.70097e-05
51 0.00742375 3.75005 7.95329e-05
52 0.0079464 3.75005 7.89737e-05
53 0.00833839 3.75006 7.31926e-05
54 0.00911848 3.75006 7.36957e-05
55 0.00940751 3.75006 5.6476e-05
56 0.00851927 3.75006 5.9557e-05
57 0.00829177 3.75006 6.66491e-05
58 0.00818793 3.75006 6.97904e-05
59 0.00767413 3.75006 6.33695e-05
60 0.00729766 3.75006 5.71962e-05
61 0.00668439 3.75006 6.25899e-05
62 0.00644822 3.75006 5.60914e-05
63 0.00597241 3.75006 5.22962e-05
64 0.00546093 3.75006 4.53197e-05
65 0.00483072 3.75006 4.43771e-05
66 0.00423742 3.75006 4.43826e-05
67 0.00376802 3.75006 3.14943e-05
68 0.0031345 3.75006 3.92842e-05
69 0.00271446 3.75006 2.44854e-05
min energy  # max energy
-6.91174 3.75006
