Initial energy of the MPS: 0.0616734
# DMRG Sweep # Mid bond EE # Energy # Std #
0 0.0467758 -5.04474 2.74236
1 0.592302 -6.91174 1.31941e-06
Initial energy of the MPS: 0.176822
# DMRG Sweep # Mid bond EE # Energy # Std #
0 0.0443274 3.52283 0.478138
1 0.146879 3.75 0.000844231
2 0.283879 3.75 0.000219666
3 0.321679 3.75 0.000157687
4 0.318409 3.75 0.000190664
5 0.324549 3.75 0.000192868
6 0.32515 3.75 0.000171996
7 0.317769 3.75 0.000199228
8 0.315701 3.75 0.000223597
9 0.316462 3.75 0.000235104
10 0.317361 3.75 0.000205642
11 0.310668 3.75 0.000316252
12 0.318938 3.75 0.000268579
13 0.319487 3.75 0.000246852
14 0.316802 3.75 0.000223909
15 0.312311 3.75 0.000228774
16 0.307655 3.75001 0.000238196
17 0.303738 3.75001 0.000246784
18 0.300322 3.75001 0.000226148
19 0.295754 3.75001 0.000228396
20 0.290944 3.75001 0.000237977
21 0.287246 3.75001 0.000239455
22 0.283354 3.75001 0.000255644
23 0.279773 3.75001 0.000321671
24 0.279135 3.75001 0.000252405
25 0.275901 3.75001 0.000242521
26 0.271985 3.75001 0.000249539
27 0.26833 3.75001 0.000274761
28 0.265463 3.75001 0.000327415
29 0.261981 3.75001 0.000246487
30 0.258025 3.75001 0.000242754
31 0.253398 3.75001 0.000288665
32 0.249585 3.75001 0.000240187
33 0.245221 3.75001 0.000237742
34 0.240634 3.75001 0.000226507
35 0.236187 3.75001 0.000712365
36 0.272919 3.75001 0.000137815
37 0.263979 3.75001 0.000156271
38 0.255998 3.75001 0.000154007
39 0.248289 3.75002 0.000185592
40 0.241447 3.75002 0.000157951
41 0.234237 3.75002 0.000204935
42 0.226763 3.75002 0.000191521
43 0.219253 3.75002 0.000210747
44 0.212163 3.75002 0.000615656
45 0.229666 3.75002 0.000376405
46 0.232356 3.75002 8.97176e-05
47 0.221481 3.75002 9.06823e-05
48 0.212037 3.75002 0.000319076
49 0.20845 3.75002 9.47526e-05
50 0.19821 3.75002 0.000103455
51 0.189316 3.75002 0.00010382
52 0.181346 3.75002 0.000107534
53 0.173557 3.75002 0.00012161
54 0.165442 3.75002 0.000128224
55 0.157451 3.75002 0.000141488
56 0.150004 3.75002 0.000134596
57 0.14328 3.75002 0.000142794
58 0.136472 3.75002 0.000148443
59 0.12917 3.75002 0.00014591
60 0.122406 3.75002 0.000140953
61 0.11604 3.75002 0.000129801
62 0.110259 3.75002 0.000140585
63 0.104249 3.75002 0.000142665
64 0.0982885 3.75002 0.000144421
65 0.0926402 3.75002 0.000130709
66 0.0875329 3.75002 0.000130681
67 0.0825367 3.75002 0.000119902
68 0.078072 3.75002 0.000127789
69 0.0731569 3.75002 0.000123513
70 0.0686225 3.75002 0.000112254
71 0.0643264 3.75002 0.00011588
72 0.0604459 3.75002 0.000109988
73 0.0564941 3.75002 0.000137543
74 0.0522018 3.75002 0.000114322
75 0.0486582 3.75002 0.000109974
76 0.0450828 3.75002 0.000122248
77 0.0417991 3.75002 0.000105964
78 0.0387107 3.75002 9.99054e-05
79 0.0357516 3.75002 7.82168e-05
80 0.0331288 3.75002 7.70119e-05
81 0.0305105 3.75002 7.11308e-05
82 0.0282389 3.75002 8.25005e-05
83 0.0259534 3.75002 7.03497e-05
84 0.0237914 3.75002 6.07948e-05
85 0.0217719 3.75002 5.80784e-05
86 0.0200247 3.75002 5.99447e-05
87 0.0183679 3.75002 5.57759e-05
88 0.0168644 3.75002 5.07772e-05
89 0.0153663 3.75002 4.99577e-05
90 0.0140341 3.75002 5.99338e-05
91 0.0128177 3.75002 5.04761e-05
92 0.0117175 3.75002 4.43842e-05
93 0.0107103 3.75002 4.8207e-05
94 0.00979979 3.75002 4.30413e-05
95 0.00901523 3.75002 4.70851e-05
96 0.00836404 3.75002 4.30134e-05
97 0.00774048 3.75002 4.49458e-05
98 0.00728354 3.75002 3.62956e-05
99 0.00677315 3.75002 3.44862e-05
min energy  # max energy
-6.91174 3.75002
