Initial energy of the MPS: 0.0617259
# DMRG Sweep # Mid bond EE # Energy # Std #
0 0.0467769 -5.04473 2.74236
1 0.592302 -6.91174 1.28392e-06
Initial energy of the MPS: 0.176887
# DMRG Sweep # Mid bond EE # Energy # Std #
0 0.0444144 3.5243 0.478579
1 0.135436 3.75 0.000817953
2 0.281575 3.75 0.000199012
3 0.325063 3.75 0.000124039
4 0.332831 3.75 0.000113999
5 0.335303 3.75 0.000110951
6 0.33365 3.75 0.000111616
7 0.331395 3.75 0.000124455
8 0.332155 3.75 0.000140765
9 0.333351 3.75 0.000151924
10 0.334181 3.75 0.000131649
11 0.33007 3.75 0.000153049
12 0.330087 3.75 0.00016659
13 0.332547 3.75 0.000170945
14 0.334181 3.75 0.000181337
15 0.338517 3.75 0.000185709
16 0.343672 3.75 0.000179141
17 0.345553 3.75 0.000190908
18 0.350276 3.75 0.000247342
19 0.367378 3.75 0.000186782
20 0.370634 3.75 0.000265374
21 0.396777 3.75 0.000325708
22 0.440853 3.75 0.000262564
23 0.461476 3.75 0.000251519
24 0.489386 3.75 0.000185152
25 0.499202 3.75 0.000203329
26 0.520595 3.75 0.000181722
27 0.534065 3.75 0.000180161
28 0.557107 3.75001 0.00013635
29 0.558276 3.75001 0.00013998
30 0.560622 3.75001 0.000138328
31 0.562151 3.75001 0.000142683
32 0.568537 3.75001 0.000137853
33 0.572559 3.75001 0.000145601
34 0.579209 3.75001 0.000120965
35 0.578053 3.75001 0.0001313
36 0.58315 3.75001 0.000105806
37 0.579294 3.75001 0.000115429
38 0.579521 3.75001 0.000111457
39 0.578544 3.75001 0.000114561
40 0.578347 3.75001 0.000110561
41 0.571899 3.75001 0.000116458
42 0.572369 3.75001 0.000116315
43 0.56502 3.75001 0.000116923
44 0.560516 3.75001 0.000116769
45 0.554823 3.75001 0.000125481
46 0.553357 3.75001 0.000120423
47 0.54741 3.75001 0.000117579
48 0.541991 3.75001 0.000107094
49 0.543789 3.75001 9.9568e-05
50 0.535559 3.75001 0.000115338
51 0.529419 3.75001 0.000102286
52 0.522834 3.75001 0.000110671
53 0.515149 3.75001 0.000117316
54 0.512068 3.75001 0.000114486
55 0.50532 3.75001 0.000116675
56 0.500982 3.75001 9.97063e-05
57 0.490428 3.75001 0.000123799
58 0.487822 3.75001 0.000111317
59 0.482147 3.75001 0.00011756
60 0.479234 3.75001 0.000104917
61 0.469058 3.75001 0.00011559
62 0.463371 3.75001 0.000106996
63 0.454604 3.75001 0.000136019
64 0.454579 3.75001 0.000105835
65 0.444841 3.75001 0.000120948
66 0.440051 3.75001 0.000123601
67 0.435026 3.75001 0.000118351
68 0.428407 3.75001 0.000106301
69 0.419107 3.75001 0.000120628
70 0.413714 3.75001 0.000110566
71 0.406958 3.75001 0.000108713
72 0.397376 3.75001 0.000130921
73 0.391385 3.75001 0.000121695
74 0.385797 3.75001 0.00012313
75 0.379327 3.75001 0.00011638
76 0.371898 3.75001 0.00011659
77 0.362759 3.75001 0.000104413
78 0.354363 3.75001 0.000125211
79 0.346512 3.75001 0.000114456
80 0.339651 3.75001 0.000132017
81 0.334964 3.75001 0.000110423
82 0.327175 3.75001 0.000110027
83 0.318362 3.75001 0.000113579
84 0.310814 3.75001 0.000109101
85 0.303622 3.75001 0.0001337
86 0.296858 3.75001 0.000117851
87 0.290601 3.75001 0.000113933
88 0.284033 3.75001 0.00011877
89 0.277655 3.75001 0.000104563
90 0.270091 3.75001 0.000157833
91 0.268827 3.75001 0.000132222
92 0.266006 3.75001 8.5614e-05
93 0.257569 3.75001 9.49607e-05
94 0.250252 3.75001 9.68022e-05
95 0.243267 3.75001 0.000119292
96 0.239029 3.75001 0.000108683
97 0.235315 3.75001 0.000105337
98 0.229635 3.75001 0.000123987
99 0.229176 3.75001 8.09093e-05
min energy  # max energy
-6.91174 3.75001
