Initial energy of the MPS: 0.0616927
# DMRG Sweep # Mid bond EE # Energy # Std #
0 0.0467834 -5.04474 2.74236
1 0.592302 -6.91174 1.28115e-06
Initial energy of the MPS: 0.176848
# DMRG Sweep # Mid bond EE # Energy # Std #
0 0.0444549 3.52379 0.478112
1 0.128187 3.74997 0.00224566
2 0.231279 3.75001 0.00199523
3 0.287054 3.75003 0.00182081
4 0.293078 3.75005 0.00116737
5 0.292061 3.75007 0.00145479
6 0.295343 3.75009 0.00199774
7 0.298984 3.75011 0.00200247
8 0.292808 3.75012 0.0019817
9 0.271069 3.75014 0.00153278
10 0.253132 3.75015 0.0012021
11 0.182557 3.75016 0.000873634
12 0.121595 3.75016 0.00086244
13 0.0763674 3.75017 0.000794672
14 0.0428093 3.75017 0.000700324
15 0.0195706 3.75018 0.000326638
16 0.00821756 3.75018 0.000198491
17 0.00379106 3.75018 0.000113979
18 0.00160549 3.75018 0.000107817
19 0.00136899 3.75018 9.63235e-05
20 0.00113896 3.75018 7.94142e-05
21 0.000811908 3.75018 6.41614e-05
22 0.000495914 3.75018 5.59877e-05
23 0.000250789 3.75018 3.26574e-05
24 0.000115548 3.75018 3.00731e-05
25 6.17499e-05 3.75018 1.18523e-05
min energy  # max energy
-6.91174 3.75018
