Initial energy of the MPS: 0.0617106
# DMRG Sweep # Mid bond EE # Energy # Std #
0 0.0467832 -5.04473 2.74236
1 0.592302 -6.91174 1.27281e-06
Initial energy of the MPS: 0.176816
# DMRG Sweep # Mid bond EE # Energy # Std #
0 0.044534 3.52269 0.478019
1 0.149212 3.74999 0.00146786
2 0.224851 3.75 0.000589981
3 0.256876 3.75 0.000591664
4 0.252634 3.75001 0.00067935
5 0.259469 3.75001 0.000694115
6 0.262173 3.75002 0.00067631
7 0.26058 3.75002 0.000585535
8 0.253661 3.75002 0.000574294
9 0.249611 3.75003 0.000518595
10 0.245022 3.75003 0.000497762
11 0.24105 3.75003 0.000520402
12 0.233691 3.75003 0.0004987
13 0.226432 3.75004 0.000516384
14 0.21853 3.75004 0.000719545
15 0.213642 3.75004 0.000474198
16 0.20192 3.75004 0.000726656
17 0.191999 3.75004 0.000518832
18 0.178579 3.75005 0.00095732
19 0.174903 3.75005 0.000752652
20 0.165623 3.75005 0.000347741
21 0.148854 3.75005 0.000487466
22 0.133919 3.75005 0.000524132
23 0.120281 3.75006 0.000565014
24 0.108624 3.75006 0.000490079
25 0.0964675 3.75006 0.000452133
26 0.0851372 3.75006 0.00031125
27 0.0729009 3.75006 0.000418353
28 0.06534 3.75006 0.000306383
29 0.0558119 3.75006 0.000299661
30 0.0479714 3.75006 0.000309719
31 0.0435668 3.75006 0.000212266
32 0.0372861 3.75006 0.000188182
33 0.031516 3.75006 0.000205136
34 0.0278477 3.75006 0.000140634
35 0.0232136 3.75007 0.000141315
36 0.0194295 3.75007 0.000147188
37 0.0175561 3.75007 0.00015519
38 0.0170335 3.75007 0.000234757
39 0.0153543 3.75007 0.00031947
40 0.0137587 3.75007 0.000242325
41 0.014423 3.75007 0.000115817
42 0.0134824 3.75007 4.89004e-05
43 0.00957951 3.75007 3.17799e-05
44 0.00659588 3.75007 2.74828e-05
min energy  # max energy
-6.91174 3.75007
