Initial energy of the MPS: 0.0617013
# DMRG Sweep # Mid bond EE # Energy # Std #
0 0.046779 -5.0447 2.74234
1 0.592302 -6.91174 1.27001e-06
Initial energy of the MPS: 0.176857
# DMRG Sweep # Mid bond EE # Energy # Std #
0 0.0443891 3.52352 0.478231
1 0.129008 3.74998 0.00176668
2 0.235082 3.75 0.00113271
3 0.270776 3.75001 0.00106741
4 0.272108 3.75002 0.00110775
5 0.278189 3.75002 0.000791023
6 0.272499 3.75003 0.000724864
7 0.271158 3.75004 0.000915586
8 0.271944 3.75004 0.00110999
9 0.271655 3.75005 0.00111866
10 0.266342 3.75006 0.00163395
11 0.285491 3.75006 0.000913084
12 0.25946 3.75007 0.000856977
13 0.22902 3.75007 0.00119356
14 0.201111 3.75008 0.000926176
15 0.16832 3.75008 0.000676224
16 0.13731 3.75009 0.000704397
17 0.108709 3.75009 0.000490229
18 0.0843995 3.75009 0.000446985
19 0.063567 3.7501 0.000439056
20 0.0454904 3.7501 0.000389597
21 0.031026 3.7501 0.000390271
22 0.0197816 3.7501 0.000417018
23 0.0116782 3.7501 0.00044476
24 0.00841639 3.7501 0.000120488
25 0.00600822 3.7501 0.000123653
26 0.00455092 3.7501 0.000116602
27 0.00398614 3.7501 0.000138318
28 0.0041368 3.7501 0.000239193
29 0.0086911 3.7501 0.000201077
30 0.0129616 3.75011 0.000142966
31 0.0138133 3.75011 0.000126214
32 0.0126561 3.75011 8.21415e-05
33 0.00977737 3.75011 7.0479e-05
34 0.0074736 3.75011 5.57759e-05
35 0.0056221 3.75011 4.58694e-05
36 0.00422517 3.75011 4.66248e-05
37 0.00319127 3.75011 4.12468e-05
38 0.0023962 3.75011 4.05563e-05
39 0.00175828 3.75011 3.59003e-05
40 0.00130299 3.75011 2.96413e-05
min energy  # max energy
-6.91174 3.75011
