Initial energy of the MPS: 0.0617166
# DMRG Sweep # Mid bond EE # Energy # Std #
0 0.0467777 -5.04474 2.74236
1 0.592302 -6.91174 1.25877e-06
Initial energy of the MPS: 0.176816
# DMRG Sweep # Mid bond EE # Energy # Std #
0 0.0444805 3.52429 0.477969
1 0.125207 3.74999 0.00122767
2 0.288445 3.74999 0.000588777
3 0.32561 3.75 0.00056927
4 0.345636 3.75 0.000390881
5 0.322922 3.75 0.000605447
6 0.326161 3.75 0.000619595
7 0.3274 3.75001 0.000808511
8 0.345378 3.75001 0.000421149
9 0.335206 3.75001 0.000536511
10 0.333779 3.75001 0.000555961
11 0.335014 3.75002 0.000454053
12 0.331681 3.75002 0.000616696
13 0.329184 3.75002 0.00046857
14 0.325989 3.75002 0.000483682
15 0.322825 3.75002 0.000480661
16 0.319082 3.75002 0.000497955
17 0.313325 3.75003 0.000548797
18 0.305871 3.75003 0.000443896
19 0.296297 3.75003 0.000449553
20 0.285787 3.75003 0.00052185
21 0.273522 3.75003 0.000445293
22 0.260537 3.75003 0.000447892
23 0.246284 3.75004 0.000444153
24 0.230968 3.75004 0.000407118
25 0.215488 3.75004 0.000481495
26 0.19792 3.75004 0.00040334
27 0.18096 3.75004 0.000377263
28 0.165183 3.75004 0.000349043
29 0.149842 3.75004 0.00036818
30 0.134183 3.75004 0.000385086
31 0.118637 3.75005 0.000457474
32 0.101285 3.75005 0.000360887
33 0.0876628 3.75005 0.000415968
34 0.0741228 3.75005 0.00036953
35 0.0620911 3.75005 0.000401356
36 0.0511693 3.75005 0.000345994
37 0.042862 3.75005 0.000250661
38 0.0364072 3.75005 0.00020435
39 0.0309634 3.75005 0.000236467
40 0.0267162 3.75005 0.000261345
41 0.0237842 3.75005 0.000158942
42 0.0208628 3.75005 0.000155921
43 0.018731 3.75006 0.000155909
44 0.0170767 3.75006 0.000120075
45 0.0152997 3.75006 0.00011883
46 0.013979 3.75006 0.000166792
47 0.0138995 3.75006 0.000109967
48 0.0127406 3.75006 0.000110938
49 0.0119827 3.75006 0.000115665
50 0.0117296 3.75006 0.000116734
51 0.0115893 3.75006 0.000118837
52 0.0121199 3.75006 0.000126176
53 0.013055 3.75006 0.000169414
54 0.0167926 3.75006 0.000144671
55 0.0223987 3.75006 8.73135e-05
56 0.0251229 3.75006 6.8654e-05
57 0.0241701 3.75006 6.5206e-05
58 0.0226836 3.75006 5.18602e-05
59 0.0209284 3.75006 4.74024e-05
60 0.018941 3.75006 4.6153e-05
61 0.0169368 3.75006 4.55836e-05
62 0.0150701 3.75006 3.42936e-05
63 0.0129653 3.75006 3.40809e-05
64 0.0111339 3.75006 3.00286e-05
65 0.0095927 3.75006 2.65915e-05
min energy  # max energy
-6.91174 3.75006
