Initial energy of the MPS: 0.061675
# DMRG Sweep # Mid bond EE # Energy # Std #
0 0.0467749 -5.0447 2.74234
1 0.592302 -6.91174 1.24743e-06
Initial energy of the MPS: 0.176844
# DMRG Sweep # Mid bond EE # Energy # Std #
0 0.0443749 3.52338 0.477758
1 0.126145 3.74998 0.00164946
2 0.252221 3.74999 0.00100052
3 0.281068 3.75 0.00077867
4 0.267856 3.75001 0.00143339
5 0.310685 3.75002 0.000721099
6 0.30098 3.75002 0.000587194
7 0.296251 3.75003 0.000881681
8 0.299189 3.75003 0.000771006
9 0.299193 3.75004 0.000825757
10 0.297097 3.75004 0.000864942
11 0.289361 3.75005 0.000834757
12 0.275673 3.75005 0.000760173
13 0.25893 3.75005 0.000741716
14 0.237967 3.75006 0.000728357
15 0.213871 3.75006 0.000769196
16 0.184068 3.75007 0.000891811
17 0.152744 3.75007 0.00070401
18 0.123924 3.75007 0.000788116
19 0.0961603 3.75008 0.000629628
20 0.0740187 3.75008 0.000991148
21 0.0509106 3.75008 0.000315612
22 0.036253 3.75009 0.000257761
23 0.0251322 3.75009 0.000325262
24 0.0162814 3.75009 0.000199667
25 0.0099618 3.75009 0.000216333
26 0.00606367 3.75009 0.00023628
27 0.00427625 3.75009 0.000203632
28 0.00409866 3.75009 0.000161618
29 0.00436256 3.75009 0.000151723
30 0.00494138 3.75009 0.000137755
31 0.00498898 3.75009 0.000113952
32 0.00452607 3.75009 0.000130518
33 0.00405744 3.75009 9.01635e-05
34 0.00318838 3.75009 8.30435e-05
35 0.00249435 3.75009 6.89789e-05
36 0.0018503 3.75009 5.41596e-05
37 0.00139592 3.75009 4.53865e-05
38 0.00103967 3.75009 4.10276e-05
39 0.000824382 3.75009 3.51567e-05
40 0.00066686 3.75009 3.44431e-05
41 0.000598054 3.75009 3.17565e-05
42 0.000575515 3.75009 3.57421e-05
43 0.000594865 3.75009 4.14533e-05
44 0.000693156 3.75009 5.14061e-05
45 0.0008389 3.75009 6.4763e-05
46 0.000961341 3.75009 5.75884e-05
47 0.00107768 3.75009 4.92785e-05
48 0.000924308 3.75009 5.10456e-05
49 0.000839889 3.75009 3.51796e-05
50 0.000637924 3.75009 3.59569e-05
51 0.000525973 3.75009 3.08227e-05
52 0.000452046 3.75009 2.29689e-05
min energy  # max energy
-6.91174 3.75009
