Initial energy of the MPS: 0.0617039
# DMRG Sweep # Mid bond EE # Energy # Std #
0 0.0467759 -5.04469 2.74234
1 0.592302 -6.91174 1.30315e-06
Initial energy of the MPS: 0.176845
# DMRG Sweep # Mid bond EE # Energy # Std #
0 0.0444186 3.52421 0.478399
1 0.132563 3.75007 0.00135238
2 0.162382 3.75008 0.000850681
3 0.177267 3.75009 0.000666138
4 0.168692 3.7501 0.000317953
5 0.161596 3.7501 0.00029474
6 0.15133 3.7501 0.000230394
7 0.132887 3.7501 0.000199044
8 0.115305 3.7501 0.000185905
9 0.096359 3.75011 0.000143771
10 0.0843528 3.75011 9.57927e-05
11 0.0752538 3.75011 0.000102941
12 0.0640301 3.75011 6.9884e-05
13 0.0546491 3.75011 7.32908e-05
14 0.0446671 3.75011 8.46928e-05
15 0.0333705 3.75011 7.4861e-05
16 0.0241172 3.75011 6.54985e-05
17 0.0169223 3.75011 5.37218e-05
18 0.0116283 3.75011 4.44189e-05
19 0.00770746 3.75011 3.74691e-05
20 0.00487069 3.75011 3.47778e-05
21 0.00292592 3.75011 2.57935e-05
min energy  # max energy
-6.91174 3.75011
