Initial energy of the MPS: 0.0616982
# DMRG Sweep # Mid bond EE # Energy # Std #
0 0.0467782 -5.04471 2.74235
1 0.592302 -6.91174 1.26441e-06
Initial energy of the MPS: 0.176872
# DMRG Sweep # Mid bond EE # Energy # Std #
0 0.0443849 3.52311 0.478394
1 0.143565 3.74999 0.000987925
2 0.272351 3.75 0.000306766
3 0.309825 3.75 0.000253641
4 0.310363 3.75 0.000343514
5 0.325667 3.75 0.000266673
6 0.316436 3.75 0.000342104
7 0.317356 3.75 0.000338588
8 0.316708 3.75 0.000367819
9 0.319747 3.75 0.000320185
10 0.3122 3.75001 0.000400777
11 0.311096 3.75001 0.000338904
12 0.305517 3.75001 0.000367463
13 0.301134 3.75001 0.000370467
14 0.299608 3.75001 0.000343345
15 0.294593 3.75001 0.000324869
16 0.289812 3.75001 0.000343953
17 0.285188 3.75001 0.00034947
18 0.281592 3.75001 0.000425904
19 0.27974 3.75001 0.000319434
20 0.27572 3.75002 0.000337525
21 0.270783 3.75002 0.000303045
22 0.265363 3.75002 0.000361128
23 0.260648 3.75002 0.00034647
24 0.254266 3.75002 0.000393799
25 0.247671 3.75002 0.000276937
26 0.241358 3.75002 0.000348635
27 0.233418 3.75002 0.000354961
28 0.226795 3.75002 0.000304325
29 0.218477 3.75002 0.000245313
30 0.210608 3.75002 0.000296162
31 0.202085 3.75002 0.000275957
32 0.194014 3.75002 0.000252035
33 0.185217 3.75002 0.000246973
34 0.17678 3.75002 0.000275954
35 0.167324 3.75003 0.000278806
36 0.157837 3.75003 0.000255364
37 0.148214 3.75003 0.000297283
38 0.137545 3.75003 0.000265585
39 0.127045 3.75003 0.000327651
40 0.11625 3.75003 0.000335942
41 0.105342 3.75003 0.000327192
42 0.0952501 3.75003 0.000353283
43 0.085823 3.75003 0.000264217
44 0.0781553 3.75003 0.000243602
45 0.07135 3.75003 0.000220037
46 0.0648322 3.75003 0.00020073
47 0.0591602 3.75003 0.000181878
48 0.0539448 3.75003 0.000212614
49 0.0487573 3.75003 0.000144125
50 0.0442957 3.75003 0.000150095
51 0.0398893 3.75003 0.000122844
52 0.0356551 3.75003 0.00011382
53 0.0318757 3.75003 0.000125506
54 0.0281717 3.75003 9.90887e-05
55 0.0248254 3.75003 0.00010839
56 0.0218452 3.75003 8.50578e-05
57 0.0191425 3.75003 9.16488e-05
58 0.0166569 3.75003 7.50946e-05
59 0.0144584 3.75003 9.43378e-05
60 0.0124335 3.75003 6.52724e-05
61 0.0106605 3.75003 7.5499e-05
62 0.00907486 3.75003 7.37746e-05
63 0.00775266 3.75003 6.13159e-05
64 0.00666442 3.75003 5.36183e-05
65 0.00565055 3.75003 5.63814e-05
66 0.00481498 3.75003 5.49779e-05
67 0.00415475 3.75004 4.92162e-05
68 0.00365046 3.75004 4.65766e-05
69 0.00323011 3.75004 5.23764e-05
70 0.00296826 3.75004 8.34e-05
71 0.00336522 3.75004 7.16852e-05
72 0.00385322 3.75004 9.02028e-05
73 0.00573568 3.75004 7.37615e-05
74 0.00735661 3.75004 5.80621e-05
75 0.00826201 3.75004 5.53705e-05
76 0.00900085 3.75004 7.12265e-05
77 0.0121761 3.75004 5.96026e-05
78 0.012779 3.75004 4.95961e-05
79 0.0124085 3.75004 4.4509e-05
80 0.0117296 3.75004 3.97392e-05
81 0.0109768 3.75004 4.07978e-05
82 0.010278 3.75004 3.43265e-05
83 0.00933591 3.75004 3.23114e-05
84 0.0084997 3.75004 3.22152e-05
85 0.00766085 3.75004 3.33089e-05
86 0.00676467 3.75004 2.82104e-05
min energy  # max energy
-6.91174 3.75004
