Initial energy of the MPS: 0.0616885
# DMRG Sweep # Mid bond EE # Energy # Std #
0 0.0467761 -5.04468 2.74233
1 0.592302 -6.91174 1.27281e-06
Initial energy of the MPS: 0.176864
# DMRG Sweep # Mid bond EE # Energy # Std #
0 0.044436 3.52421 0.478199
1 0.118742 3.75001 0.000414071
2 0.193501 3.75001 0.0001235
3 0.212593 3.75001 0.000108498
4 0.225684 3.75001 0.000149373
5 0.230179 3.75001 0.000267384
6 0.22734 3.75001 0.000666861
7 0.189371 3.75001 0.000467959
8 0.174934 3.75002 0.000118819
9 0.169233 3.75002 0.000122903
10 0.164772 3.75002 0.000141713
11 0.162292 3.75002 0.000139961
12 0.160503 3.75002 0.000135586
13 0.160324 3.75002 0.000134501
14 0.161757 3.75002 0.00011154
15 0.16099 3.75002 0.000105174
16 0.160566 3.75002 9.87867e-05
17 0.160457 3.75002 9.0516e-05
18 0.160811 3.75002 8.21958e-05
19 0.162103 3.75002 6.2433e-05
20 0.1587 3.75002 6.43457e-05
21 0.15598 3.75002 5.9748e-05
22 0.152993 3.75002 5.86045e-05
23 0.150695 3.75002 5.63525e-05
24 0.149633 3.75002 5.22451e-05
25 0.146898 3.75002 4.54774e-05
26 0.143936 3.75002 4.67207e-05
27 0.141457 3.75002 5.21688e-05
28 0.139881 3.75002 4.19653e-05
29 0.135655 3.75002 4.69826e-05
30 0.131721 3.75002 6.80077e-05
31 0.127958 3.75002 6.95384e-05
32 0.122555 3.75002 8.51226e-05
33 0.116897 3.75002 0.000121167
34 0.109637 3.75002 0.000137437
35 0.1005 3.75002 0.000183875
36 0.092024 3.75002 0.000127816
37 0.089777 3.75002 7.14462e-05
38 0.0933789 3.75002 4.03472e-05
39 0.093 3.75002 2.57202e-05
min energy  # max energy
-6.91174 3.75002
