Initial energy of the MPS: 0.0616697
# DMRG Sweep # Mid bond EE # Energy # Std #
0 0.0467772 -5.04473 2.74236
1 0.592302 -6.91174 1.27281e-06
Initial energy of the MPS: 0.176801
# DMRG Sweep # Mid bond EE # Energy # Std #
0 0.0443487 3.52304 0.47812
1 0.134698 3.75001 0.000388639
2 0.179133 3.75001 8.88607e-05
3 0.215118 3.75001 8.93657e-05
4 0.232438 3.75001 0.000141352
5 0.235736 3.75001 0.00030771
6 0.22023 3.75001 0.000210247
7 0.246104 3.75001 5.6621e-05
8 0.244563 3.75001 0.000219641
9 0.235399 3.75001 0.000122332
10 0.238153 3.75001 0.000100723
11 0.238377 3.75001 9.81682e-05
12 0.237828 3.75001 9.75429e-05
13 0.236793 3.75001 0.000120257
14 0.237498 3.75001 0.000122623
15 0.238819 3.75001 0.000146936
16 0.241786 3.75001 0.000207107
17 0.250394 3.75001 0.000176714
18 0.288412 3.75001 5.67483e-05
19 0.309823 3.75001 2.61612e-05
min energy  # max energy
-6.91174 3.75001
