Initial energy of the MPS: 0.0616794
# DMRG Sweep # Mid bond EE # Energy # Std #
0 0.0467755 -5.0447 2.74234
1 0.592302 -6.91174 1.30315e-06
Initial energy of the MPS: 0.176821
# DMRG Sweep # Mid bond EE # Energy # Std #
0 0.0443497 3.52339 0.477714
1 0.131501 3.75004 0.000920448
2 0.174592 3.75005 0.00050262
3 0.207864 3.75005 0.000505307
4 0.209818 3.75005 0.00041389
5 0.209741 3.75006 0.000253664
6 0.202941 3.75006 0.000242932
7 0.184776 3.75006 0.000241012
8 0.172231 3.75006 0.000237252
9 0.147367 3.75006 0.000254367
10 0.126623 3.75006 0.000275881
11 0.110048 3.75006 0.000262983
12 0.093757 3.75006 0.000248729
13 0.0818292 3.75006 0.000220388
14 0.0704137 3.75006 0.000220763
15 0.0617346 3.75006 0.000187569
16 0.0529048 3.75006 0.000162203
17 0.048088 3.75006 0.000119971
18 0.0398829 3.75006 0.000110901
19 0.033463 3.75006 9.44495e-05
20 0.0280249 3.75006 8.63866e-05
21 0.0234919 3.75006 6.71795e-05
22 0.0189249 3.75006 6.72128e-05
23 0.0156176 3.75006 5.98914e-05
24 0.0133867 3.75006 4.06921e-05
25 0.0103701 3.75006 4.59628e-05
26 0.00837851 3.75006 3.66431e-05
27 0.00657197 3.75006 3.69029e-05
28 0.00519358 3.75006 3.19548e-05
29 0.0040836 3.75006 3.13942e-05
30 0.00327088 3.75006 3.0609e-05
31 0.00273509 3.75006 2.25722e-05
min energy  # max energy
-6.91174 3.75006
