Initial energy of the MPS: 0.0616747
# DMRG Sweep # Mid bond EE # Energy # Std #
0 0.0467797 -5.04471 2.74235
1 0.592302 -6.91174 1.32209e-06
Initial energy of the MPS: 0.176889
# DMRG Sweep # Mid bond EE # Energy # Std #
0 0.0443174 3.52338 0.477956
1 0.131893 3.74998 0.00220538
2 0.218413 3.75002 0.00235761
3 0.287714 3.75004 0.00144991
4 0.27435 3.75006 0.00139427
5 0.271328 3.75008 0.00162521
6 0.265788 3.75011 0.0018946
7 0.247919 3.75012 0.00171287
8 0.208647 3.75015 0.00212604
9 0.244785 3.75016 0.0012423
10 0.163446 3.75017 0.00125494
11 0.105037 3.75018 0.000697676
12 0.0628675 3.75018 0.000657757
13 0.035369 3.75019 0.000831085
14 0.0179228 3.75019 0.000346972
15 0.00985605 3.75019 0.000259511
16 0.00632007 3.75019 0.000237129
17 0.00588731 3.75019 0.000174267
18 0.00598656 3.75019 0.000149728
19 0.00608384 3.75019 0.000107787
20 0.00603174 3.75019 5.13269e-05
21 0.00517442 3.75019 4.27523e-05
22 0.00356958 3.75019 2.74805e-05
min energy  # max energy
-6.91174 3.75019
