Initial energy of the MPS: 0.0616886
# DMRG Sweep # Mid bond EE # Energy # Std #
0 0.0467731 -5.04468 2.74233
1 0.592302 -6.91174 1.28392e-06
Initial energy of the MPS: 0.176898
# DMRG Sweep # Mid bond EE # Energy # Std #
0 0.0444756 3.52365 0.4778
1 0.124034 3.74998 0.00130459
2 0.251847 3.74999 0.000814616
3 0.267481 3.75 0.000988406
4 0.301607 3.75001 0.000620432
5 0.276505 3.75002 0.00100801
6 0.279505 3.75002 0.000686867
7 0.270783 3.75003 0.00081658
8 0.267936 3.75003 0.00102271
9 0.269465 3.75004 0.000906341
10 0.263139 3.75004 0.00103791
11 0.257892 3.75005 0.00153571
12 0.286001 3.75005 0.00083186
13 0.266679 3.75006 0.000959954
14 0.253385 3.75006 0.00094381
15 0.241594 3.75007 0.000928984
16 0.229022 3.75007 0.000785855
17 0.216622 3.75007 0.000640248
18 0.19575 3.75008 0.000679189
19 0.18226 3.75008 0.000365569
20 0.151915 3.75008 0.000395456
21 0.128484 3.75008 0.000398228
22 0.107501 3.75008 0.000411055
23 0.0882466 3.75008 0.000431214
24 0.0734349 3.75009 0.000479439
25 0.0606651 3.75009 0.000435072
26 0.0602052 3.75009 0.000214552
27 0.0470496 3.75009 0.000194988
28 0.0397324 3.75009 0.000164894
29 0.0328355 3.75009 0.000196729
30 0.0263295 3.75009 0.000150221
31 0.021216 3.75009 0.000115524
32 0.0166965 3.75009 0.00010443
33 0.0130213 3.75009 8.09006e-05
34 0.00973751 3.75009 6.6494e-05
35 0.00743552 3.75009 7.18858e-05
36 0.00566624 3.75009 5.24295e-05
37 0.00431726 3.75009 5.47656e-05
38 0.00329096 3.75009 4.07937e-05
39 0.00241846 3.75009 3.84055e-05
40 0.00183725 3.75009 3.73496e-05
41 0.00138165 3.75009 3.11201e-05
42 0.00104847 3.75009 2.40079e-05
min energy  # max energy
-6.91174 3.75009
