Initial energy of the MPS: 0.0617366
# DMRG Sweep # Mid bond EE # Energy # Std #
0 0.0467786 -5.04471 2.74234
1 0.592302 -6.91174 1.25312e-06
Initial energy of the MPS: 0.176869
# DMRG Sweep # Mid bond EE # Energy # Std #
0 0.0444851 3.52351 0.477984
1 0.124028 3.75 0.000975356
2 0.300482 3.75 0.000217584
3 0.327384 3.75 0.000178442
4 0.34578 3.75 0.000121717
5 0.341482 3.75 0.000139531
6 0.340459 3.75 0.000148855
7 0.339222 3.75 0.00013326
8 0.334595 3.75 0.000159249
9 0.333397 3.75 0.000184655
10 0.337498 3.75 0.000158381
11 0.335012 3.75 0.000157194
12 0.331624 3.75 0.000253971
13 0.345022 3.75 0.000145974
14 0.340938 3.75 0.000235555
15 0.350838 3.75 0.000131931
16 0.343934 3.75 0.000159501
17 0.341273 3.75 0.00015682
18 0.337968 3.75 0.000236386
19 0.342795 3.75 0.000160635
20 0.340007 3.75 0.000185151
21 0.339283 3.75 0.000164235
22 0.33729 3.75 0.00015127
23 0.334952 3.75 0.000157955
24 0.332922 3.75 0.000177567
25 0.332055 3.75 0.000143673
26 0.330174 3.75 0.000144158
27 0.328721 3.75 0.000171445
28 0.328306 3.75 0.000147558
29 0.327137 3.75 0.000157085
30 0.32658 3.75 0.000169948
31 0.326433 3.75 0.000164682
32 0.326284 3.75 0.000178536
33 0.326191 3.75 0.000180409
34 0.325923 3.75 0.000144625
35 0.325104 3.75001 0.000144929
36 0.324295 3.75001 0.000162048
37 0.323787 3.75001 0.000157815
38 0.323143 3.75001 0.000147378
39 0.322436 3.75001 0.000187971
40 0.321469 3.75001 0.000194725
41 0.320447 3.75001 0.000157525
42 0.319373 3.75001 0.000157328
43 0.318103 3.75001 0.00016602
44 0.316576 3.75001 0.000151948
45 0.314956 3.75001 0.000149787
46 0.31328 3.75001 0.000143699
47 0.311652 3.75001 0.000171923
48 0.309452 3.75001 0.000154153
49 0.307202 3.75001 0.00017317
50 0.304852 3.75001 0.000150025
51 0.302476 3.75001 0.00016044
52 0.299675 3.75001 0.000149675
53 0.297038 3.75001 0.000195048
54 0.293526 3.75001 0.000149795
55 0.290355 3.75001 0.000142345
56 0.287423 3.75001 0.000177822
57 0.28382 3.75001 0.000173496
58 0.280034 3.75001 0.000165679
59 0.27611 3.75001 0.000145544
60 0.272083 3.75001 0.000146024
61 0.268112 3.75001 0.000147125
62 0.264186 3.75001 0.000141391
63 0.260322 3.75001 0.000158774
64 0.255966 3.75001 0.000146179
65 0.251722 3.75001 0.000145721
66 0.24712 3.75001 0.000134201
67 0.242771 3.75001 0.00016534
68 0.237718 3.75001 0.000132774
69 0.233057 3.75001 0.000143876
70 0.228243 3.75001 0.000162018
71 0.22292 3.75001 0.000137768
72 0.218093 3.75001 0.000155297
73 0.212818 3.75001 0.000135657
74 0.207718 3.75001 0.000129914
75 0.203019 3.75001 0.000136014
76 0.19797 3.75001 0.000137963
77 0.192942 3.75001 0.000144944
78 0.18779 3.75001 0.000138689
79 0.182236 3.75001 0.000146582
80 0.176865 3.75001 0.000151881
81 0.171103 3.75001 0.000167089
82 0.164876 3.75001 0.000162228
83 0.158823 3.75001 0.000148009
84 0.152944 3.75001 0.000218339
85 0.145409 3.75001 0.00014975
86 0.139754 3.75001 0.000219904
87 0.132468 3.75001 0.000143813
88 0.12734 3.75001 0.000173547
89 0.12139 3.75001 0.000110413
90 0.117093 3.75001 0.000159627
91 0.111779 3.75001 0.000112782
92 0.107548 3.75001 0.000147382
93 0.102707 3.75001 0.000117227
94 0.0987069 3.75001 0.000268646
95 0.089982 3.75001 0.000200424
96 0.0849435 3.75001 9.76883e-05
97 0.0821223 3.75001 0.000201613
98 0.0778973 3.75002 0.00015874
99 0.0747805 3.75002 0.000166522
min energy  # max energy
-6.91174 3.75002
