Initial energy of the MPS: 0.061671
# DMRG Sweep # Mid bond EE # Energy # Std #
0 0.0467795 -5.04474 2.74236
1 0.592302 -6.91174 1.28669e-06
Initial energy of the MPS: 0.176827
# DMRG Sweep # Mid bond EE # Energy # Std #
0 0.0444419 3.5234 0.477465
1 0.11018 3.75003 0.000469442
2 0.186942 3.75004 0.000374557
3 0.201317 3.75004 0.000978555
4 0.174747 3.75004 0.000692473
5 0.223787 3.75005 0.000432658
6 0.242248 3.75005 0.000323817
7 0.222881 3.75005 0.000256462
8 0.198771 3.75005 0.000231898
9 0.174915 3.75005 0.000208052
10 0.154206 3.75005 0.00022484
11 0.1364 3.75005 0.000218635
12 0.121866 3.75005 0.00019193
13 0.108137 3.75005 0.000179384
14 0.0960477 3.75005 0.000182168
15 0.0859031 3.75005 0.000183288
16 0.0774436 3.75005 0.000189532
17 0.0708256 3.75005 0.00011597
18 0.0622607 3.75005 0.000114686
19 0.0548563 3.75005 0.000154563
20 0.0495414 3.75005 0.00013421
21 0.044306 3.75005 7.25206e-05
22 0.0383431 3.75005 0.000112008
23 0.0341596 3.75005 6.90393e-05
24 0.0295246 3.75005 7.11144e-05
25 0.0256773 3.75005 7.86991e-05
26 0.0226078 3.75005 6.1815e-05
27 0.0196633 3.75005 5.63612e-05
28 0.0170629 3.75005 5.45919e-05
29 0.0149798 3.75005 4.77013e-05
30 0.0131706 3.75005 3.94083e-05
31 0.0114389 3.75005 3.58355e-05
32 0.0100258 3.75005 3.17477e-05
33 0.00874595 3.75005 2.61022e-05
min energy  # max energy
-6.91174 3.75005
