Initial energy of the MPS: 0.0617409
# DMRG Sweep # Mid bond EE # Energy # Std #
0 0.0467725 -5.04469 2.74233
1 0.592302 -6.91174 1.2922e-06
Initial energy of the MPS: 0.176903
# DMRG Sweep # Mid bond EE # Energy # Std #
0 0.04453 3.52481 0.477833
1 0.114201 3.75002 0.000339705
2 0.193423 3.75003 0.000164621
3 0.195527 3.75003 0.00021173
4 0.200628 3.75003 0.000689742
5 0.176261 3.75003 0.000180187
6 0.205442 3.75003 0.000115283
7 0.20604 3.75003 0.000349268
8 0.195951 3.75003 0.000570297
9 0.197032 3.75003 0.000392463
10 0.229897 3.75003 0.000262656
11 0.227924 3.75004 0.000220802
12 0.218786 3.75004 0.000180036
13 0.203904 3.75004 0.000165725
14 0.186573 3.75004 0.000152054
15 0.171813 3.75004 0.000148483
16 0.153542 3.75004 0.000148708
17 0.138956 3.75004 0.00014796
18 0.125409 3.75004 0.000126493
19 0.111379 3.75004 0.000127579
20 0.0981401 3.75004 0.000122362
21 0.0862597 3.75004 0.000112216
22 0.0751801 3.75004 0.000115635
23 0.0653753 3.75004 0.000105516
24 0.0565748 3.75004 8.81324e-05
25 0.0484914 3.75004 0.000100464
26 0.0417159 3.75004 8.31715e-05
27 0.035646 3.75004 6.37303e-05
28 0.0304924 3.75004 7.10301e-05
29 0.0260877 3.75004 5.59882e-05
30 0.0222839 3.75004 5.90726e-05
31 0.0189811 3.75004 4.42035e-05
32 0.0160794 3.75004 4.47011e-05
33 0.0137137 3.75004 3.65898e-05
34 0.0116678 3.75004 4.77893e-05
35 0.00979469 3.75004 3.14867e-05
36 0.00832178 3.75004 2.77053e-05
min energy  # max energy
-6.91174 3.75004
