Initial energy of the MPS: 0.0617102
# DMRG Sweep # Mid bond EE # Energy # Std #
0 0.0467779 -5.04469 2.74234
1 0.592302 -6.91174 1.25877e-06
Initial energy of the MPS: 0.176873
# DMRG Sweep # Mid bond EE # Energy # Std #
0 0.0444112 3.52434 0.478221
1 0.131037 3.75005 0.000850172
2 0.166223 3.75006 0.000566865
3 0.193728 3.75006 0.000889567
4 0.177207 3.75007 0.000342745
5 0.178269 3.75007 0.00022982
6 0.174979 3.75007 0.000192418
7 0.160003 3.75007 0.000228787
8 0.138506 3.75007 0.000236218
9 0.114197 3.75007 0.000222164
10 0.0900379 3.75007 0.000251843
11 0.0732437 3.75007 0.00024431
12 0.0591414 3.75007 0.000208001
13 0.0458419 3.75008 0.000158389
14 0.0339432 3.75008 0.000147629
15 0.024555 3.75008 0.000161095
16 0.0179601 3.75008 0.000117729
17 0.0127338 3.75008 9.41276e-05
18 0.00872103 3.75008 6.40277e-05
19 0.00570822 3.75008 5.30676e-05
20 0.00367927 3.75008 4.40405e-05
21 0.00236951 3.75008 2.92954e-05
min energy  # max energy
-6.91174 3.75008
