Initial energy of the MPS: 0.0616997
# DMRG Sweep # Mid bond EE # Energy # Std #
0 0.0467814 -5.04471 2.74234
1 0.592302 -6.91174 1.27281e-06
Initial energy of the MPS: 0.176861
# DMRG Sweep # Mid bond EE # Energy # Std #
0 0.0443112 3.52325 0.478504
1 0.145055 3.74999 0.0011456
2 0.256778 3.75 0.000474732
3 0.295815 3.75 0.000433902
4 0.302155 3.75 0.000469756
5 0.294912 3.75 0.00064194
6 0.325716 3.75001 0.000441834
7 0.312813 3.75001 0.000483805
8 0.306685 3.75001 0.000558706
9 0.309042 3.75001 0.000622384
10 0.316211 3.75002 0.000559411
11 0.314421 3.75002 0.000430608
12 0.298446 3.75002 0.000463956
13 0.287833 3.75002 0.000439602
14 0.276047 3.75002 0.000441383
15 0.264731 3.75002 0.000481358
16 0.2543 3.75002 0.000487097
17 0.244371 3.75003 0.000481589
18 0.234307 3.75003 0.000456811
19 0.223008 3.75003 0.000478059
20 0.21164 3.75003 0.00042183
21 0.199475 3.75003 0.000508424
22 0.187403 3.75003 0.000388721
23 0.175721 3.75003 0.00037887
24 0.164013 3.75003 0.000386635
25 0.152046 3.75004 0.000389782
26 0.139723 3.75004 0.00033527
27 0.128229 3.75004 0.000337332
28 0.117012 3.75004 0.000833614
29 0.11673 3.75004 0.000563939
30 0.111888 3.75004 0.000173071
31 0.0971432 3.75004 0.000153816
32 0.0857388 3.75004 0.000148862
33 0.0757387 3.75004 0.000157174
34 0.0673887 3.75004 0.000187895
35 0.0588703 3.75004 0.000185917
36 0.0515869 3.75005 0.000183801
37 0.045184 3.75005 0.000202031
38 0.0385436 3.75005 0.000220219
39 0.0325838 3.75005 0.000193702
40 0.0276189 3.75005 0.000145786
41 0.0232124 3.75005 0.000161418
42 0.0191791 3.75005 0.000196108
43 0.0160268 3.75005 0.000140633
44 0.0136503 3.75005 0.000112753
45 0.0115341 3.75005 9.95954e-05
46 0.00985497 3.75005 7.78553e-05
47 0.00831655 3.75005 7.69456e-05
48 0.00712075 3.75005 7.50136e-05
49 0.00637138 3.75005 5.99096e-05
50 0.00565486 3.75005 5.96185e-05
51 0.00537632 3.75005 5.63859e-05
52 0.00508939 3.75005 5.68473e-05
53 0.0052053 3.75005 5.1213e-05
54 0.00531982 3.75005 5.13703e-05
55 0.00544202 3.75005 4.89819e-05
56 0.00547236 3.75005 4.57929e-05
57 0.00520224 3.75005 5.54147e-05
58 0.00529406 3.75005 6.62369e-05
59 0.00538305 3.75005 7.97283e-05
60 0.00540496 3.75005 0.000165996
61 0.00590275 3.75005 7.52926e-05
62 0.00438331 3.75005 9.32399e-05
63 0.0036301 3.75005 9.09383e-05
64 0.00280147 3.75005 0.000134898
65 0.00347896 3.75005 0.000114133
66 0.00439506 3.75005 9.55779e-05
67 0.00609695 3.75005 6.45267e-05
68 0.00524165 3.75005 2.3293e-05
min energy  # max energy
-6.91174 3.75005
