Initial energy of the MPS: 0.0616784
# DMRG Sweep # Mid bond EE # Energy # Std #
0 0.0467797 -5.0447 2.74234
1 0.592302 -6.91174 1.28945e-06
Initial energy of the MPS: 0.176895
# DMRG Sweep # Mid bond EE # Energy # Std #
0 0.0445339 3.52458 0.478332
1 0.135167 3.75001 0.00043815
2 0.185601 3.75001 0.000142439
3 0.218644 3.75001 0.0004334
4 0.209199 3.75002 0.000551026
5 0.219235 3.75002 0.000648035
6 0.212803 3.75002 0.000203819
7 0.290813 3.75002 8.82279e-05
8 0.291985 3.75002 8.2508e-05
9 0.285858 3.75002 8.23772e-05
10 0.27875 3.75002 8.00873e-05
11 0.265781 3.75002 8.79454e-05
12 0.256657 3.75002 9.59608e-05
13 0.245592 3.75002 9.06439e-05
14 0.23404 3.75002 0.000104263
15 0.225157 3.75002 8.96321e-05
16 0.212537 3.75002 0.00010715
17 0.202412 3.75002 9.38839e-05
18 0.191095 3.75002 0.000103608
19 0.181964 3.75002 9.62531e-05
20 0.171709 3.75002 0.00010173
21 0.162517 3.75002 0.000103619
22 0.154482 3.75002 0.000105804
23 0.146856 3.75002 9.01767e-05
24 0.138563 3.75002 9.8773e-05
25 0.131181 3.75002 0.000117027
26 0.125854 3.75002 9.28122e-05
27 0.119017 3.75002 0.000103984
28 0.113495 3.75002 0.000106524
29 0.108284 3.75002 9.30451e-05
30 0.102915 3.75002 0.000100093
31 0.0981086 3.75002 9.41804e-05
32 0.0941169 3.75002 8.19854e-05
33 0.0895063 3.75002 8.87546e-05
34 0.0860212 3.75002 7.4274e-05
35 0.081133 3.75002 7.9873e-05
36 0.0775299 3.75002 7.67296e-05
37 0.0742709 3.75002 6.73623e-05
38 0.0707693 3.75002 6.35133e-05
39 0.0668338 3.75002 4.59831e-05
40 0.0621122 3.75002 5.35747e-05
41 0.058312 3.75002 6.66452e-05
42 0.0551552 3.75002 5.31921e-05
43 0.0520584 3.75002 5.54894e-05
44 0.0491283 3.75002 5.09054e-05
45 0.046339 3.75002 4.31228e-05
46 0.043228 3.75002 4.70321e-05
47 0.0406879 3.75002 4.04687e-05
48 0.0379 3.75002 4.97044e-05
49 0.0355217 3.75002 3.90296e-05
50 0.0331332 3.75002 4.08921e-05
51 0.0311348 3.75002 3.54526e-05
52 0.0289844 3.75002 3.65556e-05
53 0.0271095 3.75002 3.51507e-05
54 0.0252528 3.75002 3.70105e-05
55 0.0236336 3.75002 3.06995e-05
56 0.0220384 3.75002 3.64273e-05
57 0.0207518 3.75002 2.82267e-05
min energy  # max energy
-6.91174 3.75002
