Initial energy of the MPS: 0.0616649
# DMRG Sweep # Mid bond EE # Energy # Std #
0 0.0467785 -5.04476 2.74237
1 0.592302 -6.91174 1.27281e-06
Initial energy of the MPS: 0.176926
# DMRG Sweep # Mid bond EE # Energy # Std #
0 0.0444446 3.52399 0.478572
1 0.141201 3.75001 0.000416125
2 0.188677 3.75001 0.000147077
3 0.222308 3.75001 0.000482909
4 0.198446 3.75001 0.000579643
5 0.228935 3.75002 0.000224766
6 0.305713 3.75002 6.5406e-05
7 0.307956 3.75002 6.01344e-05
8 0.300879 3.75002 5.9893e-05
9 0.29068 3.75002 6.26913e-05
10 0.28129 3.75002 6.43659e-05
11 0.271865 3.75002 7.68205e-05
12 0.261999 3.75002 7.22987e-05
13 0.250142 3.75002 7.05149e-05
14 0.246834 3.75002 7.21091e-05
15 0.237609 3.75002 6.63536e-05
16 0.229823 3.75002 5.65442e-05
17 0.217063 3.75002 7.32939e-05
18 0.207919 3.75002 6.8338e-05
19 0.19667 3.75002 8.37414e-05
20 0.190845 3.75002 7.0175e-05
21 0.181805 3.75002 6.96142e-05
22 0.172069 3.75002 6.99439e-05
23 0.161974 3.75002 7.50786e-05
24 0.154419 3.75002 7.18505e-05
25 0.146706 3.75002 7.64745e-05
26 0.140711 3.75002 7.83276e-05
27 0.137132 3.75002 6.57874e-05
28 0.130495 3.75002 6.44767e-05
29 0.123724 3.75002 7.82034e-05
30 0.119447 3.75002 5.97041e-05
31 0.112395 3.75002 5.97e-05
32 0.105669 3.75002 5.9904e-05
33 0.0994822 3.75002 6.95953e-05
34 0.0942205 3.75002 6.8482e-05
35 0.0901252 3.75002 6.27352e-05
36 0.0852408 3.75002 6.90479e-05
37 0.0811809 3.75002 6.82686e-05
38 0.0787492 3.75002 5.53087e-05
39 0.0738554 3.75002 6.0047e-05
40 0.0703484 3.75002 6.08271e-05
41 0.0674658 3.75002 6.5624e-05
42 0.0651217 3.75002 5.51265e-05
43 0.0625081 3.75002 5.14781e-05
44 0.0590112 3.75002 5.37936e-05
45 0.056097 3.75002 5.25618e-05
46 0.0533232 3.75002 5.10151e-05
47 0.0506357 3.75002 5.37837e-05
48 0.0493931 3.75002 4.58648e-05
49 0.0464564 3.75002 4.82475e-05
50 0.0446837 3.75002 4.72315e-05
51 0.0420456 3.75002 4.69718e-05
52 0.0403242 3.75002 4.61762e-05
53 0.0380599 3.75002 4.34583e-05
54 0.0362854 3.75002 4.33913e-05
55 0.0345397 3.75002 4.59498e-05
56 0.0334556 3.75002 4.22465e-05
57 0.0318742 3.75002 4.9036e-05
58 0.0316462 3.75002 3.95016e-05
59 0.0304784 3.75002 4.06845e-05
60 0.0300632 3.75002 3.8294e-05
61 0.029519 3.75002 3.59388e-05
62 0.0287128 3.75002 3.47111e-05
63 0.0283597 3.75002 2.93156e-05
min energy  # max energy
-6.91174 3.75002
