Initial energy of the MPS: 0.0617153
# DMRG Sweep # Mid bond EE # Energy # Std #
0 0.0467788 -5.04472 2.74235
1 0.592302 -6.91174 1.26159e-06
Initial energy of the MPS: 0.1769
# DMRG Sweep # Mid bond EE # Energy # Std #
0 0.044397 3.52342 0.477787
1 0.125126 3.74999 0.000886109
2 0.293224 3.75 0.000278943
3 0.319606 3.75 0.000222556
4 0.319018 3.75 0.000223736
5 0.316947 3.75 0.000236767
6 0.314778 3.75 0.000272279
7 0.317195 3.75 0.00031832
8 0.326039 3.75 0.000250732
9 0.321119 3.75 0.000276482
10 0.319427 3.75 0.000303218
11 0.320842 3.75 0.000244618
12 0.316584 3.75 0.000473528
13 0.346095 3.75 0.000183118
14 0.335633 3.75 0.000208527
15 0.32914 3.75001 0.000214566
16 0.325126 3.75001 0.000210331
17 0.320672 3.75001 0.00021831
18 0.318026 3.75001 0.000208925
19 0.31553 3.75001 0.000209824
20 0.314436 3.75001 0.000204063
21 0.313192 3.75001 0.000214793
22 0.312483 3.75001 0.000204553
23 0.311671 3.75001 0.000204123
24 0.311036 3.75001 0.000201677
25 0.31039 3.75001 0.000199429
26 0.309323 3.75001 0.000205379
27 0.308244 3.75001 0.000201901
28 0.306775 3.75001 0.000227883
29 0.30496 3.75001 0.000223091
30 0.302413 3.75001 0.000218103
31 0.299595 3.75001 0.000214993
32 0.296381 3.75001 0.000221313
33 0.292188 3.75001 0.000216974
34 0.288128 3.75001 0.000207251
35 0.284088 3.75001 0.00021593
36 0.279161 3.75001 0.000220834
37 0.273951 3.75001 0.000221889
38 0.268376 3.75002 0.000217699
39 0.262799 3.75002 0.000248397
40 0.256036 3.75002 0.000219876
41 0.249316 3.75002 0.000225643
42 0.242651 3.75002 0.000245897
43 0.235303 3.75002 0.000257104
44 0.227531 3.75002 0.000214483
45 0.220169 3.75002 0.00021842
46 0.212633 3.75002 0.000208603
47 0.205208 3.75002 0.000219749
48 0.197555 3.75002 0.00020631
49 0.189665 3.75002 0.000215076
50 0.181376 3.75002 0.000204468
51 0.173277 3.75002 0.00018793
52 0.165362 3.75002 0.000199668
53 0.157612 3.75002 0.00019345
54 0.149813 3.75002 0.000446603
55 0.134322 3.75002 0.000162715
56 0.128196 3.75002 0.000161674
57 0.122394 3.75002 0.000164688
58 0.11619 3.75002 0.000473413
59 0.103793 3.75002 0.000155238
60 0.09855 3.75002 0.000144251
61 0.0939595 3.75002 0.000143794
62 0.0893148 3.75002 0.000123834
63 0.0851939 3.75002 0.000114887
64 0.0807737 3.75002 0.000125369
65 0.0764075 3.75002 0.000125409
66 0.0724978 3.75003 0.000118716
67 0.0687527 3.75003 0.000130867
68 0.0649063 3.75003 0.000147692
69 0.060534 3.75003 0.000130744
70 0.0568079 3.75003 0.000119048
71 0.0533021 3.75003 0.00012522
72 0.0503441 3.75003 0.000108093
73 0.0473383 3.75003 0.00011931
74 0.0443457 3.75003 0.000127518
75 0.041419 3.75003 0.000109076
76 0.0391511 3.75003 0.000105956
77 0.0366426 3.75003 8.10444e-05
78 0.0343078 3.75003 8.23614e-05
79 0.0319404 3.75003 0.000105104
80 0.0299765 3.75003 0.000124804
81 0.0282699 3.75003 7.4938e-05
82 0.0265401 3.75003 8.72389e-05
83 0.0248824 3.75003 9.71151e-05
84 0.0235906 3.75003 7.3586e-05
85 0.021926 3.75003 6.65969e-05
86 0.0206134 3.75003 6.58283e-05
87 0.0191635 3.75003 6.6995e-05
88 0.0178615 3.75003 6.47019e-05
89 0.0167431 3.75003 6.42782e-05
90 0.0158999 3.75003 6.54512e-05
91 0.015363 3.75003 6.21083e-05
92 0.0146937 3.75003 5.01546e-05
93 0.0139256 3.75003 5.09136e-05
94 0.0131567 3.75003 5.21537e-05
95 0.0126347 3.75003 5.36377e-05
96 0.0122239 3.75003 5.7976e-05
97 0.0121686 3.75003 4.21654e-05
98 0.0115474 3.75003 4.89065e-05
99 0.0113211 3.75003 5.24687e-05
min energy  # max energy
-6.91174 3.75003
