Initial energy of the MPS: 0.0617044
# DMRG Sweep # Mid bond EE # Energy # Std #
0 0.0467758 -5.04475 2.74236
1 0.592302 -6.91174 1.29768e-06
Initial energy of the MPS: 0.176837
# DMRG Sweep # Mid bond EE # Energy # Std #
0 0.0444037 3.5227 0.478038
1 0.147347 3.74999 0.00165515
2 0.205973 3.75 0.00118717
3 0.228264 3.75002 0.00137263
4 0.236464 3.75003 0.000964922
5 0.221471 3.75005 0.00169216
6 0.251096 3.75006 0.0013526
7 0.251299 3.75007 0.00150587
8 0.256795 3.75008 0.0016386
9 0.265784 3.75009 0.00130932
10 0.228382 3.7501 0.00109646
11 0.184674 3.7501 0.00104519
12 0.1462 3.75011 0.000688667
13 0.108249 3.75011 0.000574013
14 0.0776462 3.75011 0.000625183
15 0.0516219 3.75012 0.000946996
16 0.0294049 3.75012 0.000365314
17 0.0165928 3.75012 0.000515267
18 0.00693589 3.75012 0.000194081
19 0.00352748 3.75012 0.000153972
20 0.00245672 3.75012 0.00015361
21 0.00380622 3.75012 0.000140914
22 0.00392642 3.75013 0.000190056
23 0.00666105 3.75013 0.000107565
24 0.0054141 3.75013 0.000108582
25 0.00453997 3.75013 8.18816e-05
26 0.0034991 3.75013 5.30656e-05
27 0.00283759 3.75013 3.99663e-05
28 0.00207285 3.75013 4.27468e-05
29 0.00143033 3.75013 3.7351e-05
30 0.00089747 3.75013 2.48526e-05
min energy  # max energy
-6.91174 3.75013
