Initial energy of the MPS: 0.061686
# DMRG Sweep # Mid bond EE # Energy # Std #
0 0.0467758 -5.04473 2.74235
1 0.592302 -6.91174 1.27281e-06
Initial energy of the MPS: 0.176867
# DMRG Sweep # Mid bond EE # Energy # Std #
0 0.0443433 3.52353 0.477673
1 0.127182 3.75004 0.000490014
2 0.184133 3.75004 0.000336631
3 0.192338 3.75005 0.00117356
4 0.171379 3.75005 0.000580265
5 0.231065 3.75006 0.000390069
6 0.234412 3.75006 0.000292372
7 0.218721 3.75006 0.000261569
8 0.190732 3.75006 0.000258265
9 0.167915 3.75006 0.000223507
10 0.143085 3.75006 0.000204312
11 0.122085 3.75006 0.000175721
12 0.102382 3.75006 0.000187334
13 0.0872729 3.75006 0.00015818
14 0.0745965 3.75006 0.000129154
15 0.0635581 3.75006 0.000127911
16 0.0546473 3.75006 0.000113468
17 0.0459558 3.75006 9.31539e-05
18 0.0389018 3.75006 7.46584e-05
19 0.0328202 3.75006 7.101e-05
20 0.0277165 3.75006 8.02954e-05
21 0.0236751 3.75006 5.66493e-05
22 0.0198577 3.75006 6.54056e-05
23 0.016939 3.75006 4.7141e-05
24 0.0141008 3.75006 4.29233e-05
25 0.0117355 3.75006 2.91578e-05
min energy  # max energy
-6.91174 3.75006
