Initial energy of the MPS: 0.0616862
# DMRG Sweep # Mid bond EE # Energy # Std #
0 0.0467782 -5.04471 2.74235
1 0.592302 -6.91174 1.32209e-06
Initial energy of the MPS: 0.176854
# DMRG Sweep # Mid bond EE # Energy # Std #
0 0.0443401 3.52329 0.478187
1 0.139381 3.74999 0.00118353
2 0.251838 3.75 0.000437537
3 0.292313 3.75 0.000371304
4 0.288526 3.75 0.000457208
5 0.289619 3.75 0.000534938
6 0.304058 3.75001 0.000394364
7 0.289067 3.75001 0.000504929
8 0.29122 3.75001 0.000486102
9 0.286895 3.75001 0.000457776
10 0.280156 3.75001 0.000502901
11 0.276965 3.75001 0.000529892
12 0.273601 3.75002 0.000532207
13 0.268557 3.75002 0.000619642
14 0.267264 3.75002 0.0005775
15 0.264888 3.75002 0.00055772
16 0.25788 3.75002 0.000506901
17 0.252864 3.75002 0.000457366
18 0.244211 3.75003 0.000458801
19 0.23473 3.75003 0.000537913
20 0.228213 3.75003 0.000456501
21 0.219293 3.75003 0.000459554
22 0.209011 3.75003 0.000459056
23 0.198992 3.75003 0.000410537
24 0.188936 3.75003 0.000403139
25 0.178509 3.75003 0.00041872
26 0.167963 3.75004 0.000445088
27 0.157449 3.75004 0.000361678
28 0.146675 3.75004 0.000370734
29 0.136992 3.75004 0.000437608
30 0.125449 3.75004 0.000343283
31 0.115926 3.75004 0.00032658
32 0.106601 3.75004 0.000361353
33 0.0980224 3.75004 0.000283854
34 0.0903489 3.75004 0.000282222
35 0.0828217 3.75004 0.000272542
36 0.074758 3.75004 0.000260613
37 0.0675374 3.75004 0.000266195
38 0.0607573 3.75004 0.000213442
39 0.0541176 3.75004 0.000216188
40 0.0481295 3.75004 0.000224933
41 0.0434223 3.75004 0.00017371
42 0.0380772 3.75005 0.000170264
43 0.0338295 3.75005 0.000151647
44 0.0295659 3.75005 0.000144849
45 0.0258994 3.75005 0.000115682
46 0.0218882 3.75005 0.000119682
47 0.0190053 3.75005 0.000108278
48 0.0165429 3.75005 0.000114147
49 0.0145822 3.75005 0.000100474
50 0.0127923 3.75005 9.88079e-05
51 0.0116536 3.75005 7.99932e-05
52 0.0102287 3.75005 6.96605e-05
53 0.00907059 3.75005 7.06244e-05
54 0.00861678 3.75005 7.62287e-05
55 0.00894642 3.75005 5.84242e-05
56 0.0085579 3.75005 4.91422e-05
57 0.00792459 3.75005 5.32831e-05
58 0.00762287 3.75005 5.21454e-05
59 0.00870842 3.75005 4.73595e-05
60 0.0100152 3.75005 3.42408e-05
61 0.0130201 3.75005 2.97811e-05
min energy  # max energy
-6.91174 3.75005
