Initial energy of the MPS: 0.0617141
# DMRG Sweep # Mid bond EE # Energy # Std #
0 0.0467765 -5.04471 2.74235
1 0.592302 -6.91174 1.31401e-06
Initial energy of the MPS: 0.176874
# DMRG Sweep # Mid bond EE # Energy # Std #
0 0.0444331 3.52455 0.478429
1 0.13605 3.74999 0.00122875
2 0.258366 3.74999 0.000634982
3 0.315622 3.75 0.000631337
4 0.319345 3.75 0.000610224
5 0.304925 3.75001 0.00084083
6 0.319718 3.75001 0.000802813
7 0.328281 3.75002 0.000504746
8 0.312401 3.75002 0.000695057
9 0.30685 3.75002 0.00089747
10 0.314355 3.75003 0.00066479
11 0.309131 3.75003 0.000918082
12 0.312362 3.75003 0.000771226
13 0.303892 3.75004 0.000736752
14 0.292048 3.75004 0.000675831
15 0.280481 3.75004 0.000766061
16 0.268786 3.75004 0.000953485
17 0.26811 3.75005 0.000561101
18 0.246019 3.75005 0.000515647
19 0.222788 3.75005 0.0006846
20 0.203043 3.75005 0.000644386
21 0.182874 3.75005 0.000628106
22 0.161346 3.75006 0.000605929
23 0.141924 3.75006 0.000364987
24 0.123468 3.75006 0.000424945
25 0.105821 3.75006 0.000433761
26 0.0899076 3.75006 0.000355514
27 0.0755489 3.75006 0.000384682
28 0.0626267 3.75006 0.000385929
29 0.051169 3.75007 0.000398587
30 0.0416345 3.75007 0.000329606
31 0.0341007 3.75007 0.000306015
32 0.0282707 3.75007 0.000275826
33 0.023201 3.75007 0.000194224
34 0.0190662 3.75007 0.000178718
35 0.0157262 3.75007 0.000162959
36 0.0129326 3.75007 0.000136599
37 0.0103489 3.75007 0.000154512
38 0.00868114 3.75007 0.000137035
39 0.00775133 3.75007 0.000105801
40 0.00654411 3.75007 0.000106957
41 0.00580682 3.75007 0.000107077
42 0.00555124 3.75007 9.83078e-05
43 0.00548848 3.75007 0.000145578
44 0.00807783 3.75007 0.000100329
45 0.0139458 3.75007 8.01668e-05
46 0.0140022 3.75007 0.000101154
47 0.0121195 3.75007 5.72101e-05
48 0.0100876 3.75007 5.08687e-05
49 0.00821244 3.75007 4.20174e-05
50 0.00627193 3.75007 3.52075e-05
51 0.00480496 3.75007 2.5147e-05
min energy  # max energy
-6.91174 3.75007
