Initial energy of the MPS: 0.0617237
# DMRG Sweep # Mid bond EE # Energy # Std #
0 0.0467775 -5.04471 2.74235
1 0.592302 -6.91174 1.32478e-06
Initial energy of the MPS: 0.176832
# DMRG Sweep # Mid bond EE # Energy # Std #
0 0.0444985 3.52458 0.478461
1 0.136896 3.75006 0.000835842
2 0.160871 3.75007 0.000655976
3 0.18144 3.75007 0.000802022
4 0.170457 3.75008 0.000394995
5 0.166627 3.75008 0.000287504
6 0.162367 3.75008 0.000209153
7 0.149013 3.75008 0.00025763
8 0.128821 3.75008 0.000255213
9 0.10599 3.75009 0.000237066
10 0.0839929 3.75009 0.000230237
11 0.0662198 3.75009 0.000197873
12 0.050298 3.75009 0.000190687
13 0.0384522 3.75009 0.000190755
14 0.0291962 3.75009 0.000157506
15 0.0215909 3.75009 0.000169091
16 0.0161398 3.75009 0.00012081
17 0.011907 3.75009 7.76894e-05
18 0.00836572 3.75009 8.38907e-05
19 0.005848 3.75009 4.67325e-05
20 0.00392316 3.75009 4.93454e-05
21 0.00252831 3.75009 3.0571e-05
22 0.00161222 3.75009 2.69983e-05
min energy  # max energy
-6.91174 3.75009
