Initial energy of the MPS: 0.0617269
# DMRG Sweep # Mid bond EE # Energy # Std #
0 0.0467832 -5.04468 2.74233
1 0.592302 -6.91174 1.30042e-06
Initial energy of the MPS: 0.176943
# DMRG Sweep # Mid bond EE # Energy # Std #
0 0.0444029 3.52383 0.478084
1 0.124699 3.75006 0.000871021
2 0.166441 3.75006 0.000702651
3 0.191807 3.75007 0.000712547
4 0.181998 3.75007 0.000516862
5 0.174711 3.75007 0.000330431
6 0.167705 3.75008 0.000255487
7 0.15574 3.75008 0.000218723
8 0.137427 3.75008 0.000193946
9 0.121804 3.75008 0.000177754
10 0.106232 3.75008 0.000161829
11 0.0901519 3.75008 0.000167295
12 0.0736419 3.75008 0.000153638
13 0.061919 3.75008 0.00012429
14 0.0495752 3.75008 0.000111072
15 0.0390745 3.75008 9.34668e-05
16 0.0308668 3.75008 7.87425e-05
17 0.0236104 3.75008 6.93421e-05
18 0.0178387 3.75008 5.65516e-05
19 0.0129774 3.75008 4.62043e-05
20 0.00948501 3.75008 3.86181e-05
21 0.00668603 3.75008 2.9808e-05
min energy  # max energy
-6.91174 3.75008
