Initial energy of the MPS: 0.0616763
# DMRG Sweep # Mid bond EE # Energy # Std #
0 0.04678 -5.04473 2.74235
1 0.592302 -6.91174 1.27281e-06
Initial energy of the MPS: 0.176854
# DMRG Sweep # Mid bond EE # Energy # Std #
0 0.0443165 3.5238 0.478508
1 0.136332 3.75001 0.000356193
2 0.1752 3.75001 7.99237e-05
3 0.213683 3.75001 7.21465e-05
4 0.232339 3.75001 0.000109144
5 0.237558 3.75001 0.00021865
6 0.229293 3.75001 0.000421055
7 0.201476 3.75001 0.000265498
8 0.219517 3.75001 0.000206568
9 0.239596 3.75001 0.000146976
10 0.278105 3.75001 7.12894e-05
11 0.280848 3.75001 5.84921e-05
12 0.280816 3.75001 5.08194e-05
13 0.279794 3.75001 4.00999e-05
14 0.275386 3.75001 3.65217e-05
15 0.271108 3.75001 3.60163e-05
16 0.266024 3.75001 3.60501e-05
17 0.264105 3.75001 3.04851e-05
18 0.25788 3.75001 3.30564e-05
19 0.252575 3.75001 3.2705e-05
20 0.247688 3.75001 3.20616e-05
21 0.243136 3.75001 3.131e-05
22 0.237722 3.75001 3.44187e-05
23 0.233184 3.75001 3.22582e-05
24 0.227979 3.75001 3.44133e-05
25 0.223594 3.75001 3.67826e-05
26 0.219301 3.75001 3.81647e-05
27 0.215552 3.75001 3.09885e-05
28 0.210352 3.75001 3.53252e-05
29 0.205983 3.75001 3.098e-05
30 0.201033 3.75001 3.49138e-05
31 0.196824 3.75001 3.18033e-05
32 0.19222 3.75001 3.39924e-05
33 0.187936 3.75001 3.30054e-05
34 0.183472 3.75001 3.76861e-05
35 0.180228 3.75001 3.88597e-05
36 0.176966 3.75001 3.43557e-05
37 0.173023 3.75001 3.41325e-05
38 0.169324 3.75001 3.33942e-05
39 0.16576 3.75001 3.31221e-05
40 0.161702 3.75001 3.69684e-05
41 0.159144 3.75001 3.45553e-05
42 0.155925 3.75001 3.83221e-05
43 0.15304 3.75001 3.40971e-05
44 0.150013 3.75001 3.42859e-05
45 0.146825 3.75001 3.06725e-05
46 0.143207 3.75001 3.66316e-05
47 0.14031 3.75001 3.01119e-05
48 0.137085 3.75001 3.47228e-05
49 0.134209 3.75001 3.17245e-05
50 0.130982 3.75001 3.43312e-05
51 0.127995 3.75001 3.30035e-05
52 0.125081 3.75001 4.35599e-05
53 0.123514 3.75001 2.87776e-05
min energy  # max energy
-6.91174 3.75001
