Initial energy of the MPS: 0.0616912
# DMRG Sweep # Mid bond EE # Energy # Std #
0 0.0467772 -5.04469 2.74234
1 0.592302 -6.91174 1.24743e-06
Initial energy of the MPS: 0.176852
# DMRG Sweep # Mid bond EE # Energy # Std #
0 0.0444117 3.52378 0.478021
1 0.142308 3.75 0.000766283
2 0.281655 3.75 0.00017941
3 0.325889 3.75 0.000101805
4 0.33215 3.75 9.14876e-05
5 0.333832 3.75 9.28033e-05
6 0.334892 3.75 9.10935e-05
7 0.333533 3.75 9.38383e-05
8 0.330876 3.75 9.52337e-05
9 0.327915 3.75 0.000100721
10 0.32471 3.75 0.000110468
11 0.322634 3.75 0.000103538
12 0.319521 3.75 0.000105129
13 0.315106 3.75 0.0001084
14 0.311579 3.75 0.000115604
15 0.309172 3.75 0.000107465
16 0.305054 3.75 0.000109565
17 0.301368 3.75 0.000114241
18 0.298595 3.75 0.00011526
19 0.296121 3.75 0.000111572
20 0.293588 3.75 0.000120815
21 0.292084 3.75 0.000130298
22 0.291825 3.75 0.000118124
23 0.290588 3.75 0.000110336
24 0.28911 3.75 0.000152906
25 0.291746 3.75 0.00010923
26 0.290974 3.75 0.000117942
27 0.291017 3.75 0.000121789
28 0.291955 3.75 0.00010496
29 0.291966 3.75 0.000118147
30 0.292781 3.75 9.73227e-05
31 0.293182 3.75 0.000101024
32 0.293628 3.75 9.13031e-05
33 0.294274 3.75 9.23942e-05
34 0.295433 3.75 9.85651e-05
35 0.296595 3.75 9.08295e-05
36 0.29806 3.75 9.29537e-05
37 0.299434 3.75 9.41287e-05
38 0.30138 3.75 9.1778e-05
39 0.302501 3.75 9.15232e-05
40 0.304217 3.75 9.85326e-05
41 0.305788 3.75 0.000102915
42 0.307268 3.75 9.60573e-05
43 0.30876 3.75 0.000119694
44 0.31088 3.75 0.000208324
45 0.314579 3.75 0.000120806
46 0.316304 3.75 0.000107408
47 0.31745 3.75 0.000105838
48 0.319162 3.75 0.000113555
49 0.32051 3.75 0.000109636
50 0.321943 3.75 0.000116154
51 0.323032 3.75 0.000117464
52 0.324428 3.75 9.84675e-05
53 0.325087 3.75 9.5454e-05
54 0.325917 3.75 0.00011263
55 0.326948 3.75 0.000101741
56 0.327725 3.75 0.000105385
57 0.328438 3.75 0.000118179
58 0.329387 3.75 0.000117631
59 0.330156 3.75001 0.000111531
60 0.330639 3.75001 0.000127637
61 0.330999 3.75001 0.00011168
62 0.331332 3.75001 0.000107941
63 0.33114 3.75001 0.000106667
64 0.331069 3.75001 0.000110225
65 0.330735 3.75001 0.000133076
66 0.330234 3.75001 0.00011398
67 0.329844 3.75001 0.000100211
68 0.329334 3.75001 0.000108938
69 0.328837 3.75001 0.000106015
70 0.327873 3.75001 0.000137099
71 0.326751 3.75001 0.000228783
72 0.326476 3.75001 0.000106567
73 0.325273 3.75001 8.39319e-05
74 0.324078 3.75001 0.000193949
75 0.322662 3.75001 9.26175e-05
76 0.32097 3.75001 9.67875e-05
77 0.319221 3.75001 8.83094e-05
78 0.317531 3.75001 8.63374e-05
79 0.315642 3.75001 0.00017215
80 0.31336 3.75001 7.85275e-05
81 0.311378 3.75001 0.000189619
82 0.308353 3.75001 8.31821e-05
83 0.305894 3.75001 0.000197705
84 0.302794 3.75001 0.000164447
85 0.299487 3.75001 7.71663e-05
86 0.296733 3.75001 6.58882e-05
87 0.293999 3.75001 8.4504e-05
88 0.291294 3.75001 8.03619e-05
89 0.288533 3.75001 9.02148e-05
90 0.285496 3.75001 9.17173e-05
91 0.282482 3.75001 9.28326e-05
92 0.279174 3.75001 8.10767e-05
93 0.276147 3.75001 0.000150475
94 0.2715 3.75001 0.000144458
95 0.266691 3.75001 8.70071e-05
96 0.263532 3.75001 8.03633e-05
97 0.260246 3.75001 7.70532e-05
98 0.257096 3.75001 8.0524e-05
99 0.253567 3.75001 0.000103302
min energy  # max energy
-6.91174 3.75001
