Initial energy of the MPS: 0.0617032
# DMRG Sweep # Mid bond EE # Energy # Std #
0 0.0467765 -5.04476 2.74237
1 0.592302 -6.91174 1.28669e-06
Initial energy of the MPS: 0.176796
# DMRG Sweep # Mid bond EE # Energy # Std #
0 0.0443622 3.52313 0.477985
1 0.137242 3.75002 0.000520314
2 0.184494 3.75002 0.000229111
3 0.219354 3.75002 0.000693014
4 0.187143 3.75003 0.000654719
5 0.23133 3.75003 0.000123631
6 0.275653 3.75003 0.000112149
7 0.266464 3.75003 8.90597e-05
8 0.253839 3.75003 0.000100174
9 0.23809 3.75003 0.000111247
10 0.223181 3.75003 0.000124557
11 0.210456 3.75003 0.000123749
12 0.200789 3.75003 0.000107135
13 0.1832 3.75003 0.000127119
14 0.169744 3.75003 0.000102503
15 0.154348 3.75003 0.000132138
16 0.145435 3.75003 0.00010596
17 0.132607 3.75003 0.000120855
18 0.122645 3.75003 0.000102621
19 0.11247 3.75003 0.000113426
20 0.104011 3.75003 9.99535e-05
21 0.0967474 3.75003 9.9306e-05
22 0.0896433 3.75003 9.48941e-05
23 0.083674 3.75003 0.000100373
24 0.0781543 3.75003 9.44682e-05
25 0.073043 3.75003 9.63884e-05
26 0.0683082 3.75003 7.79448e-05
27 0.0635637 3.75003 8.80537e-05
28 0.0592638 3.75003 7.89035e-05
29 0.0552427 3.75003 7.6402e-05
30 0.0513889 3.75003 7.44423e-05
31 0.0476541 3.75003 7.27101e-05
32 0.0441397 3.75003 7.08145e-05
33 0.040864 3.75003 6.63238e-05
34 0.0376419 3.75003 6.73228e-05
35 0.0347408 3.75003 6.34148e-05
36 0.0319185 3.75003 6.2864e-05
37 0.0293025 3.75003 6.86272e-05
38 0.0268945 3.75003 6.22723e-05
39 0.0245258 3.75003 6.0327e-05
40 0.0224016 3.75003 5.99617e-05
41 0.0203781 3.75003 5.99748e-05
42 0.0185571 3.75003 4.97943e-05
43 0.016841 3.75003 4.64131e-05
44 0.0152681 3.75003 4.74265e-05
45 0.013856 3.75003 4.65556e-05
46 0.0124996 3.75003 4.36456e-05
47 0.0112414 3.75003 3.82548e-05
48 0.0101057 3.75003 4.10384e-05
49 0.00906395 3.75003 3.98955e-05
50 0.0081212 3.75003 3.34779e-05
51 0.00727667 3.75003 3.32971e-05
52 0.00648096 3.75003 3.04724e-05
53 0.00576877 3.75003 2.89362e-05
min energy  # max energy
-6.91174 3.75003
