Initial energy of the MPS: 0.0616898
# DMRG Sweep # Mid bond EE # Energy # Std #
0 0.0467764 -5.04469 2.74234
1 0.592302 -6.91174 1.28115e-06
Initial energy of the MPS: 0.176905
# DMRG Sweep # Mid bond EE # Energy # Std #
0 0.0443481 3.52373 0.478314
1 0.134555 3.75 0.000775621
2 0.189739 3.75 0.000198367
3 0.233833 3.75 0.000129592
4 0.259939 3.75 7.2715e-05
5 0.268657 3.75 6.80368e-05
6 0.276076 3.75 5.94794e-05
7 0.28163 3.75 5.4761e-05
8 0.285764 3.75 5.30701e-05
9 0.289247 3.75 4.88227e-05
10 0.291189 3.75 5.01917e-05
11 0.293641 3.75 4.47292e-05
12 0.29472 3.75 5.45114e-05
13 0.298517 3.75 3.96455e-05
14 0.297991 3.75 4.01256e-05
15 0.297778 3.75 3.83927e-05
16 0.296686 3.75 4.68776e-05
17 0.297198 3.75 4.22633e-05
18 0.297079 3.75 4.25796e-05
19 0.297168 3.75 4.02012e-05
20 0.296512 3.75 3.9973e-05
21 0.295871 3.75 4.14052e-05
22 0.295305 3.75 5.62218e-05
23 0.298598 3.75 3.97812e-05
24 0.297555 3.75 3.70791e-05
25 0.295907 3.75 3.71923e-05
26 0.294007 3.75 5.14092e-05
27 0.295101 3.75 4.08111e-05
28 0.293704 3.75 4.31484e-05
29 0.292985 3.75 3.81167e-05
30 0.290984 3.75 3.62009e-05
31 0.289065 3.75 4.06981e-05
32 0.287889 3.75 5.89223e-05
33 0.290303 3.75 5.14166e-05
34 0.291177 3.75 3.42076e-05
35 0.28896 3.75 4.15914e-05
36 0.287901 3.75 4.27548e-05
37 0.28678 3.75 5.06812e-05
38 0.286647 3.75 3.96612e-05
39 0.284931 3.75 6.1413e-05
40 0.28614 3.75 5.22199e-05
41 0.286771 3.75 4.03298e-05
42 0.285267 3.75 4.01206e-05
43 0.283755 3.75 4.79941e-05
44 0.28307 3.75 4.43029e-05
45 0.282059 3.75 4.8266e-05
46 0.281738 3.75 4.03459e-05
47 0.280287 3.75 3.62624e-05
48 0.278427 3.75 3.95672e-05
49 0.277008 3.75 4.67645e-05
50 0.276275 3.75 7.95599e-05
51 0.280435 3.75 3.61324e-05
52 0.278669 3.75 4.32188e-05
53 0.277624 3.75 7.34326e-05
54 0.279776 3.75 3.45356e-05
55 0.278067 3.75 3.72548e-05
56 0.276583 3.75 3.59387e-05
57 0.274894 3.75 5.54726e-05
58 0.275422 3.75 4.45758e-05
59 0.274722 3.75 4.28e-05
60 0.273761 3.75 3.50981e-05
61 0.272293 3.75 4.58272e-05
62 0.271572 3.75 3.6802e-05
63 0.270439 3.75 5.59115e-05
64 0.270652 3.75 3.73007e-05
65 0.269528 3.75 3.6935e-05
66 0.268467 3.75 6.42117e-05
67 0.269341 3.75 3.62647e-05
68 0.268374 3.75 3.83809e-05
69 0.267564 3.75 5.86463e-05
70 0.268092 3.75 4.51286e-05
71 0.267699 3.75 3.5838e-05
72 0.266829 3.75 5.88972e-05
73 0.267055 3.75 3.91799e-05
74 0.266449 3.75 5.04559e-05
75 0.266604 3.75 3.414e-05
76 0.265896 3.75 4.25553e-05
77 0.265536 3.75 4.79156e-05
78 0.2656 3.75 4.13222e-05
79 0.265345 3.75 3.51904e-05
80 0.264879 3.75 3.59446e-05
81 0.264441 3.75 3.58357e-05
82 0.264133 3.75 3.48651e-05
83 0.26375 3.75 3.92405e-05
84 0.263526 3.75 4.08814e-05
85 0.263461 3.75 3.71159e-05
86 0.263375 3.75 3.46219e-05
87 0.263176 3.75 4.11839e-05
88 0.263264 3.75 3.42542e-05
89 0.263182 3.75 3.3888e-05
90 0.263164 3.75 4.39209e-05
91 0.263357 3.75 3.61449e-05
92 0.263449 3.75 3.59271e-05
93 0.263538 3.75 3.30337e-05
94 0.263589 3.75 3.45373e-05
95 0.26377 3.75 3.88368e-05
96 0.263963 3.75 4.52037e-05
97 0.264326 3.75 3.74986e-05
98 0.264557 3.75 4.41806e-05
99 0.26498 3.75 3.73122e-05
min energy  # max energy
-6.91174 3.75
