Initial energy of the MPS: 0.0617109
# DMRG Sweep # Mid bond EE # Energy # Std #
0 0.0467788 -5.04472 2.74235
1 0.592302 -6.91174 1.28945e-06
Initial energy of the MPS: 0.176803
# DMRG Sweep # Mid bond EE # Energy # Std #
0 0.0444442 3.52345 0.477927
1 0.13949 3.75006 0.00080174
2 0.159829 3.75007 0.000894983
3 0.170013 3.75008 0.000677942
4 0.171643 3.75008 0.000282256
5 0.177925 3.75009 0.000315802
6 0.164692 3.75009 0.000397123
7 0.13347 3.75009 0.000412736
8 0.109072 3.75009 0.000346737
9 0.0843812 3.75009 0.000355455
10 0.065388 3.75009 0.00029399
11 0.0490153 3.75009 0.000210882
12 0.036162 3.7501 0.000170108
13 0.0267437 3.7501 0.000153374
14 0.0195664 3.7501 0.000150793
15 0.0141986 3.7501 0.000140442
16 0.0101178 3.7501 0.000118814
17 0.00713221 3.7501 9.86996e-05
18 0.00504448 3.7501 7.00711e-05
19 0.00351795 3.7501 6.34045e-05
20 0.0024881 3.7501 4.1376e-05
21 0.00173696 3.7501 4.18545e-05
22 0.00121487 3.7501 3.49018e-05
23 0.000858931 3.7501 2.98357e-05
min energy  # max energy
-6.91174 3.7501
