Initial energy of the MPS: 0.0616963
# DMRG Sweep # Mid bond EE # Energy # Std #
0 0.0467747 -5.04469 2.74234
1 0.592302 -6.91174 1.28945e-06
Initial energy of the MPS: 0.176813
# DMRG Sweep # Mid bond EE # Energy # Std #
0 0.0444483 3.52318 0.477832
1 0.119348 3.74998 0.00121164
2 0.271607 3.74999 0.000822988
3 0.297209 3.75 0.000837945
4 0.304423 3.75001 0.00115293
5 0.354729 3.75001 0.000554855
6 0.336884 3.75002 0.000603917
7 0.327463 3.75002 0.000527021
8 0.322244 3.75002 0.000635214
9 0.322521 3.75003 0.000747743
10 0.324526 3.75003 0.000772367
11 0.320881 3.75003 0.000659782
12 0.312895 3.75004 0.000831451
13 0.303465 3.75004 0.000764443
14 0.290552 3.75004 0.000775782
15 0.274529 3.75005 0.000772913
16 0.254432 3.75005 0.000828903
17 0.234464 3.75005 0.000730555
18 0.21188 3.75006 0.000893793
19 0.190123 3.75006 0.00060406
20 0.169021 3.75006 0.000633338
21 0.15099 3.75007 0.00104261
22 0.149362 3.75007 0.000271398
23 0.128405 3.75007 0.000266538
24 0.110174 3.75007 0.000401944
25 0.0944103 3.75007 0.000291501
26 0.0813627 3.75008 0.000328525
27 0.0669244 3.75008 0.000370773
28 0.0544804 3.75008 0.000287689
29 0.0432909 3.75008 0.000472392
30 0.034067 3.75008 0.00017725
31 0.0267314 3.75008 0.000178038
32 0.0201312 3.75008 0.000174482
33 0.0153553 3.75008 0.000142265
34 0.0115335 3.75008 0.000128733
35 0.00875493 3.75008 0.00011001
36 0.0067509 3.75008 9.58873e-05
37 0.00535442 3.75008 8.22493e-05
38 0.00434603 3.75008 8.54258e-05
39 0.00386002 3.75008 9.39181e-05
40 0.00384376 3.75008 8.03738e-05
41 0.00429497 3.75008 7.85427e-05
42 0.00515466 3.75008 8.34398e-05
43 0.0066998 3.75008 7.65803e-05
44 0.00903632 3.75008 5.72754e-05
45 0.0100071 3.75008 4.92929e-05
46 0.00989254 3.75008 5.4533e-05
47 0.0104957 3.75008 5.27691e-05
48 0.0104613 3.75008 4.27179e-05
49 0.00953461 3.75008 3.96451e-05
50 0.00835063 3.75008 3.61273e-05
51 0.00707961 3.75008 3.26595e-05
52 0.00603284 3.75008 2.88484e-05
min energy  # max energy
-6.91174 3.75008
