Initial energy of the MPS: 0.0616942
# DMRG Sweep # Mid bond EE # Energy # Std #
0 0.0467719 -5.04469 2.74233
1 0.592302 -6.91174 1.26159e-06
Initial energy of the MPS: 0.176931
# DMRG Sweep # Mid bond EE # Energy # Std #
0 0.0444146 3.52382 0.477837
1 0.126925 3.75004 0.000628149
2 0.175478 3.75005 0.000510832
3 0.192632 3.75005 0.00112675
4 0.165343 3.75006 0.000573014
5 0.183578 3.75006 0.000320853
6 0.170476 3.75006 0.000221011
7 0.147325 3.75006 0.000193055
8 0.122296 3.75006 0.000174771
9 0.100642 3.75006 0.000165024
10 0.0830245 3.75006 0.000152376
11 0.0676381 3.75006 0.000123601
12 0.0536251 3.75007 0.000108981
13 0.0415525 3.75007 9.95254e-05
14 0.0318711 3.75007 8.58441e-05
15 0.0239207 3.75007 7.43237e-05
16 0.0182648 3.75007 6.42454e-05
17 0.0139612 3.75007 5.80223e-05
18 0.0107097 3.75007 4.71466e-05
19 0.00834266 3.75007 4.07998e-05
20 0.00644535 3.75007 2.79014e-05
min energy  # max energy
-6.91174 3.75007
