Initial energy of the MPS: 0.0617114
# DMRG Sweep # Mid bond EE # Energy # Std #
0 0.0467798 -5.04473 2.74236
1 0.592302 -6.91174 1.27838e-06
Initial energy of the MPS: 0.176824
# DMRG Sweep # Mid bond EE # Energy # Std #
0 0.0443638 3.52369 0.47844
1 0.142378 3.74999 0.00193616
2 0.213832 3.75 0.00114518
3 0.267819 3.75001 0.000817689
4 0.24238 3.75002 0.00110579
5 0.247046 3.75003 0.000948824
6 0.244628 3.75003 0.000798523
7 0.242199 3.75004 0.00123856
8 0.249547 3.75005 0.00108255
9 0.248145 3.75005 0.00148165
10 0.258107 3.75006 0.00093167
11 0.23403 3.75007 0.00126939
12 0.218315 3.75007 0.000906896
13 0.186946 3.75008 0.00106248
14 0.165862 3.75008 0.000776698
15 0.13664 3.75008 0.000751914
16 0.109599 3.75009 0.000588984
17 0.0845571 3.75009 0.000386033
18 0.0637906 3.75009 0.00045664
19 0.0452366 3.75009 0.000533277
20 0.028736 3.7501 0.000605498
21 0.0158447 3.7501 0.000194718
22 0.0113628 3.7501 0.000191623
23 0.00811776 3.7501 0.000136879
24 0.00617112 3.7501 0.000109105
25 0.00464039 3.7501 8.45242e-05
26 0.00362773 3.7501 8.88859e-05
27 0.00296571 3.7501 6.70569e-05
28 0.00240377 3.7501 5.92027e-05
29 0.00193056 3.7501 5.54651e-05
30 0.00157653 3.7501 4.83916e-05
31 0.00120876 3.7501 4.93349e-05
32 0.00085764 3.7501 7.92954e-05
33 0.000980836 3.7501 0.000121939
34 0.0024475 3.7501 0.000104245
35 0.00479776 3.7501 5.89726e-05
36 0.00335448 3.7501 4.97818e-05
37 0.00246437 3.7501 6.04402e-05
38 0.00194614 3.7501 7.11996e-05
39 0.00161148 3.7501 6.22317e-05
40 0.00126607 3.7501 5.47534e-05
41 0.00104417 3.7501 3.73626e-05
42 0.000770969 3.7501 2.58872e-05
min energy  # max energy
-6.91174 3.7501
