Initial energy of the MPS: 0.0617405
# DMRG Sweep # Mid bond EE # Energy # Std #
0 0.0467828 -5.04472 2.74235
1 0.592302 -6.91174 1.30859e-06
Initial energy of the MPS: 0.176839
# DMRG Sweep # Mid bond EE # Energy # Std #
0 0.044512 3.5239 0.478423
1 0.120187 3.75003 0.000417983
2 0.190074 3.75003 0.000195176
3 0.201834 3.75003 0.000824505
4 0.175793 3.75003 0.000436054
5 0.243166 3.75003 0.000368329
6 0.261216 3.75004 0.000341259
7 0.249098 3.75004 0.00029432
8 0.231003 3.75004 0.000188019
9 0.216 3.75004 0.000114582
10 0.200145 3.75004 0.000108682
11 0.18753 3.75004 0.00010745
12 0.174811 3.75004 9.35342e-05
13 0.161491 3.75004 0.000101725
14 0.14893 3.75004 8.17738e-05
15 0.136601 3.75004 9.16372e-05
16 0.123949 3.75004 8.79085e-05
17 0.110784 3.75004 7.35084e-05
18 0.10099 3.75004 7.98739e-05
19 0.0878836 3.75004 7.9584e-05
20 0.0788512 3.75004 6.57234e-05
21 0.0679512 3.75004 6.56342e-05
22 0.0603013 3.75004 6.63275e-05
23 0.0523484 3.75004 5.59275e-05
24 0.04619 3.75004 4.56735e-05
25 0.0394076 3.75004 4.49189e-05
26 0.0338371 3.75004 4.50707e-05
27 0.0288871 3.75004 4.8026e-05
28 0.025151 3.75004 3.29717e-05
29 0.0213939 3.75004 3.42157e-05
30 0.0182769 3.75004 3.16546e-05
31 0.0156569 3.75004 3.2074e-05
32 0.0138212 3.75004 2.42684e-05
min energy  # max energy
-6.91174 3.75004
