Initial energy of the MPS: 0.0617253
# DMRG Sweep # Mid bond EE # Energy # Std #
0 0.0467785 -5.04468 2.74233
1 0.592302 -6.91174 1.27838e-06
Initial energy of the MPS: 0.176897
# DMRG Sweep # Mid bond EE # Energy # Std #
0 0.0443992 3.52285 0.477569
1 0.126185 3.75001 0.000356873
2 0.188852 3.75001 8.0787e-05
3 0.209518 3.75001 6.81769e-05
4 0.226625 3.75001 8.5728e-05
5 0.233072 3.75001 0.000141684
6 0.234031 3.75001 0.000304221
7 0.222659 3.75001 0.000114911
8 0.246499 3.75001 0.000289917
9 0.229009 3.75001 0.000120348
10 0.253569 3.75001 9.9616e-05
11 0.240665 3.75001 0.000136522
12 0.231744 3.75001 0.000253541
13 0.216235 3.75001 0.00034726
14 0.225885 3.75001 0.000176146
15 0.309051 3.75001 5.08702e-05
16 0.337788 3.75001 3.80064e-05
17 0.335079 3.75001 3.07862e-05
18 0.327674 3.75001 3.05819e-05
19 0.320285 3.75001 2.54965e-05
min energy  # max energy
-6.91174 3.75001
