Initial energy of the MPS: 0.0617007
# DMRG Sweep # Mid bond EE # Energy # Std #
0 0.0467802 -5.04474 2.74236
1 0.592302 -6.91174 1.28392e-06
Initial energy of the MPS: 0.176847
# DMRG Sweep # Mid bond EE # Energy # Std #
0 0.0443731 3.52301 0.478007
1 0.139936 3.74998 0.0022711
2 0.195973 3.75001 0.00151543
3 0.243331 3.75002 0.00127053
4 0.236701 3.75004 0.00108866
5 0.23384 3.75005 0.00124753
6 0.233763 3.75006 0.00224918
7 0.278529 3.75008 0.0014127
8 0.267109 3.75008 0.00132169
9 0.240156 3.75009 0.00126541
10 0.208048 3.7501 0.00114621
11 0.173747 3.75011 0.00103028
12 0.137264 3.75011 0.000708729
13 0.102238 3.75012 0.000767711
14 0.0719759 3.75012 0.000699288
15 0.0476829 3.75013 0.000528226
16 0.0304549 3.75013 0.000456733
17 0.0182454 3.75013 0.000366155
18 0.0105759 3.75013 0.000317242
19 0.00618978 3.75013 0.000223275
20 0.00435546 3.75013 0.000211592
21 0.004219 3.75013 0.000194879
22 0.0048243 3.75013 0.000240743
23 0.010767 3.75014 0.0001813
24 0.0152959 3.75014 0.000122667
25 0.0121957 3.75014 7.76351e-05
26 0.00840053 3.75014 8.73891e-05
27 0.00667012 3.75014 8.20713e-05
28 0.00432979 3.75014 3.24947e-05
29 0.0025597 3.75014 2.68713e-05
min energy  # max energy
-6.91174 3.75014
