Initial energy of the MPS: 0.061756
# DMRG Sweep # Mid bond EE # Energy # Std #
0 0.0467798 -5.04471 2.74235
1 0.592302 -6.91174 1.29494e-06
Initial energy of the MPS: 0.176919
# DMRG Sweep # Mid bond EE # Energy # Std #
0 0.0444194 3.52341 0.477982
1 0.130477 3.75 0.000862956
2 0.286309 3.75 0.000184772
3 0.319432 3.75 0.000123286
4 0.327548 3.75 0.000116738
5 0.330801 3.75 0.000111226
6 0.330723 3.75 0.000108944
7 0.329117 3.75 0.000108666
8 0.326249 3.75 0.000123338
9 0.325176 3.75 0.00011713
10 0.322163 3.75 0.000125528
11 0.320809 3.75 0.000133772
12 0.319658 3.75 0.0001349
13 0.318029 3.75 0.000159809
14 0.32101 3.75 0.000137341
15 0.319026 3.75 0.000169224
16 0.32075 3.75 0.000146064
17 0.319633 3.75 0.000161621
18 0.319678 3.75 0.000142455
19 0.316729 3.75 0.00016111
20 0.317056 3.75 0.000148989
21 0.31549 3.75 0.000138717
22 0.31258 3.75 0.000168278
23 0.31258 3.75 0.000125664
24 0.308802 3.75 0.000169227
25 0.309076 3.75 0.0001326
26 0.30581 3.75 0.000156583
27 0.3045 3.75 0.000142051
28 0.30231 3.75 0.000222812
29 0.306186 3.75 0.000144936
30 0.303786 3.75 0.000201445
31 0.30545 3.75 0.000129337
32 0.303042 3.75 0.000142677
33 0.301006 3.75 0.000131913
34 0.299424 3.75 0.000145854
35 0.29846 3.75 0.000211492
36 0.299441 3.75 0.000130498
37 0.297841 3.75 0.000143691
38 0.296807 3.75 0.000157646
39 0.295996 3.75 0.000125201
40 0.294633 3.75 0.000176983
41 0.294319 3.75001 0.000142356
42 0.293365 3.75001 0.000135839
43 0.292065 3.75001 0.000183788
44 0.291361 3.75001 0.000113359
45 0.289897 3.75001 0.000162421
46 0.288689 3.75001 0.000145867
47 0.287497 3.75001 0.00013937
48 0.286038 3.75001 0.000146374
49 0.284983 3.75001 0.000152204
50 0.283517 3.75001 0.000272036
51 0.284644 3.75001 0.000132202
52 0.282658 3.75001 0.000159525
53 0.281327 3.75001 0.000203174
54 0.279561 3.75001 0.000105246
55 0.277583 3.75001 0.000120624
56 0.275494 3.75001 0.000135188
57 0.273303 3.75001 0.000117634
58 0.271054 3.75001 0.000131161
59 0.268687 3.75001 0.000132413
60 0.266242 3.75001 0.000137966
61 0.263611 3.75001 0.000132496
62 0.260789 3.75001 0.000109387
63 0.25802 3.75001 0.000122453
64 0.255331 3.75001 0.000126462
65 0.252342 3.75001 0.000117305
66 0.249157 3.75001 9.9669e-05
67 0.246355 3.75001 0.000135049
68 0.242772 3.75001 0.00013318
69 0.239082 3.75001 0.000118755
70 0.235922 3.75001 0.000123887
71 0.232488 3.75001 0.000136796
72 0.228989 3.75001 0.000112617
73 0.225707 3.75001 0.000113573
74 0.222252 3.75001 0.000108536
75 0.218758 3.75001 0.000117855
76 0.215127 3.75001 0.000109899
77 0.211338 3.75001 0.000114098
78 0.207786 3.75001 0.000108143
79 0.204164 3.75001 0.000121302
80 0.199854 3.75001 9.56112e-05
81 0.196361 3.75001 0.000127189
82 0.19205 3.75001 0.000108498
83 0.188175 3.75001 0.000111047
84 0.184319 3.75001 9.12914e-05
85 0.180548 3.75001 0.000140277
86 0.175339 3.75001 0.000117884
87 0.171144 3.75001 0.000144933
88 0.166261 3.75001 0.000154249
89 0.160598 3.75001 0.000116698
90 0.155987 3.75001 0.000129424
91 0.151469 3.75001 0.00012359
92 0.147009 3.75001 0.00011156
93 0.142757 3.75001 0.000119594
94 0.1382 3.75001 8.58184e-05
95 0.134544 3.75001 0.000136835
96 0.129655 3.75001 0.000220433
97 0.121285 3.75001 8.66587e-05
98 0.117648 3.75001 0.000111574
99 0.113793 3.75001 9.81862e-05
min energy  # max energy
-6.91174 3.75001
