Initial energy of the MPS: 0.0616851
# DMRG Sweep # Mid bond EE # Energy # Std #
0 0.0467762 -5.0447 2.74234
1 0.592302 -6.91174 1.29768e-06
Initial energy of the MPS: 0.176902
# DMRG Sweep # Mid bond EE # Energy # Std #
0 0.0444099 3.52454 0.478776
1 0.134876 3.74999 0.001381
2 0.260439 3.74999 0.000691267
3 0.303932 3.75 0.000661303
4 0.316779 3.75 0.000562618
5 0.301557 3.75001 0.000710107
6 0.302146 3.75001 0.000535351
7 0.291965 3.75001 0.000627898
8 0.288726 3.75002 0.000577282
9 0.286453 3.75002 0.000680391
10 0.286647 3.75002 0.000680007
11 0.285146 3.75003 0.000871743
12 0.28571 3.75003 0.000893586
13 0.282465 3.75003 0.000716652
14 0.275334 3.75003 0.000650629
15 0.265242 3.75004 0.000588392
16 0.251232 3.75004 0.000723714
17 0.236169 3.75004 0.000693594
18 0.219836 3.75004 0.000542305
19 0.199884 3.75005 0.00057114
20 0.179903 3.75005 0.000592314
21 0.157278 3.75005 0.00104532
22 0.137922 3.75005 0.000261145
23 0.120558 3.75006 0.000357544
24 0.103234 3.75006 0.000330943
25 0.0868808 3.75006 0.000351344
26 0.0712295 3.75006 0.000392533
27 0.0549843 3.75006 0.000345514
28 0.0420107 3.75006 0.00029676
29 0.0310647 3.75006 0.000275835
30 0.0217736 3.75006 0.00021004
31 0.0146063 3.75006 0.000153579
32 0.00944417 3.75006 0.00014897
33 0.00597717 3.75007 0.000109724
34 0.00396265 3.75007 0.000105417
35 0.00317486 3.75007 9.00137e-05
36 0.00330094 3.75007 0.00011442
37 0.00521986 3.75007 7.18668e-05
38 0.0056348 3.75007 0.000102419
39 0.00671536 3.75007 0.000132462
40 0.0102618 3.75007 0.000126063
41 0.0131693 3.75007 0.000106951
42 0.0215561 3.75007 8.50694e-05
43 0.0225077 3.75007 8.55279e-05
44 0.0224077 3.75007 9.17131e-05
45 0.0209461 3.75007 7.3365e-05
46 0.018499 3.75007 6.48831e-05
47 0.0155014 3.75007 5.63551e-05
48 0.0123458 3.75007 5.27097e-05
49 0.00975904 3.75007 5.24369e-05
50 0.00781436 3.75007 4.76922e-05
51 0.00626961 3.75007 4.1382e-05
52 0.00490457 3.75007 4.20201e-05
53 0.00393816 3.75007 3.52873e-05
54 0.00328633 3.75007 3.19967e-05
55 0.0027508 3.75007 3.03488e-05
56 0.00224499 3.75007 2.91572e-05
min energy  # max energy
-6.91174 3.75007
