Initial energy of the MPS: 0.061702
# DMRG Sweep # Mid bond EE # Energy # Std #
0 0.0467808 -5.04473 2.74236
1 0.592302 -6.91174 1.32478e-06
Initial energy of the MPS: 0.176829
# DMRG Sweep # Mid bond EE # Energy # Std #
0 0.0443316 3.52385 0.47823
1 0.12428 3.75002 0.000407712
2 0.196044 3.75002 0.00013398
3 0.21047 3.75002 0.000198562
4 0.216957 3.75002 0.000654976
5 0.17786 3.75002 0.000318541
6 0.219016 3.75002 0.000183436
7 0.242754 3.75002 0.000177383
8 0.245872 3.75002 0.000216734
9 0.241238 3.75002 0.000231618
10 0.238765 3.75002 0.000269452
11 0.23587 3.75002 0.000249647
12 0.239358 3.75002 0.00025824
13 0.235699 3.75002 0.000184889
14 0.231043 3.75002 0.000128386
15 0.222681 3.75002 0.000116069
16 0.212647 3.75003 8.82221e-05
17 0.201856 3.75003 7.29438e-05
18 0.19106 3.75003 6.23665e-05
19 0.181501 3.75003 7.32617e-05
20 0.172608 3.75003 7.00853e-05
21 0.166681 3.75003 6.47302e-05
22 0.15823 3.75003 5.68216e-05
23 0.149528 3.75003 5.16173e-05
24 0.14104 3.75003 5.62577e-05
25 0.133813 3.75003 4.59733e-05
26 0.127173 3.75003 2.85819e-05
min energy  # max energy
-6.91174 3.75003
