Initial energy of the MPS: 0.0617484
# DMRG Sweep # Mid bond EE # Energy # Std #
0 0.0467801 -5.04468 2.74233
1 0.592302 -6.91174 1.24458e-06
Initial energy of the MPS: 0.176911
# DMRG Sweep # Mid bond EE # Energy # Std #
0 0.0443809 3.52352 0.478344
1 0.136395 3.75005 0.00091196
2 0.171401 3.75005 0.000606684
3 0.203284 3.75006 0.00059648
4 0.197582 3.75006 0.00019265
5 0.203169 3.75006 0.000165711
6 0.190189 3.75007 0.000201205
7 0.175797 3.75007 0.000237652
8 0.157741 3.75007 0.000259467
9 0.135937 3.75007 0.000217108
10 0.110405 3.75007 0.000200412
11 0.0897368 3.75007 0.000183618
12 0.0732779 3.75007 0.000233677
13 0.0616957 3.75007 0.000244241
14 0.0522578 3.75007 0.000224807
15 0.0448225 3.75007 0.000173478
16 0.0380935 3.75007 0.000168887
17 0.0323987 3.75007 0.000155856
18 0.0280307 3.75007 0.000108685
19 0.0230092 3.75007 0.000108486
20 0.019017 3.75007 8.80267e-05
21 0.0157235 3.75007 8.3385e-05
22 0.0129808 3.75007 6.72158e-05
23 0.0102913 3.75007 6.28008e-05
24 0.00817067 3.75007 5.87086e-05
25 0.00656396 3.75007 5.42546e-05
26 0.00537356 3.75007 3.25978e-05
27 0.00419178 3.75007 3.11602e-05
28 0.0032862 3.75007 2.55246e-05
min energy  # max energy
-6.91174 3.75007
