Initial energy of the MPS: 0.0616674
# DMRG Sweep # Mid bond EE # Energy # Std #
0 0.0467771 -5.04473 2.74235
1 0.592302 -6.91174 1.2922e-06
Initial energy of the MPS: 0.176855
# DMRG Sweep # Mid bond EE # Energy # Std #
0 0.0443156 3.52284 0.478464
1 0.151316 3.74999 0.0010451
2 0.257683 3.75 0.000313577
3 0.276565 3.75 0.000300032
4 0.265681 3.75 0.000371676
5 0.265326 3.75 0.000387127
6 0.261761 3.75 0.000439203
7 0.268617 3.75001 0.000475304
8 0.280457 3.75001 0.000629073
9 0.333302 3.75001 0.000525198
10 0.347288 3.75001 0.000621424
11 0.41234 3.75002 0.000427306
12 0.429659 3.75002 0.00036133
13 0.422365 3.75002 0.000393625
14 0.419202 3.75002 0.000393012
15 0.419971 3.75002 0.000397135
16 0.414218 3.75002 0.000417321
17 0.413314 3.75002 0.000421053
18 0.412054 3.75002 0.000387103
19 0.404229 3.75003 0.000377791
20 0.392011 3.75003 0.000372748
21 0.377201 3.75003 0.00034999
22 0.359457 3.75003 0.000337057
23 0.343912 3.75003 0.000292429
24 0.324543 3.75003 0.000328138
25 0.309086 3.75003 0.000307641
26 0.290815 3.75003 0.000300947
27 0.272747 3.75003 0.000364578
28 0.26007 3.75003 0.000302626
29 0.244081 3.75003 0.000292846
30 0.227905 3.75004 0.000350551
31 0.216856 3.75004 0.000344112
32 0.20687 3.75004 0.000245906
33 0.189347 3.75004 0.000334792
34 0.180583 3.75004 0.000247263
35 0.164705 3.75004 0.000232934
36 0.150247 3.75004 0.000258759
37 0.138052 3.75004 0.000280686
38 0.128292 3.75004 0.000195956
39 0.114204 3.75004 0.00022872
40 0.103534 3.75004 0.000129103
41 0.0908163 3.75004 0.000227897
42 0.0813852 3.75004 0.000162901
43 0.0714416 3.75004 0.000192614
44 0.0620202 3.75004 0.000144331
45 0.0536377 3.75004 0.000147348
46 0.0455772 3.75004 0.00013548
47 0.0387757 3.75004 0.000152026
48 0.0332956 3.75004 0.00011501
49 0.0285186 3.75004 0.000109863
50 0.024071 3.75004 0.000107872
51 0.0202965 3.75004 0.000105398
52 0.0172836 3.75004 8.23654e-05
53 0.0146724 3.75004 7.34777e-05
54 0.0124281 3.75004 6.93454e-05
55 0.0103764 3.75004 6.8756e-05
56 0.00859921 3.75004 5.72627e-05
57 0.00728503 3.75004 5.31277e-05
58 0.00600701 3.75004 4.79217e-05
59 0.00493287 3.75004 4.18652e-05
60 0.00406149 3.75004 3.8186e-05
61 0.00334034 3.75004 3.35448e-05
62 0.00279535 3.75004 4.05754e-05
63 0.00228346 3.75004 3.0533e-05
64 0.00191118 3.75004 3.38596e-05
65 0.00167688 3.75004 3.02183e-05
66 0.00146488 3.75004 2.29351e-05
min energy  # max energy
-6.91174 3.75004
