Initial energy of the MPS: 0.0616753
# DMRG Sweep # Mid bond EE # Energy # Std #
0 0.0467758 -5.04468 2.74233
1 0.592302 -6.91174 1.26159e-06
Initial energy of the MPS: 0.176872
# DMRG Sweep # Mid bond EE # Energy # Std #
0 0.044492 3.52407 0.477682
1 0.118739 3.74998 0.00139601
2 0.27011 3.74999 0.000906146
3 0.295634 3.75 0.00111002
4 0.349342 3.75001 0.000534095
5 0.318601 3.75001 0.000669047
6 0.308527 3.75002 0.000811821
7 0.308568 3.75002 0.00081626
8 0.31057 3.75003 0.000830326
9 0.310677 3.75003 0.000765169
10 0.306947 3.75004 0.000854332
11 0.301526 3.75004 0.000734483
12 0.290885 3.75004 0.000852245
13 0.27746 3.75005 0.000699097
14 0.258033 3.75005 0.000705398
15 0.235772 3.75006 0.000719461
16 0.21109 3.75006 0.000785286
17 0.182882 3.75006 0.000685248
18 0.155878 3.75007 0.00060205
19 0.131361 3.75007 0.00128983
20 0.109575 3.75008 0.000289319
21 0.0916566 3.75008 0.000343365
22 0.0760493 3.75008 0.000405816
23 0.0580819 3.75008 0.000369735
24 0.0439848 3.75008 0.000396784
25 0.0322112 3.75008 0.000485353
26 0.0222464 3.75009 0.000197959
27 0.0156202 3.75009 0.000148503
28 0.0110012 3.75009 0.000154984
29 0.00738325 3.75009 0.000198617
30 0.00516234 3.75009 0.000105527
31 0.00341418 3.75009 8.72566e-05
32 0.00231491 3.75009 8.12132e-05
33 0.00153719 3.75009 6.84095e-05
34 0.000956877 3.75009 6.19308e-05
35 0.000657166 3.75009 5.16389e-05
36 0.000477207 3.75009 4.8218e-05
37 0.000370536 3.75009 4.61177e-05
38 0.000307484 3.75009 3.76106e-05
39 0.000313265 3.75009 4.60025e-05
40 0.000594998 3.75009 5.96723e-05
41 0.00118554 3.75009 8.04436e-05
42 0.00268078 3.75009 7.09482e-05
43 0.00318845 3.75009 0.000143378
44 0.00342403 3.75009 0.000139201
45 0.00316603 3.75009 0.00015292
46 0.00355036 3.75009 0.000102544
47 0.00321807 3.75009 6.05099e-05
48 0.00247233 3.75009 1.88511e-05
min energy  # max energy
-6.91174 3.75009
