Initial energy of the MPS: 0.0617053
# DMRG Sweep # Mid bond EE # Energy # Std #
0 0.0467795 -5.04471 2.74235
1 0.592302 -6.91174 1.27838e-06
Initial energy of the MPS: 0.176851
# DMRG Sweep # Mid bond EE # Energy # Std #
0 0.0443427 3.52295 0.478147
1 0.147962 3.74998 0.00240457
2 0.194025 3.75003 0.00217286
3 0.271533 3.75006 0.00192641
4 0.260718 3.75008 0.0015289
5 0.253077 3.75011 0.00214049
6 0.260888 3.75013 0.00178328
7 0.244892 3.75015 0.00186058
8 0.22265 3.75017 0.00149439
9 0.170888 3.75018 0.00118553
10 0.109396 3.75019 0.000987446
11 0.0670558 3.7502 0.000752636
12 0.0349801 3.7502 0.000487995
13 0.0159509 3.7502 0.000368203
14 0.00661318 3.7502 0.000164472
15 0.00240319 3.75021 0.000103161
16 0.000775866 3.75021 6.26219e-05
17 0.000234061 3.75021 4.61802e-05
18 0.000124023 3.75021 9.97643e-05
19 0.000184177 3.75021 8.68974e-05
20 0.000111087 3.75021 3.59221e-05
21 3.55791e-05 3.75021 3.18804e-05
22 8.6612e-06 3.75021 1.15512e-05
min energy  # max energy
-6.91174 3.75021
