Initial energy of the MPS: 0.0616994
# DMRG Sweep # Mid bond EE # Energy # Std #
0 0.0467799 -5.04473 2.74236
1 0.592302 -6.91174 1.30587e-06
Initial energy of the MPS: 0.176807
# DMRG Sweep # Mid bond EE # Energy # Std #
0 0.044418 3.52397 0.478545
1 0.134599 3.74998 0.00171826
2 0.235856 3.75 0.00111443
3 0.287262 3.75001 0.00117667
4 0.297019 3.75002 0.00101179
5 0.286781 3.75003 0.00124408
6 0.294252 3.75004 0.00131748
7 0.299752 3.75005 0.00121356
8 0.294432 3.75005 0.00144731
9 0.297973 3.75006 0.00106996
10 0.276144 3.75007 0.00100324
11 0.247905 3.75008 0.0015424
12 0.235136 3.75008 0.000943854
13 0.199125 3.75009 0.000687269
14 0.162675 3.75009 0.000577634
15 0.130411 3.75009 0.000595208
16 0.100112 3.7501 0.000785495
17 0.0711719 3.7501 0.000578014
18 0.048413 3.7501 0.000732711
19 0.0290578 3.75011 0.000484909
20 0.0162259 3.75011 0.000243684
21 0.00859947 3.75011 0.00016182
22 0.00409538 3.75011 0.00014473
23 0.00161154 3.75011 0.000120178
24 0.000655572 3.75011 8.7206e-05
25 0.000552641 3.75011 8.36119e-05
26 0.000180383 3.75011 7.45941e-05
27 0.000693358 3.75011 5.29285e-05
28 0.00108435 3.75011 5.06056e-05
29 0.00169761 3.75011 7.46702e-05
30 0.00214276 3.75011 7.08868e-05
31 0.00230818 3.75011 5.64738e-05
32 0.00224425 3.75011 6.17901e-05
33 0.00197355 3.75011 6.29993e-05
34 0.0017887 3.75011 5.18836e-05
35 0.00159752 3.75011 5.03345e-05
36 0.00136245 3.75011 5.25819e-05
37 0.00118441 3.75011 5.06067e-05
38 0.00100508 3.75011 4.14626e-05
39 0.000808327 3.75011 3.54318e-05
40 0.000607397 3.75011 2.88466e-05
min energy  # max energy
-6.91174 3.75011
