Initial energy of the MPS: 0.0617112
# DMRG Sweep # Mid bond EE # Energy # Std #
0 0.0467788 -5.04474 2.74236
1 0.592302 -6.91174 1.25877e-06
Initial energy of the MPS: 0.176796
# DMRG Sweep # Mid bond EE # Energy # Std #
0 0.0443688 3.52331 0.478046
1 0.134629 3.75004 0.00079939
2 0.171989 3.75004 0.000623034
3 0.208427 3.75005 0.000741893
4 0.19848 3.75005 0.00024233
5 0.207512 3.75005 0.000179296
6 0.202098 3.75005 0.000201816
7 0.188913 3.75005 0.000227831
8 0.172554 3.75006 0.000273764
9 0.156573 3.75006 0.000203886
10 0.129258 3.75006 0.000210499
11 0.107153 3.75006 0.000221552
12 0.0896907 3.75006 0.000180624
13 0.0752171 3.75006 0.000164764
14 0.0634091 3.75006 0.000147377
15 0.0533896 3.75006 0.000139705
16 0.0452001 3.75006 0.000117329
17 0.03829 3.75006 0.000122286
18 0.0325533 3.75006 0.000127771
19 0.0275436 3.75006 0.000117576
20 0.0232274 3.75006 0.000135394
21 0.0193223 3.75006 0.000123202
22 0.0159993 3.75006 0.000121598
23 0.0130036 3.75006 0.000121907
24 0.0103615 3.75006 0.000101126
25 0.00831431 3.75006 8.69744e-05
26 0.00679524 3.75006 6.16146e-05
27 0.00540847 3.75006 6.63994e-05
28 0.00445423 3.75006 3.77009e-05
29 0.00348508 3.75006 5.11242e-05
30 0.00290578 3.75006 3.32039e-05
31 0.00232696 3.75006 3.2355e-05
32 0.00193273 3.75006 2.90151e-05
min energy  # max energy
-6.91174 3.75006
