Initial energy of the MPS: 0.0617606
# DMRG Sweep # Mid bond EE # Energy # Std #
0 0.0467781 -5.04465 2.74232
1 0.592302 -6.91174 1.25028e-06
Initial energy of the MPS: 0.176848
# DMRG Sweep # Mid bond EE # Energy # Std #
0 0.0443882 3.52416 0.478213
1 0.126396 3.75002 0.000454897
2 0.186343 3.75002 0.000168025
3 0.21633 3.75002 0.000408609
4 0.214091 3.75002 0.00066103
5 0.194034 3.75002 0.000155952
6 0.230186 3.75002 0.000108827
7 0.221527 3.75002 0.000101902
8 0.213766 3.75002 0.000115893
9 0.209338 3.75002 0.000108234
10 0.200686 3.75002 0.0001114
11 0.191771 3.75002 0.000122297
12 0.185256 3.75002 0.000122654
13 0.177545 3.75002 0.000127312
14 0.172537 3.75002 0.000105891
15 0.162791 3.75002 0.000127844
16 0.158851 3.75003 0.000112666
17 0.15078 3.75003 0.000111056
18 0.143731 3.75003 0.000103757
19 0.135029 3.75003 0.000105379
20 0.126146 3.75003 0.000109364
21 0.118985 3.75003 0.000108832
22 0.111946 3.75003 0.000103004
23 0.105648 3.75003 9.98915e-05
24 0.0992598 3.75003 9.92601e-05
25 0.0933595 3.75003 0.000107515
26 0.0891039 3.75003 8.98681e-05
27 0.083459 3.75003 9.43547e-05
28 0.0785197 3.75003 0.00010096
29 0.0738241 3.75003 9.31505e-05
30 0.0694886 3.75003 9.45307e-05
31 0.0651946 3.75003 8.76646e-05
32 0.0607415 3.75003 8.68976e-05
33 0.055875 3.75003 8.96596e-05
34 0.0523628 3.75003 7.77785e-05
35 0.0482073 3.75003 8.49365e-05
36 0.0451172 3.75003 7.33591e-05
37 0.0414889 3.75003 7.364e-05
38 0.0383056 3.75003 8.63687e-05
39 0.0364684 3.75003 7.79073e-05
40 0.0343277 3.75003 8.25961e-05
41 0.0337504 3.75003 6.01916e-05
42 0.0318702 3.75003 5.02729e-05
43 0.0294852 3.75003 5.10939e-05
44 0.0276031 3.75003 4.7316e-05
45 0.0255348 3.75003 5.08694e-05
46 0.024231 3.75003 4.59726e-05
47 0.0229096 3.75003 4.64547e-05
48 0.0220482 3.75003 4.35004e-05
49 0.0212777 3.75003 4.32141e-05
50 0.0208898 3.75003 3.51562e-05
51 0.0200516 3.75003 3.54316e-05
52 0.0197185 3.75003 2.76907e-05
min energy  # max energy
-6.91174 3.75003
