Initial energy of the MPS: 0.061753
# DMRG Sweep # Mid bond EE # Energy # Std #
0 0.0467779 -5.0447 2.74234
1 0.592302 -6.91174 1.25595e-06
Initial energy of the MPS: 0.176875
# DMRG Sweep # Mid bond EE # Energy # Std #
0 0.0444485 3.52345 0.478094
1 0.141848 3.75003 0.000540166
2 0.184197 3.75003 0.000341085
3 0.207876 3.75003 0.000910595
4 0.181989 3.75004 0.000561392
5 0.237366 3.75004 0.00025715
6 0.257075 3.75004 0.000192775
7 0.238463 3.75004 0.000193467
8 0.224597 3.75004 0.000173031
9 0.207858 3.75004 0.000176093
10 0.192349 3.75004 0.00017198
11 0.175142 3.75004 0.000165534
12 0.158503 3.75004 0.00016245
13 0.141924 3.75004 0.000147528
14 0.12819 3.75004 0.000132576
15 0.112267 3.75004 0.000125452
16 0.0976418 3.75004 0.000132531
17 0.0851341 3.75004 0.000125863
18 0.0744414 3.75004 0.000127918
19 0.0645131 3.75004 9.56819e-05
20 0.0556085 3.75004 9.39288e-05
21 0.0477186 3.75004 8.72938e-05
22 0.0407162 3.75004 9.35054e-05
23 0.0349674 3.75004 7.5004e-05
24 0.029718 3.75004 5.699e-05
25 0.0253325 3.75004 5.41122e-05
26 0.021551 3.75004 5.31767e-05
27 0.0183578 3.75004 4.76895e-05
28 0.0156421 3.75004 4.42675e-05
29 0.0133163 3.75004 4.3639e-05
30 0.0113187 3.75004 4.06918e-05
31 0.00961582 3.75004 3.99461e-05
32 0.00815461 3.75004 3.87054e-05
33 0.00691457 3.75004 3.85417e-05
34 0.00585507 3.75004 2.87637e-05
min energy  # max energy
-6.91174 3.75004
