Initial energy of the MPS: 0.0616971
# DMRG Sweep # Mid bond EE # Energy # Std #
0 0.0467795 -5.04473 2.74236
1 0.592302 -6.91174 1.28392e-06
Initial energy of the MPS: 0.17689
# DMRG Sweep # Mid bond EE # Energy # Std #
0 0.0443599 3.52313 0.478217
1 0.137011 3.75007 0.00119552
2 0.16127 3.75008 0.000943418
3 0.177214 3.75009 0.000743256
4 0.165861 3.7501 0.000392765
5 0.166553 3.7501 0.000310372
6 0.146847 3.7501 0.000324645
7 0.125391 3.7501 0.000311019
8 0.0990684 3.7501 0.000273865
9 0.0812156 3.75011 0.000239933
10 0.0629959 3.75011 0.000206475
11 0.048794 3.75011 0.000156543
12 0.0360234 3.75011 0.000124662
13 0.0273291 3.75011 8.89342e-05
14 0.019206 3.75011 8.29364e-05
15 0.0133854 3.75011 6.7663e-05
16 0.00937359 3.75011 5.97476e-05
17 0.00646835 3.75011 6.37084e-05
18 0.00464613 3.75011 4.06073e-05
19 0.00313308 3.75011 4.44114e-05
20 0.00215868 3.75011 3.50761e-05
21 0.00143323 3.75011 3.32803e-05
22 0.000944741 3.75011 2.23091e-05
min energy  # max energy
-6.91174 3.75011
