Initial energy of the MPS: 0.0616812
# DMRG Sweep # Mid bond EE # Energy # Std #
0 0.046779 -5.04474 2.74236
1 0.592302 -6.91174 1.30587e-06
Initial energy of the MPS: 0.176797
# DMRG Sweep # Mid bond EE # Energy # Std #
0 0.0443552 3.5235 0.479025
1 0.146958 3.74999 0.00233763
2 0.189098 3.75001 0.00161964
3 0.243346 3.75003 0.00132693
4 0.237565 3.75004 0.00113381
5 0.23315 3.75005 0.00177782
6 0.246262 3.75007 0.00119996
7 0.248603 3.75008 0.00140571
8 0.244643 3.75009 0.00134196
9 0.223202 3.7501 0.0016309
10 0.21403 3.75011 0.000905991
11 0.166949 3.75011 0.00101263
12 0.131072 3.75012 0.000595787
13 0.0968781 3.75012 0.000730036
14 0.0681972 3.75013 0.000704596
15 0.0458646 3.75013 0.000422943
16 0.0292405 3.75013 0.000508688
17 0.0163662 3.75013 0.000277499
18 0.00888924 3.75013 0.000333839
19 0.00419158 3.75014 0.000135914
20 0.00192269 3.75014 0.000104941
21 0.00105132 3.75014 7.70031e-05
22 0.000853092 3.75014 0.000112797
23 0.00105928 3.75014 0.000131487
24 0.00159417 3.75014 0.000107634
25 0.00162374 3.75014 0.00010899
26 0.00187959 3.75014 8.54708e-05
27 0.00214451 3.75014 6.70832e-05
28 0.00225068 3.75014 5.52955e-05
29 0.00191227 3.75014 5.75599e-05
30 0.00169204 3.75014 5.11123e-05
31 0.00151652 3.75014 3.74629e-05
32 0.00135121 3.75014 2.04173e-05
min energy  # max energy
-6.91174 3.75014
