Initial energy of the MPS: 0.061718
# DMRG Sweep # Mid bond EE # Energy # Std #
0 0.04678 -5.04473 2.74235
1 0.592302 -6.91174 1.24458e-06
Initial energy of the MPS: 0.176888
# DMRG Sweep # Mid bond EE # Energy # Std #
0 0.0443817 3.52344 0.47811
1 0.125012 3.74999 0.00116824
2 0.281647 3.74999 0.000569466
3 0.305252 3.75 0.000508494
4 0.299178 3.75 0.000646378
5 0.309396 3.75 0.000567686
6 0.30528 3.75001 0.000883136
7 0.336514 3.75001 0.000386673
8 0.320798 3.75001 0.000415703
9 0.313666 3.75001 0.000424177
10 0.309748 3.75002 0.000486391
11 0.309176 3.75002 0.000532801
12 0.308368 3.75002 0.000655841
13 0.310945 3.75002 0.000513473
14 0.308074 3.75002 0.000544881
15 0.304361 3.75003 0.000646776
16 0.299576 3.75003 0.000458934
17 0.291261 3.75003 0.000452231
18 0.280973 3.75003 0.000472707
19 0.268927 3.75003 0.000480667
20 0.254761 3.75003 0.000455602
21 0.23935 3.75004 0.000443809
22 0.22374 3.75004 0.000455629
23 0.206669 3.75004 0.000407285
24 0.189845 3.75004 0.000468865
25 0.171621 3.75004 0.00047275
26 0.152523 3.75005 0.000864763
27 0.12726 3.75005 0.000279089
28 0.114247 3.75005 0.000581381
29 0.0950667 3.75005 0.000220455
30 0.0838282 3.75005 0.000240424
31 0.0726867 3.75005 0.000285764
32 0.0618232 3.75005 0.00033404
33 0.0510162 3.75005 0.000313253
34 0.0414501 3.75005 0.000272871
35 0.0332676 3.75005 0.000230991
36 0.0265425 3.75006 0.000242457
37 0.0206838 3.75006 0.000174341
38 0.0159512 3.75006 0.000279144
39 0.0123454 3.75006 0.000176084
40 0.0100972 3.75006 0.000106037
41 0.00737494 3.75006 0.000102365
42 0.00565223 3.75006 0.000112579
43 0.00504241 3.75006 0.00012034
44 0.0053842 3.75006 8.63527e-05
45 0.00506402 3.75006 9.87728e-05
46 0.00577481 3.75006 8.63429e-05
47 0.00584299 3.75006 6.90399e-05
48 0.00567446 3.75006 6.1575e-05
49 0.00567063 3.75006 5.87659e-05
50 0.00519498 3.75006 5.18938e-05
51 0.00456852 3.75006 5.09587e-05
52 0.00395702 3.75006 5.28709e-05
53 0.00344811 3.75006 5.15673e-05
54 0.00306946 3.75006 4.54041e-05
55 0.00263947 3.75006 4.09865e-05
56 0.0022537 3.75006 3.69986e-05
57 0.00188975 3.75006 3.60953e-05
58 0.00159846 3.75006 3.11974e-05
59 0.00132517 3.75006 3.16447e-05
60 0.00109881 3.75006 2.557e-05
min energy  # max energy
-6.91174 3.75006
