Initial energy of the MPS: 0.0617436
# DMRG Sweep # Mid bond EE # Energy # Std #
0 0.0467771 -5.04472 2.74235
1 0.592302 -6.91174 1.24172e-06
Initial energy of the MPS: 0.176868
# DMRG Sweep # Mid bond EE # Energy # Std #
0 0.0445121 3.52238 0.477034
1 0.144899 3.75006 0.000994537
2 0.161799 3.75007 0.000785878
3 0.181072 3.75008 0.000274704
4 0.181661 3.75008 0.000245508
5 0.179446 3.75009 0.000298012
6 0.169458 3.75009 0.000391518
7 0.141747 3.75009 0.000382797
8 0.126357 3.75009 0.000327584
9 0.098618 3.75009 0.000290418
10 0.0751837 3.75009 0.000292051
11 0.0570814 3.75009 0.000231802
12 0.0429563 3.75009 0.000244293
13 0.0327196 3.75009 0.00018695
14 0.0241192 3.75009 0.000167635
15 0.0178538 3.7501 0.000160989
16 0.0130006 3.7501 0.000126939
17 0.00946903 3.7501 9.25099e-05
18 0.00678161 3.7501 8.25803e-05
19 0.00481678 3.7501 5.64413e-05
20 0.00336767 3.7501 4.71251e-05
21 0.0023667 3.7501 4.21857e-05
22 0.00168126 3.7501 3.75422e-05
23 0.00122509 3.7501 2.98855e-05
min energy  # max energy
-6.91174 3.7501
