Initial energy of the MPS: 0.0617008
# DMRG Sweep # Mid bond EE # Energy # Std #
0 0.046783 -5.04473 2.74235
1 0.592302 -6.91174 1.2756e-06
Initial energy of the MPS: 0.17689
# DMRG Sweep # Mid bond EE # Energy # Std #
0 0.0444081 3.52388 0.478239
1 0.125987 3.75003 0.000604283
2 0.177588 3.75003 0.000297188
3 0.210197 3.75003 0.000809782
4 0.186491 3.75004 0.000640424
5 0.222645 3.75004 0.000280005
6 0.246053 3.75004 0.000176338
7 0.238697 3.75004 0.000139406
8 0.22802 3.75004 0.000116691
9 0.215261 3.75004 0.000115452
10 0.197053 3.75004 0.000134051
11 0.185528 3.75004 0.000127336
12 0.173102 3.75004 0.00012226
13 0.159945 3.75004 0.000123238
14 0.146063 3.75004 0.000121035
15 0.132278 3.75004 0.000121504
16 0.119104 3.75004 0.000146688
17 0.111664 3.75004 0.000104211
18 0.100245 3.75004 0.000130471
19 0.0934456 3.75004 0.00010515
20 0.0841356 3.75004 0.000116218
21 0.0790983 3.75004 9.0221e-05
22 0.0716592 3.75004 9.16834e-05
23 0.0671257 3.75004 8.60957e-05
24 0.061491 3.75004 7.33429e-05
25 0.0555521 3.75004 6.58983e-05
26 0.0501384 3.75004 5.20681e-05
27 0.0437652 3.75004 5.82518e-05
28 0.0389191 3.75004 5.18681e-05
29 0.0343138 3.75004 4.9893e-05
30 0.0308446 3.75004 4.75666e-05
31 0.0281252 3.75004 3.94041e-05
32 0.0248785 3.75004 3.20492e-05
33 0.0217206 3.75004 3.85605e-05
34 0.0193726 3.75004 2.86923e-05
min energy  # max energy
-6.91174 3.75004
