Initial energy of the MPS: 0.0617118
# DMRG Sweep # Mid bond EE # Energy # Std #
0 0.0467717 -5.04468 2.74233
1 0.592302 -6.91174 1.26159e-06
Initial energy of the MPS: 0.176893
# DMRG Sweep # Mid bond EE # Energy # Std #
0 0.0444415 3.5243 0.478122
1 0.13265 3.74998 0.00203901
2 0.221545 3.75 0.00143425
3 0.290759 3.75002 0.00137151
4 0.283954 3.75003 0.00114217
5 0.269485 3.75004 0.00107047
6 0.263667 3.75006 0.00163352
7 0.282825 3.75007 0.00150888
8 0.270623 3.75008 0.00160286
9 0.25276 3.75009 0.00163112
10 0.237819 3.7501 0.00142035
11 0.205611 3.75011 0.0010349
12 0.160826 3.75012 0.000812411
13 0.120972 3.75012 0.00065126
14 0.0867607 3.75013 0.000874235
15 0.0563079 3.75013 0.000876897
16 0.0323157 3.75013 0.000283364
17 0.0196479 3.75013 0.000336343
18 0.0100001 3.75014 0.000294638
19 0.00421733 3.75014 0.000238868
20 0.00145458 3.75014 8.11098e-05
21 0.000404245 3.75014 8.92937e-05
22 0.000112944 3.75014 8.09259e-05
23 6.72626e-05 3.75014 6.33657e-05
24 0.000178307 3.75014 5.48237e-05
25 0.000457707 3.75014 3.49367e-05
26 0.00042174 3.75014 3.52481e-05
27 0.000388937 3.75014 2.9492e-05
min energy  # max energy
-6.91174 3.75014
