Initial energy of the MPS: 0.0616937
# DMRG Sweep # Mid bond EE # Energy # Std #
0 0.0467806 -5.04471 2.74235
1 0.592302 -6.91174 1.28945e-06
Initial energy of the MPS: 0.176875
# DMRG Sweep # Mid bond EE # Energy # Std #
0 0.044376 3.52343 0.478087
1 0.132913 3.75004 0.000806874
2 0.175945 3.75004 0.000449146
3 0.214398 3.75004 0.000438734
4 0.22149 3.75004 0.000314994
5 0.223051 3.75004 0.000245337
6 0.217431 3.75005 0.000239668
7 0.194389 3.75005 0.000266734
8 0.184368 3.75005 0.000259911
9 0.169439 3.75005 0.000241588
10 0.14916 3.75005 0.000267666
11 0.134314 3.75005 0.000241314
12 0.121047 3.75005 0.000242796
13 0.114277 3.75005 0.000209963
14 0.103094 3.75005 0.000199557
15 0.0927625 3.75005 0.000178025
16 0.0879193 3.75005 0.000154406
17 0.0799707 3.75005 0.000138975
18 0.0729644 3.75005 0.000110157
19 0.0662184 3.75005 0.000103504
20 0.0573131 3.75005 0.00010304
21 0.0510701 3.75005 9.31867e-05
22 0.045642 3.75005 7.01222e-05
23 0.0383643 3.75005 7.43177e-05
24 0.0329444 3.75005 6.62731e-05
25 0.0279691 3.75005 6.84638e-05
26 0.0242913 3.75005 5.43744e-05
27 0.0204967 3.75005 5.38476e-05
28 0.0175003 3.75005 4.53669e-05
29 0.0147428 3.75005 4.12799e-05
30 0.0124213 3.75005 3.82106e-05
31 0.0105865 3.75005 3.21208e-05
32 0.00892976 3.75005 2.72339e-05
min energy  # max energy
-6.91174 3.75005
