Initial energy of the MPS: 0.0616712
# DMRG Sweep # Mid bond EE # Energy # Std #
0 0.0467718 -5.04472 2.74235
1 0.592302 -6.91174 1.28945e-06
Initial energy of the MPS: 0.176798
# DMRG Sweep # Mid bond EE # Energy # Std #
0 0.0443346 3.52324 0.478214
1 0.137997 3.74999 0.000998532
2 0.26283 3.75 0.000384173
3 0.305595 3.75 0.000338093
4 0.304192 3.75 0.00045693
5 0.311058 3.75 0.000500744
6 0.320076 3.75 0.000491842
7 0.324724 3.75001 0.000588563
8 0.34372 3.75001 0.000508746
9 0.347468 3.75001 0.000627841
10 0.379635 3.75001 0.000540187
11 0.400138 3.75002 0.00057685
12 0.449309 3.75002 0.0004076
13 0.473942 3.75002 0.000371327
14 0.491274 3.75002 0.000334041
15 0.505941 3.75002 0.000303773
16 0.510834 3.75002 0.00030779
17 0.500405 3.75002 0.000287596
18 0.496907 3.75002 0.00028065
19 0.486206 3.75003 0.000301382
20 0.476091 3.75003 0.000266108
21 0.466087 3.75003 0.000257486
22 0.450987 3.75003 0.000289943
23 0.442533 3.75003 0.000285156
24 0.420695 3.75003 0.000298525
25 0.401481 3.75003 0.000317354
26 0.379066 3.75003 0.000304726
27 0.360372 3.75003 0.000315583
28 0.337289 3.75003 0.000367141
29 0.326048 3.75003 0.00026914
30 0.304164 3.75004 0.000291749
31 0.28445 3.75004 0.000334333
32 0.272197 3.75004 0.00024431
33 0.251906 3.75004 0.000290064
34 0.236866 3.75004 0.000281455
35 0.222508 3.75004 0.000248051
36 0.206673 3.75004 0.000284317
37 0.196793 3.75004 0.000244991
38 0.186097 3.75004 0.000230797
39 0.173254 3.75004 0.000213572
40 0.158694 3.75004 0.000209092
41 0.143569 3.75004 0.000193815
42 0.130644 3.75004 0.000166281
43 0.115563 3.75004 0.00018519
44 0.104261 3.75004 0.000173778
45 0.0919387 3.75004 0.000164537
46 0.0807766 3.75004 0.000183405
47 0.0715494 3.75004 0.000153316
48 0.0621679 3.75004 0.000133976
49 0.0538878 3.75004 0.000159255
50 0.0473827 3.75004 0.00011191
51 0.0405415 3.75004 0.000129713
52 0.03469 3.75004 0.000113852
53 0.0290254 3.75004 9.34866e-05
54 0.0242668 3.75004 9.72989e-05
55 0.0201455 3.75004 8.62416e-05
56 0.0170313 3.75004 7.07623e-05
57 0.0141044 3.75004 0.000105593
58 0.0118045 3.75004 5.74589e-05
59 0.00991016 3.75004 7.50663e-05
60 0.00829082 3.75004 5.22649e-05
61 0.00671637 3.75004 4.74045e-05
62 0.00551108 3.75004 5.07397e-05
63 0.00452896 3.75004 4.73671e-05
64 0.0036559 3.75004 3.74238e-05
65 0.0029935 3.75005 3.78686e-05
66 0.00244318 3.75005 2.8499e-05
min energy  # max energy
-6.91174 3.75005
