Initial energy of the MPS: 0.0617249
# DMRG Sweep # Mid bond EE # Energy # Std #
0 0.0467772 -5.0447 2.74234
1 0.592302 -6.91174 1.27281e-06
Initial energy of the MPS: 0.176866
# DMRG Sweep # Mid bond EE # Energy # Std #
0 0.0444808 3.52271 0.477928
1 0.148656 3.74999 0.00133134
2 0.230953 3.75 0.000403522
3 0.257367 3.75 0.000381178
4 0.235357 3.75 0.000531053
5 0.234941 3.75001 0.000553736
6 0.238716 3.75001 0.000490725
7 0.231473 3.75001 0.00051378
8 0.224437 3.75002 0.000483807
9 0.21426 3.75002 0.000531066
10 0.205778 3.75002 0.000577961
11 0.201232 3.75002 0.000590325
12 0.195666 3.75003 0.00062823
13 0.189417 3.75003 0.000574656
14 0.182207 3.75003 0.00110736
15 0.208498 3.75003 0.00037174
16 0.190618 3.75004 0.000519431
17 0.176224 3.75004 0.000559133
18 0.163256 3.75004 0.000556494
19 0.14909 3.75004 0.000476594
20 0.135427 3.75004 0.000423212
21 0.122261 3.75004 0.000389184
22 0.110966 3.75004 0.000423128
23 0.100234 3.75005 0.000374843
24 0.0907263 3.75005 0.000353265
25 0.0824019 3.75005 0.000330272
26 0.0748599 3.75005 0.000320823
27 0.0679136 3.75005 0.000339523
28 0.0620529 3.75005 0.00032825
29 0.0573169 3.75005 0.000310243
30 0.053072 3.75005 0.000320363
31 0.0502425 3.75005 0.000292348
32 0.0470737 3.75005 0.000289212
33 0.0441196 3.75005 0.000229243
34 0.0413571 3.75005 0.0002054
35 0.0377213 3.75005 0.000253526
36 0.0380178 3.75005 0.000145488
37 0.033662 3.75006 0.000152378
38 0.0324811 3.75006 0.000131604
39 0.0300789 3.75006 0.000144009
40 0.0301063 3.75006 0.000103396
41 0.0276988 3.75006 0.000132639
42 0.0267305 3.75006 0.000139735
43 0.0240727 3.75006 0.000202222
44 0.0239321 3.75006 0.000140001
45 0.0207189 3.75006 0.000126253
46 0.0185883 3.75006 0.000126291
47 0.0170135 3.75006 0.000124828
48 0.0159092 3.75006 0.000115384
49 0.0145718 3.75006 9.88212e-05
50 0.0135856 3.75006 4.993e-05
51 0.0135118 3.75006 1.83545e-05
min energy  # max energy
-6.91174 3.75006
