Initial energy of the MPS: 0.061723
# DMRG Sweep # Mid bond EE # Energy # Std #
0 0.0467751 -5.04467 2.74233
1 0.592302 -6.91174 1.25877e-06
Initial energy of the MPS: 0.176855
# DMRG Sweep # Mid bond EE # Energy # Std #
0 0.0443786 3.52386 0.478176
1 0.132659 3.75004 0.000824462
2 0.171132 3.75005 0.000624399
3 0.203869 3.75005 0.000810102
4 0.190833 3.75005 0.000176589
5 0.203134 3.75006 0.000160265
6 0.192485 3.75006 0.000213527
7 0.175651 3.75006 0.000251728
8 0.153426 3.75006 0.000273005
9 0.13439 3.75006 0.000183539
10 0.108019 3.75006 0.000231945
11 0.0917392 3.75006 0.000167043
12 0.0742983 3.75006 0.000187274
13 0.0614414 3.75006 0.000204791
14 0.0513942 3.75006 0.000179483
15 0.0423777 3.75006 0.000157737
16 0.034692 3.75006 0.000147685
17 0.0282609 3.75006 0.000146757
18 0.0226807 3.75006 9.82686e-05
19 0.0182002 3.75006 0.000155854
20 0.0140069 3.75006 0.000103283
21 0.0109005 3.75006 9.61671e-05
22 0.00842759 3.75006 8.28605e-05
23 0.0064786 3.75006 5.62664e-05
24 0.00503188 3.75006 6.55455e-05
25 0.00375467 3.75006 6.48034e-05
26 0.0028328 3.75006 6.02879e-05
27 0.00213115 3.75006 3.72255e-05
28 0.00158877 3.75006 3.88679e-05
29 0.00117503 3.75006 3.43628e-05
30 0.000881596 3.75006 2.7043e-05
min energy  # max energy
-6.91174 3.75006
