Initial energy of the MPS: 0.649367
# DMRG Sweep # Mid bond EE # Energy # Std #
0 0.00533137 -28.1979 5.2702
1 0.719254 -29.9316 0.000258975
Initial energy of the MPS: -0.234507
# DMRG Sweep # Mid bond EE # Energy # Std #
0 0.00749529 17.9192 3.29314
1 0.800952 18.724 0.00915156
2 1.1119 18.7248 0.00122389
3 1.13306 18.7248 0.000308849
4 1.13425 18.7248 0.000231441
5 1.13439 18.7248 0.00022308
6 1.13444 18.7248 0.000221449
7 1.13444 18.7248 0.000221456
8 1.13445 18.7248 0.000221094
9 1.13445 18.7248 0.000221203
10 1.13445 18.7248 0.000221217
11 1.13445 18.7248 0.000221469
12 1.13445 18.7248 0.000221578
13 1.13445 18.7248 0.000221872
14 1.13445 18.7248 0.000221947
15 1.13446 18.7248 0.000222137
16 1.13446 18.7248 0.000222167
17 1.13446 18.7248 0.000222291
18 1.13446 18.7248 0.00022228
19 1.13446 18.7248 0.000222391
20 1.13446 18.7248 0.000222367
21 1.13446 18.7248 0.000222462
22 1.13446 18.7248 0.000222431
23 1.13446 18.7248 0.000222496
24 1.13446 18.7248 0.00022242
25 1.13446 18.7248 0.0002224
26 1.13446 18.7248 0.000222288
27 1.13446 18.7248 0.000222311
28 1.13446 18.7248 0.000222271
29 1.13446 18.7248 0.000222317
30 1.13446 18.7248 0.000222271
31 1.13446 18.7248 0.000222325
32 1.13446 18.7248 0.000222286
33 1.13446 18.7248 0.000222324
34 1.13446 18.7248 0.000222293
35 1.13446 18.7248 0.000222329
36 1.13446 18.7248 0.0002223
37 1.13446 18.7248 0.000222332
38 1.13446 18.7248 0.000222307
39 1.13446 18.7248 0.00022233
40 1.13446 18.7248 0.000222313
41 1.13446 18.7248 0.000222334
42 1.13446 18.7248 0.00022232
43 1.13446 18.7248 0.000222336
44 1.13446 18.7248 0.000222323
45 1.13446 18.7248 0.000222341
46 1.13446 18.7248 0.000222324
47 1.13446 18.7248 0.000222337
48 1.13446 18.7248 0.000222328
49 1.13446 18.7248 0.000222339
50 1.13446 18.7248 0.000222326
51 1.13446 18.7248 0.000222343
52 1.13446 18.7248 0.000222332
53 1.13446 18.7248 0.000222345
54 1.13446 18.7248 0.000222335
55 1.13446 18.7248 0.000222352
56 1.13446 18.7248 0.000222344
57 1.13446 18.7248 0.000222362
58 1.13446 18.7248 0.00022235
59 1.13446 18.7248 0.000222367
60 1.13446 18.7248 0.000222356
61 1.13446 18.7248 0.000222372
62 1.13446 18.7248 0.000222368
63 1.13446 18.7248 0.000222382
64 1.13446 18.7248 0.000222375
65 1.13446 18.7248 0.000222391
66 1.13446 18.7248 0.000222385
67 1.13446 18.7248 0.000222402
68 1.13446 18.7248 0.000222397
69 1.13446 18.7248 0.000222411
70 1.13446 18.7248 0.000222404
71 1.13446 18.7248 0.000222417
72 1.13446 18.7248 0.000222412
73 1.13446 18.7248 0.000222424
74 1.13446 18.7248 0.000222415
75 1.13446 18.7248 0.000222425
76 1.13446 18.7248 0.000222425
77 1.13446 18.7248 0.000222434
78 1.13446 18.7248 0.000222435
79 1.13446 18.7248 0.00022244
80 1.13446 18.7248 0.000222438
81 1.13446 18.7248 0.000222448
82 1.13446 18.7248 0.000222444
83 1.13446 18.7248 0.00022245
84 1.13446 18.7248 0.000222445
85 1.13446 18.7248 0.000222456
86 1.13446 18.7248 0.00022245
87 1.13446 18.7248 0.00022246
88 1.13446 18.7248 0.000222455
89 1.13446 18.7248 0.000222463
90 1.13446 18.7248 0.000222455
91 1.13446 18.7248 0.000222471
92 1.13446 18.7248 0.000222462
93 1.13446 18.7248 0.000222472
94 1.13446 18.7248 0.000222467
95 1.13446 18.7248 0.000222472
96 1.13446 18.7248 0.00022247
97 1.13446 18.7248 0.000222473
98 1.13446 18.7248 0.000222473
99 1.13446 18.7248 0.000222478
min energy  # max energy
-29.9316 18.7248
