Initial energy of the MPS: 0.293731
# DMRG Sweep # Mid bond EE # Energy # Std #
0 0.00488081 -28.8054 5.3864
1 0.501209 -30.3991 0.000538587
2 0.509463 -30.3991 2.84309e-05
Initial energy of the MPS: -0.2279
# DMRG Sweep # Mid bond EE # Energy # Std #
0 0.00660535 18.0174 3.3123
1 0.208249 18.8482 0.0143626
2 0.591731 18.8493 0.00288807
3 0.800774 18.8494 0.000681701
4 0.805112 18.8494 0.00044277
5 0.805618 18.8494 0.000418807
6 0.805628 18.8494 0.000414069
7 0.805656 18.8494 0.000415141
8 0.805657 18.8494 0.00041665
9 0.805665 18.8494 0.000419144
10 0.805665 18.8494 0.000421043
11 0.805668 18.8494 0.000422887
12 0.805669 18.8494 0.000424809
13 0.805671 18.8494 0.000426405
14 0.805671 18.8494 0.000428122
15 0.805672 18.8494 0.00042967
16 0.805672 18.8494 0.000431022
17 0.805674 18.8494 0.000432183
18 0.805674 18.8494 0.000433131
19 0.805675 18.8494 0.000433694
20 0.805675 18.8494 0.000434336
21 0.805675 18.8494 0.000434498
22 0.805676 18.8494 0.000434921
23 0.805676 18.8494 0.000434912
24 0.805676 18.8494 0.000435173
25 0.805676 18.8494 0.000435108
26 0.805676 18.8494 0.000435262
27 0.805676 18.8494 0.000435182
28 0.805676 18.8494 0.000435261
29 0.805676 18.8494 0.000435182
30 0.805676 18.8494 0.000435218
31 0.805676 18.8494 0.000435148
32 0.805676 18.8494 0.000435159
33 0.805676 18.8494 0.000435109
34 0.805676 18.8494 0.000435113
35 0.805676 18.8494 0.000435074
36 0.805677 18.8494 0.00043508
37 0.805677 18.8494 0.000435049
38 0.805677 18.8494 0.000435055
39 0.805677 18.8494 0.000435032
40 0.805677 18.8494 0.000435036
41 0.805677 18.8494 0.000435019
42 0.805677 18.8494 0.000435021
43 0.805677 18.8494 0.000435006
44 0.805677 18.8494 0.00043501
45 0.805677 18.8494 0.000434995
46 0.805677 18.8494 0.000434999
47 0.805677 18.8494 0.000434987
48 0.805677 18.8494 0.00043499
49 0.805677 18.8494 0.00043498
50 0.805677 18.8494 0.000434985
51 0.805677 18.8494 0.000434977
52 0.805677 18.8494 0.000434979
53 0.805677 18.8494 0.000434972
54 0.805677 18.8494 0.000434974
55 0.805677 18.8494 0.00043497
56 0.805677 18.8494 0.000434973
57 0.805677 18.8494 0.000434971
58 0.805677 18.8494 0.00043497
59 0.805677 18.8494 0.000434973
60 0.805677 18.8494 0.00043497
61 0.805677 18.8494 0.000434968
62 0.805677 18.8494 0.000434972
63 0.805677 18.8494 0.00043497
64 0.805677 18.8494 0.000434973
65 0.805677 18.8494 0.000434971
66 0.805677 18.8494 0.00043497
67 0.805677 18.8494 0.000434972
68 0.805677 18.8494 0.000434972
69 0.805677 18.8494 0.000434972
70 0.805677 18.8494 0.000434971
71 0.805677 18.8494 0.000434971
72 0.805677 18.8494 0.000434971
73 0.805677 18.8494 0.000434971
74 0.805677 18.8494 0.000434971
75 0.805677 18.8494 0.000434971
76 0.805677 18.8494 0.00043497
77 0.805677 18.8494 0.00043497
78 0.805677 18.8494 0.00043497
79 0.805677 18.8494 0.000434969
80 0.805677 18.8494 0.000434971
81 0.805677 18.8494 0.000434971
82 0.805677 18.8494 0.000434968
83 0.805677 18.8494 0.00043497
84 0.805677 18.8494 0.000434968
85 0.805677 18.8494 0.000434969
86 0.805677 18.8494 0.00043497
87 0.805677 18.8494 0.000434969
88 0.805677 18.8494 0.000434968
89 0.805677 18.8494 0.000434968
90 0.805677 18.8494 0.000434967
91 0.805677 18.8494 0.000434969
92 0.805677 18.8494 0.000434966
93 0.805677 18.8494 0.000434968
94 0.805677 18.8494 0.000434968
95 0.805677 18.8494 0.000434967
96 0.805677 18.8494 0.000434966
97 0.805677 18.8494 0.000434966
98 0.805677 18.8494 0.000434967
99 0.805677 18.8494 0.000434968
min energy  # max energy
-30.3991 18.8494
