Initial energy of the MPS: -0.0212386
# DMRG Sweep # Mid bond EE # Energy # Std #
0 0.0100903 -52.7548 13.2026
1 0.75426 -56.5336 0.014641
2 0.935286 -56.5354 0.00335478
3 0.962542 -56.5355 0.00271517
4 0.964604 -56.5355 0.00273404
5 0.964826 -56.5355 0.00270109
6 0.964873 -56.5355 0.00264964
7 0.964894 -56.5355 0.00260543
8 0.964905 -56.5355 0.00257778
9 0.964912 -56.5355 0.00255995
10 0.964918 -56.5355 0.00254273
11 0.964923 -56.5355 0.00252763
12 0.964927 -56.5355 0.0025178
13 0.96493 -56.5355 0.00251349
14 0.964931 -56.5355 0.00251161
15 0.964932 -56.5355 0.00251007
16 0.964933 -56.5355 0.00250866
17 0.964933 -56.5355 0.00250779
18 0.964933 -56.5355 0.00250723
19 0.964933 -56.5355 0.0025068
20 0.964933 -56.5355 0.0025064
21 0.964933 -56.5355 0.00250605
22 0.964933 -56.5355 0.00250571
23 0.964933 -56.5355 0.0025054
24 0.964933 -56.5355 0.0025051
25 0.964933 -56.5355 0.00250483
26 0.964933 -56.5355 0.00250456
27 0.964933 -56.5355 0.00250433
28 0.964933 -56.5355 0.0025041
29 0.964933 -56.5355 0.0025039
30 0.964933 -56.5355 0.0025037
31 0.964933 -56.5355 0.00250352
32 0.964933 -56.5355 0.00250334
33 0.964933 -56.5355 0.0025032
34 0.964933 -56.5355 0.00250305
35 0.964933 -56.5355 0.00250294
36 0.964933 -56.5355 0.00250282
37 0.964933 -56.5355 0.00250273
38 0.964933 -56.5355 0.00250264
39 0.964933 -56.5355 0.00250257
40 0.964933 -56.5355 0.0025025
41 0.964933 -56.5355 0.00250244
42 0.964933 -56.5355 0.00250238
43 0.964933 -56.5355 0.00250234
44 0.964933 -56.5355 0.0025023
45 0.964933 -56.5355 0.00250226
46 0.964933 -56.5355 0.00250222
47 0.964934 -56.5355 0.00250218
48 0.964934 -56.5355 0.00250214
49 0.964934 -56.5355 0.00250211
50 0.964934 -56.5355 0.00250207
51 0.964934 -56.5355 0.00250204
52 0.964934 -56.5355 0.00250199
53 0.964934 -56.5355 0.00250197
54 0.964934 -56.5355 0.00250193
55 0.964934 -56.5355 0.00250191
56 0.964934 -56.5355 0.00250188
57 0.964934 -56.5355 0.00250186
58 0.964934 -56.5355 0.00250182
59 0.964934 -56.5355 0.00250181
60 0.964934 -56.5355 0.00250179
61 0.964934 -56.5355 0.00250178
62 0.964934 -56.5355 0.00250176
63 0.964934 -56.5355 0.00250175
64 0.964934 -56.5355 0.00250174
65 0.964934 -56.5355 0.00250173
66 0.964934 -56.5355 0.00250172
67 0.964934 -56.5355 0.00250172
68 0.964934 -56.5355 0.0025017
69 0.964934 -56.5355 0.0025017
70 0.964934 -56.5355 0.00250169
71 0.964934 -56.5355 0.00250169
72 0.964934 -56.5355 0.00250167
73 0.964934 -56.5355 0.00250167
74 0.964934 -56.5355 0.00250167
75 0.964934 -56.5355 0.00250167
76 0.964934 -56.5355 0.00250165
77 0.964934 -56.5355 0.00250165
78 0.964934 -56.5355 0.00250164
79 0.964934 -56.5355 0.00250164
80 0.964934 -56.5355 0.00250163
81 0.964934 -56.5355 0.00250163
82 0.964934 -56.5355 0.00250162
83 0.964934 -56.5355 0.00250162
84 0.964934 -56.5355 0.00250161
85 0.964934 -56.5355 0.00250161
86 0.964934 -56.5355 0.0025016
87 0.964934 -56.5355 0.0025016
88 0.964934 -56.5355 0.0025016
89 0.964934 -56.5355 0.0025016
90 0.964934 -56.5355 0.00250159
91 0.964934 -56.5355 0.00250159
92 0.964934 -56.5355 0.00250158
93 0.964934 -56.5355 0.00250158
94 0.964934 -56.5355 0.00250158
95 0.964934 -56.5355 0.00250157
96 0.964934 -56.5355 0.00250157
97 0.964934 -56.5355 0.00250157
98 0.964934 -56.5355 0.00250156
99 0.964934 -56.5355 0.00250156
Initial energy of the MPS: -0.345811
# DMRG Sweep # Mid bond EE # Energy # Std #
0 0.00657902 30.2088 5.39297
1 0.698173 31.7416 0.040708
2 0.696938 31.749 0.0122777
3 0.712805 31.7499 0.00443812
4 0.722399 31.7501 0.00151195
5 0.728091 31.7502 0.000840363
6 0.722424 31.7502 0.000765511
7 0.802974 31.7502 0.000514252
8 0.824218 31.7502 0.000493813
9 0.891509 31.7502 0.00041271
10 0.903858 31.7503 0.000411854
11 0.926992 31.7503 0.000453718
12 0.92343 31.7503 0.000505195
13 0.914956 31.7503 0.000388283
14 0.911162 31.7503 0.000317481
15 0.9107 31.7503 0.000305785
min energy  # max energy
-56.5355 31.7503
