Initial energy of the MPS: -0.0212045
# DMRG Sweep # Mid bond EE # Energy # Std #
0 0.0100864 -52.7546 13.2024
1 0.754287 -56.5336 0.0146094
2 0.935338 -56.5354 0.00334407
3 0.962555 -56.5355 0.00271582
4 0.964614 -56.5355 0.00273534
5 0.964831 -56.5355 0.00269857
6 0.964879 -56.5355 0.00264385
7 0.964901 -56.5355 0.00259938
8 0.964913 -56.5355 0.0025712
9 0.964922 -56.5355 0.00254986
10 0.964928 -56.5355 0.00253351
11 0.964933 -56.5355 0.00252508
12 0.964935 -56.5355 0.00251938
13 0.964937 -56.5355 0.00251395
14 0.964938 -56.5355 0.00250944
15 0.964939 -56.5355 0.0025073
16 0.964939 -56.5355 0.00250633
17 0.96494 -56.5355 0.0025057
18 0.96494 -56.5355 0.0025052
19 0.96494 -56.5355 0.00250479
20 0.96494 -56.5355 0.00250442
21 0.96494 -56.5355 0.0025041
22 0.96494 -56.5355 0.0025038
23 0.96494 -56.5355 0.00250356
24 0.96494 -56.5355 0.00250332
25 0.96494 -56.5355 0.00250312
26 0.96494 -56.5355 0.00250292
27 0.96494 -56.5355 0.00250275
28 0.96494 -56.5355 0.00250259
29 0.96494 -56.5355 0.00250246
30 0.96494 -56.5355 0.00250232
31 0.96494 -56.5355 0.00250222
32 0.96494 -56.5355 0.0025021
33 0.96494 -56.5355 0.00250201
34 0.96494 -56.5355 0.00250193
35 0.96494 -56.5355 0.00250186
36 0.96494 -56.5355 0.00250179
37 0.96494 -56.5355 0.00250174
38 0.96494 -56.5355 0.00250167
39 0.96494 -56.5355 0.00250163
40 0.96494 -56.5355 0.00250158
41 0.96494 -56.5355 0.00250155
42 0.96494 -56.5355 0.00250151
43 0.96494 -56.5355 0.00250149
44 0.96494 -56.5355 0.00250145
45 0.96494 -56.5355 0.00250142
46 0.96494 -56.5355 0.00250138
47 0.96494 -56.5355 0.00250135
48 0.96494 -56.5355 0.00250132
49 0.96494 -56.5355 0.00250128
50 0.96494 -56.5355 0.00250124
51 0.96494 -56.5355 0.00250121
52 0.96494 -56.5355 0.00250115
53 0.96494 -56.5355 0.00250112
54 0.96494 -56.5355 0.00250106
55 0.96494 -56.5355 0.00250103
56 0.96494 -56.5355 0.00250098
57 0.96494 -56.5355 0.00250094
58 0.96494 -56.5355 0.0025009
59 0.96494 -56.5355 0.00250087
60 0.96494 -56.5355 0.00250084
61 0.96494 -56.5355 0.00250082
62 0.96494 -56.5355 0.00250079
63 0.96494 -56.5355 0.00250078
64 0.96494 -56.5355 0.00250076
65 0.96494 -56.5355 0.00250075
66 0.96494 -56.5355 0.00250073
67 0.96494 -56.5355 0.00250073
68 0.96494 -56.5355 0.00250072
69 0.96494 -56.5355 0.00250071
70 0.96494 -56.5355 0.0025007
71 0.96494 -56.5355 0.0025007
72 0.96494 -56.5355 0.00250069
73 0.96494 -56.5355 0.00250069
74 0.96494 -56.5355 0.00250068
75 0.96494 -56.5355 0.00250068
76 0.96494 -56.5355 0.00250067
77 0.96494 -56.5355 0.00250067
78 0.96494 -56.5355 0.00250066
79 0.96494 -56.5355 0.00250067
80 0.96494 -56.5355 0.00250066
81 0.96494 -56.5355 0.00250066
82 0.96494 -56.5355 0.00250065
83 0.96494 -56.5355 0.00250065
84 0.96494 -56.5355 0.00250065
85 0.96494 -56.5355 0.00250065
86 0.96494 -56.5355 0.00250064
87 0.96494 -56.5355 0.00250064
88 0.96494 -56.5355 0.00250064
89 0.96494 -56.5355 0.00250064
90 0.96494 -56.5355 0.00250063
91 0.96494 -56.5355 0.00250063
92 0.96494 -56.5355 0.00250063
93 0.96494 -56.5355 0.00250063
94 0.96494 -56.5355 0.00250062
95 0.96494 -56.5355 0.00250062
96 0.96494 -56.5355 0.00250062
97 0.96494 -56.5355 0.00250062
98 0.96494 -56.5355 0.00250061
99 0.96494 -56.5355 0.00250061
Initial energy of the MPS: -0.345793
# DMRG Sweep # Mid bond EE # Energy # Std #
0 0.00696595 30.2005 5.39194
1 0.700671 31.7419 0.0436131
2 0.699454 31.7491 0.0115272
3 0.709845 31.7499 0.00410841
4 0.719735 31.7501 0.00138318
5 0.741536 31.7501 0.00066108
6 0.721944 31.7501 0.000656556
7 0.780822 31.7502 0.000497084
8 0.810245 31.7502 0.000431367
9 0.893532 31.7502 0.00034131
10 0.911792 31.7502 0.000364087
11 0.930925 31.7502 0.000372713
12 0.938757 31.7502 0.000381456
13 0.932963 31.7502 0.000322823
14 0.938445 31.7502 0.000258512
min energy  # max energy
-56.5355 31.7502
