Initial energy of the MPS: -0.0212277
# DMRG Sweep # Mid bond EE # Energy # Std #
0 0.0100871 -52.7551 13.2026
1 0.754212 -56.5336 0.0145718
2 0.935186 -56.5354 0.00334473
3 0.962536 -56.5355 0.00271336
4 0.964608 -56.5355 0.00273
5 0.964828 -56.5355 0.00269655
6 0.964876 -56.5355 0.00264388
7 0.964897 -56.5355 0.00259926
8 0.964909 -56.5355 0.00257133
9 0.964917 -56.5355 0.00255129
10 0.964923 -56.5355 0.00253518
11 0.964928 -56.5355 0.00252451
12 0.96493 -56.5355 0.00251841
13 0.964933 -56.5355 0.00251499
14 0.964934 -56.5355 0.00251207
15 0.964934 -56.5355 0.00250933
16 0.964935 -56.5355 0.00250769
17 0.964935 -56.5355 0.00250688
18 0.964936 -56.5355 0.00250636
19 0.964936 -56.5355 0.00250595
20 0.964936 -56.5355 0.00250556
21 0.964936 -56.5355 0.00250523
22 0.964936 -56.5355 0.00250491
23 0.964936 -56.5355 0.00250462
24 0.964936 -56.5355 0.00250434
25 0.964936 -56.5355 0.0025041
26 0.964936 -56.5355 0.00250386
27 0.964936 -56.5355 0.00250365
28 0.964936 -56.5355 0.00250344
29 0.964936 -56.5355 0.00250325
30 0.964936 -56.5355 0.00250307
31 0.964936 -56.5355 0.00250291
32 0.964936 -56.5355 0.00250274
33 0.964936 -56.5355 0.0025026
34 0.964936 -56.5355 0.00250246
35 0.964936 -56.5355 0.00250233
36 0.964936 -56.5355 0.00250219
37 0.964936 -56.5355 0.00250209
38 0.964936 -56.5355 0.00250196
39 0.964936 -56.5355 0.00250185
40 0.964936 -56.5355 0.00250175
41 0.964936 -56.5355 0.00250166
42 0.964936 -56.5355 0.00250156
43 0.964936 -56.5355 0.00250148
44 0.964936 -56.5355 0.00250139
45 0.964936 -56.5355 0.00250132
46 0.964936 -56.5355 0.00250125
47 0.964936 -56.5355 0.00250119
48 0.964936 -56.5355 0.00250112
49 0.964936 -56.5355 0.00250108
50 0.964936 -56.5355 0.00250102
51 0.964936 -56.5355 0.00250098
52 0.964936 -56.5355 0.00250092
53 0.964936 -56.5355 0.00250089
54 0.964936 -56.5355 0.00250085
55 0.964936 -56.5355 0.00250082
56 0.964936 -56.5355 0.00250078
57 0.964936 -56.5355 0.00250076
58 0.964936 -56.5355 0.00250072
59 0.964936 -56.5355 0.0025007
60 0.964936 -56.5355 0.00250067
61 0.964936 -56.5355 0.00250066
62 0.964936 -56.5355 0.00250062
63 0.964936 -56.5355 0.00250061
64 0.964936 -56.5355 0.00250058
65 0.964936 -56.5355 0.00250056
66 0.964936 -56.5355 0.00250053
67 0.964936 -56.5355 0.00250051
68 0.964936 -56.5355 0.00250047
69 0.964936 -56.5355 0.00250045
70 0.964936 -56.5355 0.00250041
71 0.964936 -56.5355 0.00250039
72 0.964936 -56.5355 0.00250035
73 0.964936 -56.5355 0.00250033
74 0.964936 -56.5355 0.00250029
75 0.964936 -56.5355 0.00250028
76 0.964936 -56.5355 0.00250024
77 0.964936 -56.5355 0.00250023
78 0.964936 -56.5355 0.00250021
79 0.964936 -56.5355 0.00250019
80 0.964936 -56.5355 0.00250018
81 0.964936 -56.5355 0.00250016
82 0.964936 -56.5355 0.00250016
83 0.964936 -56.5355 0.00250015
84 0.964936 -56.5355 0.00250013
85 0.964936 -56.5355 0.00250013
86 0.964936 -56.5355 0.00250013
87 0.964936 -56.5355 0.00250012
88 0.964936 -56.5355 0.00250011
89 0.964936 -56.5355 0.00250011
90 0.964936 -56.5355 0.0025001
91 0.964936 -56.5355 0.0025001
92 0.964936 -56.5355 0.0025001
93 0.964936 -56.5355 0.0025001
94 0.964936 -56.5355 0.00250008
95 0.964936 -56.5355 0.00250009
96 0.964936 -56.5355 0.00250008
97 0.964936 -56.5355 0.00250008
98 0.964936 -56.5355 0.00250008
99 0.964936 -56.5355 0.00250008
Initial energy of the MPS: -0.345802
# DMRG Sweep # Mid bond EE # Energy # Std #
0 0.00713995 30.2021 5.39212
1 0.698236 31.7412 0.0452801
2 0.695571 31.7491 0.012705
3 0.710839 31.75 0.00350261
4 0.715154 31.7501 0.00152849
5 0.715555 31.7501 0.000724045
6 0.741473 31.7502 0.000602269
7 0.804563 31.7502 0.000452499
8 0.848832 31.7502 0.000462321
9 0.901413 31.7502 0.000391776
10 0.917883 31.7502 0.000404433
11 0.93479 31.7502 0.000440109
12 0.924325 31.7502 0.000401617
13 0.932062 31.7502 0.000299565
min energy  # max energy
-56.5355 31.7502
