Initial energy of the MPS: -0.0212207
# DMRG Sweep # Mid bond EE # Energy # Std #
0 0.0100873 -52.7548 13.2025
1 0.754196 -56.5336 0.0145924
2 0.93528 -56.5354 0.00334147
3 0.962553 -56.5355 0.00271629
4 0.964612 -56.5355 0.0027373
5 0.964831 -56.5355 0.00270333
6 0.964878 -56.5355 0.00264759
7 0.964901 -56.5355 0.00260152
8 0.964913 -56.5355 0.00257409
9 0.964921 -56.5355 0.00255489
10 0.964926 -56.5355 0.00254002
11 0.964931 -56.5355 0.00253176
12 0.964933 -56.5355 0.00252624
13 0.964935 -56.5355 0.00252051
14 0.964936 -56.5355 0.00251546
15 0.964938 -56.5355 0.00251258
16 0.964938 -56.5355 0.00251043
17 0.964939 -56.5355 0.00250878
18 0.964939 -56.5355 0.0025079
19 0.964939 -56.5355 0.00250734
20 0.964939 -56.5355 0.00250686
21 0.964939 -56.5355 0.00250644
22 0.964939 -56.5355 0.00250605
23 0.96494 -56.5355 0.00250571
24 0.96494 -56.5355 0.00250538
25 0.96494 -56.5355 0.00250508
26 0.96494 -56.5355 0.0025048
27 0.96494 -56.5355 0.00250456
28 0.96494 -56.5355 0.0025043
29 0.96494 -56.5355 0.00250408
30 0.96494 -56.5355 0.00250386
31 0.96494 -56.5355 0.00250365
32 0.96494 -56.5355 0.00250345
33 0.96494 -56.5355 0.00250328
34 0.96494 -56.5355 0.0025031
35 0.96494 -56.5355 0.00250294
36 0.96494 -56.5355 0.00250279
37 0.96494 -56.5355 0.00250266
38 0.96494 -56.5355 0.00250254
39 0.96494 -56.5355 0.00250244
40 0.96494 -56.5355 0.00250234
41 0.96494 -56.5355 0.00250226
42 0.96494 -56.5355 0.00250218
43 0.96494 -56.5355 0.00250212
44 0.96494 -56.5355 0.00250205
45 0.96494 -56.5355 0.002502
46 0.96494 -56.5355 0.00250194
47 0.96494 -56.5355 0.0025019
48 0.96494 -56.5355 0.00250186
49 0.96494 -56.5355 0.00250182
50 0.96494 -56.5355 0.00250179
51 0.96494 -56.5355 0.00250176
52 0.96494 -56.5355 0.00250173
53 0.96494 -56.5355 0.00250171
54 0.96494 -56.5355 0.00250168
55 0.96494 -56.5355 0.00250167
56 0.96494 -56.5355 0.00250164
57 0.96494 -56.5355 0.00250164
58 0.96494 -56.5355 0.00250162
59 0.96494 -56.5355 0.0025016
60 0.96494 -56.5355 0.00250158
61 0.96494 -56.5355 0.00250157
62 0.96494 -56.5355 0.00250155
63 0.96494 -56.5355 0.00250153
64 0.96494 -56.5355 0.00250151
65 0.96494 -56.5355 0.00250149
66 0.96494 -56.5355 0.00250147
67 0.96494 -56.5355 0.00250145
68 0.96494 -56.5355 0.00250142
69 0.96494 -56.5355 0.0025014
70 0.96494 -56.5355 0.00250137
71 0.96494 -56.5355 0.00250135
72 0.96494 -56.5355 0.00250133
73 0.96494 -56.5355 0.00250131
74 0.96494 -56.5355 0.0025013
75 0.96494 -56.5355 0.00250128
76 0.96494 -56.5355 0.00250127
77 0.96494 -56.5355 0.00250126
78 0.96494 -56.5355 0.00250124
79 0.96494 -56.5355 0.00250124
80 0.96494 -56.5355 0.00250122
81 0.96494 -56.5355 0.00250122
82 0.96494 -56.5355 0.00250121
83 0.96494 -56.5355 0.0025012
84 0.96494 -56.5355 0.00250119
85 0.96494 -56.5355 0.00250119
86 0.96494 -56.5355 0.00250118
87 0.96494 -56.5355 0.00250118
88 0.96494 -56.5355 0.00250117
89 0.96494 -56.5355 0.00250116
90 0.96494 -56.5355 0.00250116
91 0.96494 -56.5355 0.00250115
92 0.96494 -56.5355 0.00250115
93 0.96494 -56.5355 0.00250114
94 0.96494 -56.5355 0.00250113
95 0.96494 -56.5355 0.00250113
96 0.96494 -56.5355 0.00250112
97 0.96494 -56.5355 0.00250112
98 0.96494 -56.5355 0.00250111
99 0.96494 -56.5355 0.00250111
Initial energy of the MPS: -0.34588
# DMRG Sweep # Mid bond EE # Energy # Std #
0 0.00704537 30.2061 5.3924
1 0.698636 31.7415 0.0406291
2 0.69571 31.7489 0.0115451
3 0.711443 31.7497 0.00364984
4 0.70838 31.7499 0.00171882
5 0.714675 31.7499 0.00102209
6 0.783282 31.75 0.00086457
7 0.831276 31.75 0.000770148
8 0.912795 31.75 0.000665999
9 0.939902 31.7501 0.000706064
10 0.969401 31.7501 0.000719248
11 0.970886 31.7501 0.000664266
12 0.972328 31.7501 0.000709044
13 0.975735 31.7502 0.000537042
14 0.988799 31.7502 0.000538667
15 0.985252 31.7502 0.000579817
16 0.986233 31.7502 0.000565747
17 0.979357 31.7502 0.000512803
18 0.980714 31.7503 0.000483748
19 0.980862 31.7503 0.000444912
20 0.965339 31.7503 0.000484977
21 0.954255 31.7503 0.00051093
22 0.935808 31.7503 0.000472537
23 0.917841 31.7503 0.0004049
24 0.907958 31.7503 0.000337098
25 0.898817 31.7503 0.00026574
min energy  # max energy
-56.5355 31.7503
