Initial energy of the MPS: -0.0211915
# DMRG Sweep # Mid bond EE # Energy # Std #
0 0.01009 -52.7544 13.2025
1 0.754229 -56.5336 0.0146131
2 0.935355 -56.5354 0.00335752
3 0.962533 -56.5355 0.00271531
4 0.964601 -56.5355 0.00273366
5 0.964822 -56.5355 0.00269932
6 0.964869 -56.5355 0.00264724
7 0.96489 -56.5355 0.00260638
8 0.9649 -56.5355 0.00258079
9 0.964908 -56.5355 0.0025623
10 0.964913 -56.5355 0.00254436
11 0.964919 -56.5355 0.00252774
12 0.964923 -56.5355 0.00251772
13 0.964926 -56.5355 0.00251395
14 0.964928 -56.5355 0.00251208
15 0.964928 -56.5355 0.00251036
16 0.964929 -56.5355 0.00250889
17 0.964929 -56.5355 0.00250799
18 0.964929 -56.5355 0.00250745
19 0.964929 -56.5355 0.00250703
20 0.964929 -56.5355 0.00250665
21 0.964929 -56.5355 0.00250632
22 0.964929 -56.5355 0.002506
23 0.964929 -56.5355 0.00250572
24 0.964929 -56.5355 0.00250546
25 0.964929 -56.5355 0.00250523
26 0.964929 -56.5355 0.00250501
27 0.964929 -56.5355 0.00250483
28 0.96493 -56.5355 0.00250465
29 0.96493 -56.5355 0.0025045
30 0.96493 -56.5355 0.00250436
31 0.96493 -56.5355 0.00250424
32 0.96493 -56.5355 0.00250412
33 0.96493 -56.5355 0.00250402
34 0.96493 -56.5355 0.00250392
35 0.96493 -56.5355 0.00250384
36 0.96493 -56.5355 0.00250375
37 0.96493 -56.5355 0.00250368
38 0.96493 -56.5355 0.00250361
39 0.96493 -56.5355 0.00250356
40 0.96493 -56.5355 0.0025035
41 0.96493 -56.5355 0.00250344
42 0.96493 -56.5355 0.00250339
43 0.96493 -56.5355 0.00250335
44 0.96493 -56.5355 0.0025033
45 0.96493 -56.5355 0.00250325
46 0.96493 -56.5355 0.00250321
47 0.96493 -56.5355 0.00250318
48 0.96493 -56.5355 0.00250313
49 0.96493 -56.5355 0.0025031
50 0.96493 -56.5355 0.00250306
51 0.96493 -56.5355 0.00250302
52 0.96493 -56.5355 0.00250298
53 0.96493 -56.5355 0.00250295
54 0.96493 -56.5355 0.00250292
55 0.96493 -56.5355 0.00250289
56 0.96493 -56.5355 0.00250285
57 0.96493 -56.5355 0.00250282
58 0.96493 -56.5355 0.00250279
59 0.96493 -56.5355 0.00250276
60 0.96493 -56.5355 0.00250272
61 0.96493 -56.5355 0.0025027
62 0.96493 -56.5355 0.00250266
63 0.96493 -56.5355 0.00250263
64 0.96493 -56.5355 0.00250259
65 0.96493 -56.5355 0.00250257
66 0.96493 -56.5355 0.00250254
67 0.96493 -56.5355 0.00250252
68 0.96493 -56.5355 0.00250249
69 0.96493 -56.5355 0.00250247
70 0.96493 -56.5355 0.00250244
71 0.96493 -56.5355 0.00250243
72 0.96493 -56.5355 0.00250241
73 0.96493 -56.5355 0.0025024
74 0.96493 -56.5355 0.00250239
75 0.96493 -56.5355 0.00250238
76 0.96493 -56.5355 0.00250237
77 0.96493 -56.5355 0.00250236
78 0.96493 -56.5355 0.00250235
79 0.96493 -56.5355 0.00250235
80 0.96493 -56.5355 0.00250233
81 0.96493 -56.5355 0.00250233
82 0.96493 -56.5355 0.00250232
83 0.96493 -56.5355 0.00250232
84 0.96493 -56.5355 0.0025023
85 0.96493 -56.5355 0.0025023
86 0.96493 -56.5355 0.00250229
87 0.96493 -56.5355 0.00250229
88 0.96493 -56.5355 0.00250228
89 0.96493 -56.5355 0.00250228
90 0.96493 -56.5355 0.00250227
91 0.96493 -56.5355 0.00250227
92 0.96493 -56.5355 0.00250226
93 0.96493 -56.5355 0.00250225
94 0.96493 -56.5355 0.00250225
95 0.96493 -56.5355 0.00250224
96 0.96493 -56.5355 0.00250223
97 0.96493 -56.5355 0.00250223
98 0.96493 -56.5355 0.00250222
99 0.96493 -56.5355 0.00250222
Initial energy of the MPS: -0.345823
# DMRG Sweep # Mid bond EE # Energy # Std #
0 0.00714724 30.2088 5.39341
1 0.703354 31.7416 0.0395804
2 0.694539 31.749 0.0114653
3 0.712571 31.7499 0.00416792
4 0.717577 31.7501 0.00163433
5 0.72417 31.7501 0.000866802
6 0.730739 31.7502 0.000750926
7 0.803561 31.7502 0.00051679
8 0.83411 31.7502 0.000457742
9 0.884604 31.7502 0.000461603
10 0.909902 31.7502 0.000430042
11 0.923782 31.7502 0.000441588
12 0.918567 31.7502 0.000406427
13 0.927987 31.7503 0.000298897
min energy  # max energy
-56.5355 31.7503
