Initial energy of the MPS: -0.0212616
# DMRG Sweep # Mid bond EE # Energy # Std #
0 0.010088 -52.7549 13.2025
1 0.75428 -56.5336 0.0146089
2 0.93527 -56.5354 0.00334577
3 0.962546 -56.5355 0.00271513
4 0.964611 -56.5355 0.00273109
5 0.964832 -56.5355 0.00269621
6 0.96488 -56.5355 0.00264271
7 0.964901 -56.5355 0.00259815
8 0.964913 -56.5355 0.00257061
9 0.964921 -56.5355 0.00255097
10 0.964927 -56.5355 0.00253467
11 0.964932 -56.5355 0.00252421
12 0.964934 -56.5355 0.00251873
13 0.964937 -56.5355 0.00251537
14 0.964938 -56.5355 0.00251249
15 0.964938 -56.5355 0.00251025
16 0.964939 -56.5355 0.00250875
17 0.964939 -56.5355 0.00250794
18 0.96494 -56.5355 0.00250742
19 0.96494 -56.5355 0.002507
20 0.96494 -56.5355 0.00250661
21 0.96494 -56.5355 0.00250627
22 0.96494 -56.5355 0.00250593
23 0.96494 -56.5355 0.00250563
24 0.96494 -56.5355 0.00250533
25 0.96494 -56.5355 0.00250506
26 0.96494 -56.5355 0.0025048
27 0.96494 -56.5355 0.00250457
28 0.96494 -56.5355 0.00250434
29 0.96494 -56.5355 0.00250413
30 0.96494 -56.5355 0.00250392
31 0.96494 -56.5355 0.00250374
32 0.96494 -56.5355 0.00250356
33 0.96494 -56.5355 0.00250339
34 0.96494 -56.5355 0.00250322
35 0.96494 -56.5355 0.00250309
36 0.96494 -56.5355 0.00250293
37 0.96494 -56.5355 0.00250281
38 0.96494 -56.5355 0.00250268
39 0.96494 -56.5355 0.00250257
40 0.96494 -56.5355 0.00250246
41 0.96494 -56.5355 0.00250236
42 0.96494 -56.5355 0.00250226
43 0.96494 -56.5355 0.00250219
44 0.96494 -56.5355 0.0025021
45 0.96494 -56.5355 0.00250204
46 0.96494 -56.5355 0.00250196
47 0.96494 -56.5355 0.0025019
48 0.96494 -56.5355 0.00250183
49 0.96494 -56.5355 0.00250177
50 0.96494 -56.5355 0.0025017
51 0.96494 -56.5355 0.00250164
52 0.96494 -56.5355 0.00250157
53 0.96494 -56.5355 0.00250152
54 0.96494 -56.5355 0.00250144
55 0.96494 -56.5355 0.00250139
56 0.96494 -56.5355 0.00250134
57 0.96494 -56.5355 0.0025013
58 0.96494 -56.5355 0.00250125
59 0.96494 -56.5355 0.00250122
60 0.96494 -56.5355 0.00250119
61 0.96494 -56.5355 0.00250117
62 0.96494 -56.5355 0.00250114
63 0.96494 -56.5355 0.00250113
64 0.96494 -56.5355 0.00250111
65 0.96494 -56.5355 0.00250111
66 0.96494 -56.5355 0.00250108
67 0.96494 -56.5355 0.00250108
68 0.96494 -56.5355 0.00250107
69 0.96494 -56.5355 0.00250107
70 0.96494 -56.5355 0.00250105
71 0.96494 -56.5355 0.00250105
72 0.96494 -56.5355 0.00250104
73 0.96494 -56.5355 0.00250104
74 0.96494 -56.5355 0.00250103
75 0.96494 -56.5355 0.00250103
76 0.96494 -56.5355 0.00250102
77 0.96494 -56.5355 0.00250102
78 0.96494 -56.5355 0.00250101
79 0.96494 -56.5355 0.00250101
80 0.96494 -56.5355 0.002501
81 0.96494 -56.5355 0.002501
82 0.96494 -56.5355 0.00250099
83 0.96494 -56.5355 0.00250099
84 0.96494 -56.5355 0.00250098
85 0.96494 -56.5355 0.00250099
86 0.96494 -56.5355 0.00250098
87 0.96494 -56.5355 0.00250098
88 0.96494 -56.5355 0.00250097
89 0.96494 -56.5355 0.00250098
90 0.96494 -56.5355 0.00250097
91 0.96494 -56.5355 0.00250098
92 0.96494 -56.5355 0.00250096
93 0.96494 -56.5355 0.00250097
94 0.96494 -56.5355 0.00250096
95 0.96494 -56.5355 0.00250096
96 0.96494 -56.5355 0.00250095
97 0.96494 -56.5355 0.00250096
98 0.96494 -56.5355 0.00250095
99 0.96494 -56.5355 0.00250095
Initial energy of the MPS: -0.34579
# DMRG Sweep # Mid bond EE # Energy # Std #
0 0.00684247 30.2074 5.39251
1 0.699519 31.7415 0.0413965
2 0.699442 31.7489 0.0117149
3 0.710844 31.7498 0.00434936
4 0.717924 31.75 0.00159469
5 0.762644 31.75 0.000531778
6 0.746588 31.75 0.000314593
7 0.75884 31.75 0.000285046
min energy  # max energy
-56.5355 31.75
