Initial energy of the MPS: -0.0212602
# DMRG Sweep # Mid bond EE # Energy # Std #
0 0.010088 -52.7546 13.2025
1 0.754256 -56.5336 0.0145893
2 0.935267 -56.5354 0.00334839
3 0.962542 -56.5355 0.00271448
4 0.964611 -56.5355 0.00273008
5 0.964832 -56.5355 0.00269566
6 0.964879 -56.5355 0.00264315
7 0.9649 -56.5355 0.00260021
8 0.964912 -56.5355 0.00257385
9 0.96492 -56.5355 0.00255463
10 0.964926 -56.5355 0.00253747
11 0.964931 -56.5355 0.0025253
12 0.964934 -56.5355 0.0025189
13 0.964936 -56.5355 0.00251502
14 0.964937 -56.5355 0.00251213
15 0.964938 -56.5355 0.00251005
16 0.964939 -56.5355 0.00250851
17 0.964939 -56.5355 0.00250761
18 0.964939 -56.5355 0.00250705
19 0.964939 -56.5355 0.00250662
20 0.964939 -56.5355 0.00250623
21 0.964939 -56.5355 0.00250587
22 0.964939 -56.5355 0.00250554
23 0.964939 -56.5355 0.00250524
24 0.964939 -56.5355 0.00250496
25 0.964939 -56.5355 0.0025047
26 0.964939 -56.5355 0.00250444
27 0.964939 -56.5355 0.0025042
28 0.964939 -56.5355 0.00250397
29 0.964939 -56.5355 0.00250376
30 0.964939 -56.5355 0.00250353
31 0.964939 -56.5355 0.00250334
32 0.964939 -56.5355 0.00250313
33 0.964939 -56.5355 0.00250295
34 0.964939 -56.5355 0.00250276
35 0.96494 -56.5355 0.00250259
36 0.96494 -56.5355 0.00250242
37 0.96494 -56.5355 0.00250226
38 0.96494 -56.5355 0.0025021
39 0.96494 -56.5355 0.00250197
40 0.96494 -56.5355 0.00250183
41 0.96494 -56.5355 0.00250171
42 0.96494 -56.5355 0.00250159
43 0.96494 -56.5355 0.0025015
44 0.96494 -56.5355 0.00250141
45 0.96494 -56.5355 0.00250133
46 0.96494 -56.5355 0.00250125
47 0.96494 -56.5355 0.0025012
48 0.96494 -56.5355 0.00250113
49 0.96494 -56.5355 0.00250109
50 0.96494 -56.5355 0.00250104
51 0.96494 -56.5355 0.002501
52 0.96494 -56.5355 0.00250096
53 0.96494 -56.5355 0.00250093
54 0.96494 -56.5355 0.0025009
55 0.96494 -56.5355 0.00250088
56 0.96494 -56.5355 0.00250085
57 0.96494 -56.5355 0.00250085
58 0.96494 -56.5355 0.00250082
59 0.96494 -56.5355 0.00250081
60 0.96494 -56.5355 0.00250079
61 0.96494 -56.5355 0.00250079
62 0.96494 -56.5355 0.00250077
63 0.96494 -56.5355 0.00250076
64 0.96494 -56.5355 0.00250075
65 0.96494 -56.5355 0.00250075
66 0.96494 -56.5355 0.00250074
67 0.96494 -56.5355 0.00250073
68 0.96494 -56.5355 0.00250072
69 0.96494 -56.5355 0.00250072
70 0.96494 -56.5355 0.0025007
71 0.96494 -56.5355 0.00250071
72 0.96494 -56.5355 0.00250069
73 0.96494 -56.5355 0.00250069
74 0.96494 -56.5355 0.00250068
75 0.96494 -56.5355 0.00250068
76 0.96494 -56.5355 0.00250067
77 0.96494 -56.5355 0.00250067
78 0.96494 -56.5355 0.00250066
79 0.96494 -56.5355 0.00250066
80 0.96494 -56.5355 0.00250065
81 0.96494 -56.5355 0.00250065
82 0.96494 -56.5355 0.00250064
83 0.96494 -56.5355 0.00250063
84 0.96494 -56.5355 0.00250062
85 0.96494 -56.5355 0.00250062
86 0.96494 -56.5355 0.00250061
87 0.96494 -56.5355 0.00250061
88 0.96494 -56.5355 0.0025006
89 0.96494 -56.5355 0.0025006
90 0.96494 -56.5355 0.00250059
91 0.96494 -56.5355 0.00250059
92 0.96494 -56.5355 0.00250059
93 0.96494 -56.5355 0.00250058
94 0.96494 -56.5355 0.00250058
95 0.96494 -56.5355 0.00250058
96 0.96494 -56.5355 0.00250057
97 0.96494 -56.5355 0.00250056
98 0.96494 -56.5355 0.00250056
99 0.96494 -56.5355 0.00250056
Initial energy of the MPS: -0.345836
# DMRG Sweep # Mid bond EE # Energy # Std #
0 0.00545182 30.202 5.3921
1 0.710591 31.7421 0.0389645
2 0.695791 31.749 0.0114323
3 0.713489 31.7498 0.00409825
4 0.715048 31.75 0.00142105
5 0.772588 31.75 0.00046623
6 0.732823 31.75 0.000302289
min energy  # max energy
-56.5355 31.75
