Initial energy of the MPS: -0.0212463
# DMRG Sweep # Mid bond EE # Energy # Std #
0 0.0100887 -52.7541 13.2024
1 0.754247 -56.5336 0.0146053
2 0.935281 -56.5354 0.00335574
3 0.962538 -56.5355 0.00271559
4 0.964611 -56.5355 0.00273378
5 0.964832 -56.5355 0.00269936
6 0.964879 -56.5355 0.00264669
7 0.9649 -56.5355 0.00260326
8 0.964911 -56.5355 0.00257533
9 0.964919 -56.5355 0.00255618
10 0.964925 -56.5355 0.00253927
11 0.964931 -56.5355 0.00252651
12 0.964934 -56.5355 0.00251874
13 0.964937 -56.5355 0.00251427
14 0.964938 -56.5355 0.00251147
15 0.964938 -56.5355 0.00250948
16 0.964939 -56.5355 0.00250837
17 0.964939 -56.5355 0.00250772
18 0.964939 -56.5355 0.00250722
19 0.964939 -56.5355 0.00250678
20 0.964939 -56.5355 0.00250637
21 0.964939 -56.5355 0.002506
22 0.964939 -56.5355 0.00250563
23 0.96494 -56.5355 0.00250529
24 0.96494 -56.5355 0.00250496
25 0.96494 -56.5355 0.00250465
26 0.96494 -56.5355 0.00250435
27 0.96494 -56.5355 0.00250407
28 0.96494 -56.5355 0.0025038
29 0.96494 -56.5355 0.00250355
30 0.96494 -56.5355 0.00250332
31 0.96494 -56.5355 0.00250311
32 0.96494 -56.5355 0.00250291
33 0.96494 -56.5355 0.00250275
34 0.96494 -56.5355 0.00250258
35 0.96494 -56.5355 0.00250244
36 0.96494 -56.5355 0.00250231
37 0.96494 -56.5355 0.0025022
38 0.96494 -56.5355 0.00250209
39 0.96494 -56.5355 0.00250202
40 0.96494 -56.5355 0.00250193
41 0.96494 -56.5355 0.00250187
42 0.96494 -56.5355 0.0025018
43 0.96494 -56.5355 0.00250175
44 0.96494 -56.5355 0.00250169
45 0.96494 -56.5355 0.00250165
46 0.96494 -56.5355 0.0025016
47 0.96494 -56.5355 0.00250156
48 0.96494 -56.5355 0.00250151
49 0.96494 -56.5355 0.00250148
50 0.96494 -56.5355 0.00250143
51 0.96494 -56.5355 0.00250141
52 0.96494 -56.5355 0.00250137
53 0.96494 -56.5355 0.00250135
54 0.96494 -56.5355 0.00250132
55 0.96494 -56.5355 0.0025013
56 0.96494 -56.5355 0.00250128
57 0.96494 -56.5355 0.00250127
58 0.96494 -56.5355 0.00250125
59 0.96494 -56.5355 0.00250125
60 0.96494 -56.5355 0.00250123
61 0.96494 -56.5355 0.00250123
62 0.96494 -56.5355 0.00250121
63 0.96494 -56.5355 0.00250121
64 0.96494 -56.5355 0.0025012
65 0.96494 -56.5355 0.00250119
66 0.96494 -56.5355 0.00250119
67 0.96494 -56.5355 0.00250118
68 0.96494 -56.5355 0.00250117
69 0.96494 -56.5355 0.00250118
70 0.96494 -56.5355 0.00250116
71 0.96494 -56.5355 0.00250116
72 0.96494 -56.5355 0.00250116
73 0.96494 -56.5355 0.00250116
74 0.96494 -56.5355 0.00250115
75 0.96494 -56.5355 0.00250114
76 0.96494 -56.5355 0.00250113
77 0.96494 -56.5355 0.00250114
78 0.96494 -56.5355 0.00250113
79 0.96494 -56.5355 0.00250113
80 0.96494 -56.5355 0.00250113
81 0.96494 -56.5355 0.00250113
82 0.96494 -56.5355 0.00250111
83 0.96494 -56.5355 0.00250112
84 0.96494 -56.5355 0.00250111
85 0.96494 -56.5355 0.00250111
86 0.96494 -56.5355 0.0025011
87 0.96494 -56.5355 0.00250111
88 0.96494 -56.5355 0.0025011
89 0.96494 -56.5355 0.0025011
90 0.96494 -56.5355 0.00250109
91 0.96494 -56.5355 0.0025011
92 0.96494 -56.5355 0.00250108
93 0.96494 -56.5355 0.00250109
94 0.96494 -56.5355 0.00250109
95 0.96494 -56.5355 0.00250109
96 0.96494 -56.5355 0.00250108
97 0.96494 -56.5355 0.00250108
98 0.96494 -56.5355 0.00250107
99 0.96494 -56.5355 0.00250108
Initial energy of the MPS: -0.345783
# DMRG Sweep # Mid bond EE # Energy # Std #
0 0.00655774 30.2126 5.39309
1 0.708431 31.7414 0.0408727
2 0.695733 31.7488 0.0121921
3 0.711085 31.7498 0.00403408
4 0.714777 31.7499 0.00158656
5 0.736621 31.7499 0.000998835
6 0.772861 31.75 0.000691053
7 0.840297 31.75 0.000484022
8 0.921396 31.75 0.000471546
9 0.949915 31.75 0.000496802
10 0.999012 31.75 0.000502815
11 1.00148 31.75 0.000543591
12 1.00821 31.7501 0.000429618
13 1.01852 31.7501 0.000375358
14 1.0315 31.7501 0.000417949
15 1.02697 31.7501 0.000411498
16 1.02769 31.7501 0.000417053
17 1.0222 31.7501 0.000390082
18 1.01894 31.7501 0.000390641
19 1.01892 31.7501 0.000379049
20 1.00138 31.7501 0.000393522
21 1.00567 31.7502 0.000365042
22 0.995584 31.7502 0.000356372
23 0.993658 31.7502 0.000377417
24 0.984629 31.7502 0.000364728
25 0.972002 31.7502 0.000355986
26 0.957799 31.7502 0.000324732
27 0.952014 31.7502 0.000262989
min energy  # max energy
-56.5355 31.7502
