Initial energy of the MPS: -0.0212177
# DMRG Sweep # Mid bond EE # Energy # Std #
0 0.0100879 -52.7557 13.2027
1 0.754252 -56.5336 0.0145925
2 0.935322 -56.5354 0.00334459
3 0.962552 -56.5355 0.00271708
4 0.964611 -56.5355 0.00273377
5 0.964832 -56.5355 0.00269818
6 0.964879 -56.5355 0.00264349
7 0.964901 -56.5355 0.00259781
8 0.964913 -56.5355 0.00256928
9 0.964921 -56.5355 0.00254964
10 0.964927 -56.5355 0.00253412
11 0.964932 -56.5355 0.00252459
12 0.964934 -56.5355 0.00251856
13 0.964936 -56.5355 0.00251466
14 0.964938 -56.5355 0.00251142
15 0.964938 -56.5355 0.00250911
16 0.964939 -56.5355 0.00250807
17 0.964939 -56.5355 0.00250749
18 0.964939 -56.5355 0.00250703
19 0.964939 -56.5355 0.00250665
20 0.964939 -56.5355 0.00250627
21 0.964939 -56.5355 0.00250594
22 0.964939 -56.5355 0.00250562
23 0.964939 -56.5355 0.00250533
24 0.96494 -56.5355 0.00250504
25 0.96494 -56.5355 0.00250478
26 0.96494 -56.5355 0.00250453
27 0.96494 -56.5355 0.00250431
28 0.96494 -56.5355 0.00250409
29 0.96494 -56.5355 0.00250391
30 0.96494 -56.5355 0.00250373
31 0.96494 -56.5355 0.00250357
32 0.96494 -56.5355 0.00250341
33 0.96494 -56.5355 0.00250327
34 0.96494 -56.5355 0.00250313
35 0.96494 -56.5355 0.00250301
36 0.96494 -56.5355 0.00250289
37 0.96494 -56.5355 0.00250278
38 0.96494 -56.5355 0.00250267
39 0.96494 -56.5355 0.00250257
40 0.96494 -56.5355 0.00250247
41 0.96494 -56.5355 0.00250238
42 0.96494 -56.5355 0.00250229
43 0.96494 -56.5355 0.00250222
44 0.96494 -56.5355 0.00250214
45 0.96494 -56.5355 0.00250208
46 0.96494 -56.5355 0.00250202
47 0.96494 -56.5355 0.00250197
48 0.96494 -56.5355 0.00250191
49 0.96494 -56.5355 0.00250187
50 0.96494 -56.5355 0.00250182
51 0.96494 -56.5355 0.00250178
52 0.96494 -56.5355 0.00250172
53 0.96494 -56.5355 0.00250168
54 0.96494 -56.5355 0.00250162
55 0.96494 -56.5355 0.00250158
56 0.96494 -56.5355 0.00250152
57 0.96494 -56.5355 0.00250147
58 0.96494 -56.5355 0.00250141
59 0.96494 -56.5355 0.00250137
60 0.96494 -56.5355 0.00250131
61 0.96494 -56.5355 0.00250126
62 0.96494 -56.5355 0.00250122
63 0.96494 -56.5355 0.00250118
64 0.96494 -56.5355 0.00250115
65 0.96494 -56.5355 0.00250112
66 0.96494 -56.5355 0.00250109
67 0.96494 -56.5355 0.00250108
68 0.96494 -56.5355 0.00250105
69 0.96494 -56.5355 0.00250104
70 0.96494 -56.5355 0.00250102
71 0.96494 -56.5355 0.00250101
72 0.96494 -56.5355 0.002501
73 0.96494 -56.5355 0.002501
74 0.96494 -56.5355 0.00250099
75 0.96494 -56.5355 0.00250098
76 0.96494 -56.5355 0.00250097
77 0.96494 -56.5355 0.00250097
78 0.96494 -56.5355 0.00250096
79 0.96494 -56.5355 0.00250096
80 0.96494 -56.5355 0.00250095
81 0.96494 -56.5355 0.00250095
82 0.96494 -56.5355 0.00250095
83 0.96494 -56.5355 0.00250094
84 0.96494 -56.5355 0.00250094
85 0.96494 -56.5355 0.00250093
86 0.96494 -56.5355 0.00250093
87 0.96494 -56.5355 0.00250093
88 0.96494 -56.5355 0.00250092
89 0.96494 -56.5355 0.00250092
90 0.96494 -56.5355 0.00250091
91 0.96494 -56.5355 0.00250091
92 0.96494 -56.5355 0.00250091
93 0.96494 -56.5355 0.0025009
94 0.96494 -56.5355 0.0025009
95 0.96494 -56.5355 0.0025009
96 0.96494 -56.5355 0.0025009
97 0.96494 -56.5355 0.00250089
98 0.96494 -56.5355 0.00250089
99 0.96494 -56.5355 0.00250089
Initial energy of the MPS: -0.345763
# DMRG Sweep # Mid bond EE # Energy # Std #
0 0.00677212 30.2066 5.39261
1 0.702954 31.7419 0.0413632
2 0.696699 31.7492 0.0116142
3 0.713953 31.75 0.00432714
4 0.716837 31.7502 0.00170185
5 0.713794 31.7503 0.00114328
6 0.746822 31.7503 0.000842595
7 0.803398 31.7503 0.000695202
8 0.835043 31.7504 0.000571602
9 0.879542 31.7504 0.000511102
10 0.887664 31.7504 0.0004997
11 0.901624 31.7504 0.00041171
12 0.894442 31.7504 0.000435846
13 0.897388 31.7504 0.00044076
14 0.862394 31.7504 0.000434444
15 0.845852 31.7504 0.000514818
16 0.647824 31.7505 0.000359271
17 0.446614 31.7505 0.00027411
min energy  # max energy
-56.5355 31.7505
