Initial energy of the MPS: -0.0212013
# DMRG Sweep # Mid bond EE # Energy # Std #
0 0.010091 -52.7554 13.2027
1 0.75402 -56.5336 0.0146053
2 0.935201 -56.5354 0.00335401
3 0.962535 -56.5355 0.00271606
4 0.964605 -56.5355 0.00273361
5 0.964828 -56.5355 0.00269975
6 0.964876 -56.5355 0.00264814
7 0.964896 -56.5355 0.00260774
8 0.964906 -56.5355 0.00258129
9 0.964914 -56.5355 0.00256282
10 0.964919 -56.5355 0.00254628
11 0.964924 -56.5355 0.00253217
12 0.964928 -56.5355 0.00252294
13 0.964931 -56.5355 0.0025179
14 0.964932 -56.5355 0.00251519
15 0.964933 -56.5355 0.00251251
16 0.964935 -56.5355 0.0025097
17 0.964935 -56.5355 0.00250808
18 0.964936 -56.5355 0.00250734
19 0.964936 -56.5355 0.00250684
20 0.964936 -56.5355 0.0025064
21 0.964936 -56.5355 0.00250602
22 0.964936 -56.5355 0.00250566
23 0.964936 -56.5355 0.00250534
24 0.964936 -56.5355 0.00250503
25 0.964936 -56.5355 0.00250475
26 0.964936 -56.5355 0.00250448
27 0.964936 -56.5355 0.00250425
28 0.964936 -56.5355 0.00250403
29 0.964936 -56.5355 0.00250383
30 0.964936 -56.5355 0.00250364
31 0.964936 -56.5355 0.00250347
32 0.964936 -56.5355 0.00250331
33 0.964936 -56.5355 0.00250318
34 0.964936 -56.5355 0.00250305
35 0.964936 -56.5355 0.00250295
36 0.964936 -56.5355 0.00250284
37 0.964936 -56.5355 0.00250276
38 0.964936 -56.5355 0.00250268
39 0.964936 -56.5355 0.00250262
40 0.964936 -56.5355 0.00250256
41 0.964936 -56.5355 0.00250252
42 0.964936 -56.5355 0.00250246
43 0.964936 -56.5355 0.00250242
44 0.964936 -56.5355 0.00250239
45 0.964936 -56.5355 0.00250235
46 0.964936 -56.5355 0.00250233
47 0.964936 -56.5355 0.00250231
48 0.964936 -56.5355 0.00250228
49 0.964936 -56.5355 0.00250226
50 0.964936 -56.5355 0.00250224
51 0.964936 -56.5355 0.00250223
52 0.964936 -56.5355 0.0025022
53 0.964936 -56.5355 0.0025022
54 0.964936 -56.5355 0.00250217
55 0.964936 -56.5355 0.00250217
56 0.964936 -56.5355 0.00250215
57 0.964936 -56.5355 0.00250214
58 0.964936 -56.5355 0.00250212
59 0.964936 -56.5355 0.00250212
60 0.964936 -56.5355 0.0025021
61 0.964936 -56.5355 0.00250209
62 0.964936 -56.5355 0.00250207
63 0.964936 -56.5355 0.00250207
64 0.964936 -56.5355 0.00250205
65 0.964936 -56.5355 0.00250203
66 0.964936 -56.5355 0.00250202
67 0.964936 -56.5355 0.002502
68 0.964936 -56.5355 0.00250198
69 0.964936 -56.5355 0.00250197
70 0.964936 -56.5355 0.00250194
71 0.964936 -56.5355 0.00250192
72 0.964936 -56.5355 0.0025019
73 0.964936 -56.5355 0.00250187
74 0.964936 -56.5355 0.00250184
75 0.964936 -56.5355 0.00250183
76 0.964936 -56.5355 0.0025018
77 0.964936 -56.5355 0.00250178
78 0.964936 -56.5355 0.00250175
79 0.964936 -56.5355 0.00250174
80 0.964936 -56.5355 0.00250172
81 0.964936 -56.5355 0.0025017
82 0.964936 -56.5355 0.00250168
83 0.964936 -56.5355 0.00250167
84 0.964936 -56.5355 0.00250166
85 0.964936 -56.5355 0.00250166
86 0.964936 -56.5355 0.00250164
87 0.964936 -56.5355 0.00250164
88 0.964936 -56.5355 0.00250163
89 0.964936 -56.5355 0.00250163
90 0.964936 -56.5355 0.00250163
91 0.964936 -56.5355 0.00250162
92 0.964936 -56.5355 0.00250161
93 0.964936 -56.5355 0.00250162
94 0.964936 -56.5355 0.00250161
95 0.964936 -56.5355 0.00250161
96 0.964936 -56.5355 0.0025016
97 0.964936 -56.5355 0.0025016
98 0.964936 -56.5355 0.00250159
99 0.964936 -56.5355 0.0025016
Initial energy of the MPS: -0.345811
# DMRG Sweep # Mid bond EE # Energy # Std #
0 0.00674946 30.1901 5.39136
1 0.70127 31.7416 0.0402961
2 0.696605 31.7488 0.0110689
3 0.710895 31.7497 0.00413082
4 0.710327 31.7499 0.00186438
5 0.723363 31.7499 0.00102535
6 0.76474 31.75 0.000757885
7 0.811196 31.75 0.000651981
8 0.89845 31.75 0.000565126
9 0.923284 31.75 0.000603783
10 0.967991 31.7501 0.000660574
11 0.964792 31.7501 0.000641489
12 0.978822 31.7501 0.000649023
13 0.983226 31.7501 0.000517194
14 0.995197 31.7501 0.000529497
15 0.993799 31.7502 0.000504743
16 0.992965 31.7502 0.000508819
17 0.992569 31.7502 0.000533852
18 0.979413 31.7502 0.000451612
19 0.986728 31.7502 0.000405176
20 0.976953 31.7502 0.000418002
21 0.969897 31.7503 0.000447715
22 0.954439 31.7503 0.000410227
23 0.946388 31.7503 0.000358459
24 0.93913 31.7503 0.000277113
min energy  # max energy
-56.5355 31.7503
