Initial energy of the MPS: -0.0212563
# DMRG Sweep # Mid bond EE # Energy # Std #
0 0.0100874 -52.7541 13.2024
1 0.75432 -56.5336 0.014569
2 0.935294 -56.5354 0.00335052
3 0.962542 -56.5355 0.00271548
4 0.964612 -56.5355 0.00273111
5 0.964832 -56.5355 0.00269639
6 0.96488 -56.5355 0.00264356
7 0.964901 -56.5355 0.0026007
8 0.964913 -56.5355 0.00257442
9 0.964921 -56.5355 0.00255503
10 0.964926 -56.5355 0.00253765
11 0.964932 -56.5355 0.00252551
12 0.964934 -56.5355 0.00251933
13 0.964937 -56.5355 0.00251552
14 0.964938 -56.5355 0.00251248
15 0.964938 -56.5355 0.00251029
16 0.964939 -56.5355 0.00250873
17 0.964939 -56.5355 0.00250784
18 0.964939 -56.5355 0.00250728
19 0.96494 -56.5355 0.00250684
20 0.96494 -56.5355 0.00250645
21 0.96494 -56.5355 0.00250611
22 0.96494 -56.5355 0.00250578
23 0.96494 -56.5355 0.00250549
24 0.96494 -56.5355 0.00250521
25 0.96494 -56.5355 0.00250495
26 0.96494 -56.5355 0.00250469
27 0.96494 -56.5355 0.00250447
28 0.96494 -56.5355 0.00250424
29 0.96494 -56.5355 0.00250404
30 0.96494 -56.5355 0.00250383
31 0.96494 -56.5355 0.00250364
32 0.96494 -56.5355 0.00250344
33 0.96494 -56.5355 0.00250327
34 0.96494 -56.5355 0.00250309
35 0.96494 -56.5355 0.00250293
36 0.96494 -56.5355 0.00250277
37 0.96494 -56.5355 0.00250263
38 0.96494 -56.5355 0.00250248
39 0.96494 -56.5355 0.00250235
40 0.96494 -56.5355 0.00250222
41 0.96494 -56.5355 0.00250211
42 0.96494 -56.5355 0.00250199
43 0.96494 -56.5355 0.0025019
44 0.96494 -56.5355 0.00250179
45 0.96494 -56.5355 0.00250171
46 0.96494 -56.5355 0.00250163
47 0.96494 -56.5355 0.00250157
48 0.96494 -56.5355 0.00250149
49 0.96494 -56.5355 0.00250144
50 0.96494 -56.5355 0.00250138
51 0.96494 -56.5355 0.00250134
52 0.96494 -56.5355 0.0025013
53 0.96494 -56.5355 0.00250127
54 0.96494 -56.5355 0.00250124
55 0.96494 -56.5355 0.00250122
56 0.96494 -56.5355 0.0025012
57 0.96494 -56.5355 0.00250119
58 0.96494 -56.5355 0.00250116
59 0.96494 -56.5355 0.00250116
60 0.96494 -56.5355 0.00250114
61 0.96494 -56.5355 0.00250113
62 0.96494 -56.5355 0.00250111
63 0.96494 -56.5355 0.00250111
64 0.96494 -56.5355 0.0025011
65 0.96494 -56.5355 0.0025011
66 0.96494 -56.5355 0.00250108
67 0.96494 -56.5355 0.00250108
68 0.96494 -56.5355 0.00250107
69 0.96494 -56.5355 0.00250107
70 0.96494 -56.5355 0.00250106
71 0.96494 -56.5355 0.00250106
72 0.96494 -56.5355 0.00250105
73 0.96494 -56.5355 0.00250105
74 0.96494 -56.5355 0.00250104
75 0.96494 -56.5355 0.00250103
76 0.96494 -56.5355 0.00250103
77 0.96494 -56.5355 0.00250102
78 0.96494 -56.5355 0.00250102
79 0.96494 -56.5355 0.00250102
80 0.96494 -56.5355 0.002501
81 0.96494 -56.5355 0.00250101
82 0.96494 -56.5355 0.002501
83 0.96494 -56.5355 0.002501
84 0.96494 -56.5355 0.00250099
85 0.96494 -56.5355 0.00250099
86 0.96494 -56.5355 0.00250098
87 0.96494 -56.5355 0.00250099
88 0.96494 -56.5355 0.00250098
89 0.96494 -56.5355 0.00250097
90 0.96494 -56.5355 0.00250096
91 0.96494 -56.5355 0.00250097
92 0.96494 -56.5355 0.00250096
93 0.96494 -56.5355 0.00250096
94 0.96494 -56.5355 0.00250095
95 0.96494 -56.5355 0.00250095
96 0.96494 -56.5355 0.00250094
97 0.96494 -56.5355 0.00250095
98 0.96494 -56.5355 0.00250094
99 0.96494 -56.5355 0.00250094
Initial energy of the MPS: -0.345821
# DMRG Sweep # Mid bond EE # Energy # Std #
0 0.00685298 30.2102 5.39281
1 0.702441 31.7414 0.0403439
2 0.698614 31.7488 0.0118556
3 0.713139 31.7498 0.00407119
4 0.714744 31.7499 0.00166699
5 0.739099 31.75 0.000897502
6 0.757606 31.75 0.000554873
7 0.820287 31.75 0.000465664
8 0.902196 31.75 0.000328399
9 0.942355 31.75 0.00035389
10 0.955292 31.75 0.000310255
11 0.998915 31.75 0.000315264
12 1.00258 31.75 0.000373215
13 1.0241 31.75 0.000401328
14 1.0099 31.75 0.000418483
15 1.02689 31.75 0.000299559
min energy  # max energy
-56.5355 31.75
