Initial energy of the MPS: -0.0212404
# DMRG Sweep # Mid bond EE # Energy # Std #
0 0.0100878 -52.7546 13.2025
1 0.754139 -56.5336 0.0145805
2 0.935165 -56.5354 0.00334703
3 0.962536 -56.5355 0.00271415
4 0.964609 -56.5355 0.00273032
5 0.96483 -56.5355 0.00269611
6 0.964877 -56.5355 0.00264256
7 0.964899 -56.5355 0.00259793
8 0.964911 -56.5355 0.00257163
9 0.964918 -56.5355 0.00255389
10 0.964924 -56.5355 0.00253792
11 0.96493 -56.5355 0.00252575
12 0.964932 -56.5355 0.00251937
13 0.964934 -56.5355 0.00251572
14 0.964935 -56.5355 0.00251269
15 0.964936 -56.5355 0.00251049
16 0.964937 -56.5355 0.00250885
17 0.964937 -56.5355 0.00250786
18 0.964937 -56.5355 0.00250726
19 0.964937 -56.5355 0.00250682
20 0.964937 -56.5355 0.0025064
21 0.964937 -56.5355 0.00250605
22 0.964937 -56.5355 0.00250571
23 0.964937 -56.5355 0.00250541
24 0.964938 -56.5355 0.00250511
25 0.964938 -56.5355 0.00250485
26 0.964938 -56.5355 0.00250459
27 0.964938 -56.5355 0.00250435
28 0.964938 -56.5355 0.00250412
29 0.964938 -56.5355 0.0025039
30 0.964938 -56.5355 0.00250369
31 0.964938 -56.5355 0.00250349
32 0.964938 -56.5355 0.00250329
33 0.964938 -56.5355 0.0025031
34 0.964938 -56.5355 0.00250292
35 0.964938 -56.5355 0.00250274
36 0.964938 -56.5355 0.00250256
37 0.964938 -56.5355 0.00250241
38 0.964938 -56.5355 0.00250225
39 0.964938 -56.5355 0.0025021
40 0.964938 -56.5355 0.00250195
41 0.964938 -56.5355 0.00250182
42 0.964938 -56.5355 0.00250169
43 0.964938 -56.5355 0.00250158
44 0.964938 -56.5355 0.00250146
45 0.964938 -56.5355 0.00250137
46 0.964938 -56.5355 0.00250128
47 0.964938 -56.5355 0.00250121
48 0.964938 -56.5355 0.00250113
49 0.964938 -56.5355 0.00250108
50 0.964938 -56.5355 0.00250102
51 0.964938 -56.5355 0.00250099
52 0.964938 -56.5355 0.00250094
53 0.964938 -56.5355 0.00250093
54 0.964938 -56.5355 0.00250089
55 0.964938 -56.5355 0.00250087
56 0.964938 -56.5355 0.00250085
57 0.964938 -56.5355 0.00250084
58 0.964938 -56.5355 0.00250081
59 0.964938 -56.5355 0.0025008
60 0.964938 -56.5355 0.00250079
61 0.964938 -56.5355 0.00250078
62 0.964938 -56.5355 0.00250077
63 0.964938 -56.5355 0.00250077
64 0.964938 -56.5355 0.00250075
65 0.964938 -56.5355 0.00250074
66 0.964938 -56.5355 0.00250073
67 0.964938 -56.5355 0.00250073
68 0.964938 -56.5355 0.00250071
69 0.964938 -56.5355 0.00250071
70 0.964938 -56.5355 0.0025007
71 0.964938 -56.5355 0.00250069
72 0.964938 -56.5355 0.00250068
73 0.964938 -56.5355 0.00250069
74 0.964938 -56.5355 0.00250067
75 0.964938 -56.5355 0.00250067
76 0.964938 -56.5355 0.00250067
77 0.964938 -56.5355 0.00250067
78 0.964938 -56.5355 0.00250065
79 0.964938 -56.5355 0.00250065
80 0.964938 -56.5355 0.00250064
81 0.964938 -56.5355 0.00250065
82 0.964938 -56.5355 0.00250063
83 0.964938 -56.5355 0.00250064
84 0.964938 -56.5355 0.00250063
85 0.964938 -56.5355 0.00250063
86 0.964938 -56.5355 0.00250062
87 0.964938 -56.5355 0.00250062
88 0.964938 -56.5355 0.00250061
89 0.964938 -56.5355 0.00250062
90 0.964938 -56.5355 0.00250061
91 0.964938 -56.5355 0.00250061
92 0.964938 -56.5355 0.0025006
93 0.964938 -56.5355 0.0025006
94 0.964938 -56.5355 0.00250059
95 0.964938 -56.5355 0.0025006
96 0.964938 -56.5355 0.00250059
97 0.964938 -56.5355 0.00250059
98 0.964938 -56.5355 0.00250058
99 0.964938 -56.5355 0.00250059
Initial energy of the MPS: -0.34586
# DMRG Sweep # Mid bond EE # Energy # Std #
0 0.00685004 30.2077 5.39304
1 0.702784 31.7413 0.0427053
2 0.697517 31.7489 0.0118042
3 0.716758 31.7498 0.00370704
4 0.717167 31.7499 0.00158944
5 0.744379 31.75 0.000771254
6 0.746656 31.75 0.000426883
7 0.785002 31.75 0.000522602
8 0.855734 31.75 0.000339851
9 0.917971 31.75 0.000261741
min energy  # max energy
-56.5355 31.75
