Initial energy of the MPS: -0.0212183
# DMRG Sweep # Mid bond EE # Energy # Std #
0 0.0100859 -52.754 13.2024
1 0.754259 -56.5336 0.0146266
2 0.935369 -56.5354 0.00334517
3 0.962551 -56.5355 0.00271721
4 0.964614 -56.5355 0.00273708
5 0.964831 -56.5355 0.00270033
6 0.964879 -56.5355 0.0026445
7 0.964901 -56.5355 0.00260006
8 0.964913 -56.5355 0.00257184
9 0.964922 -56.5355 0.00255034
10 0.964927 -56.5355 0.00253375
11 0.964933 -56.5355 0.00252495
12 0.964934 -56.5355 0.00252009
13 0.964936 -56.5355 0.00251663
14 0.964937 -56.5355 0.0025133
15 0.964937 -56.5355 0.00251094
16 0.964938 -56.5355 0.00250925
17 0.964939 -56.5355 0.0025077
18 0.964939 -56.5355 0.00250665
19 0.964939 -56.5355 0.00250604
20 0.964939 -56.5355 0.00250556
21 0.964939 -56.5355 0.00250516
22 0.964939 -56.5355 0.00250479
23 0.964939 -56.5355 0.00250447
24 0.96494 -56.5355 0.00250417
25 0.96494 -56.5355 0.00250391
26 0.96494 -56.5355 0.00250366
27 0.96494 -56.5355 0.00250346
28 0.96494 -56.5355 0.00250326
29 0.96494 -56.5355 0.00250311
30 0.96494 -56.5355 0.00250295
31 0.96494 -56.5355 0.00250281
32 0.96494 -56.5355 0.00250269
33 0.96494 -56.5355 0.00250257
34 0.96494 -56.5355 0.00250247
35 0.96494 -56.5355 0.00250238
36 0.96494 -56.5355 0.00250228
37 0.96494 -56.5355 0.00250222
38 0.96494 -56.5355 0.00250214
39 0.96494 -56.5355 0.00250209
40 0.96494 -56.5355 0.00250203
41 0.96494 -56.5355 0.00250198
42 0.96494 -56.5355 0.00250193
43 0.96494 -56.5355 0.00250189
44 0.96494 -56.5355 0.00250183
45 0.96494 -56.5355 0.00250181
46 0.96494 -56.5355 0.00250175
47 0.96494 -56.5355 0.00250172
48 0.96494 -56.5355 0.00250167
49 0.96494 -56.5355 0.00250163
50 0.96494 -56.5355 0.00250159
51 0.96494 -56.5355 0.00250154
52 0.96494 -56.5355 0.0025015
53 0.96494 -56.5355 0.00250145
54 0.96494 -56.5355 0.00250141
55 0.96494 -56.5355 0.00250138
56 0.96494 -56.5355 0.00250134
57 0.96494 -56.5355 0.00250131
58 0.96494 -56.5355 0.00250128
59 0.96494 -56.5355 0.00250125
60 0.96494 -56.5355 0.00250121
61 0.96494 -56.5355 0.0025012
62 0.96494 -56.5355 0.00250118
63 0.96494 -56.5355 0.00250117
64 0.96494 -56.5355 0.00250115
65 0.96494 -56.5355 0.00250114
66 0.96494 -56.5355 0.00250112
67 0.96494 -56.5355 0.00250112
68 0.96494 -56.5355 0.0025011
69 0.96494 -56.5355 0.0025011
70 0.96494 -56.5355 0.00250109
71 0.96494 -56.5355 0.00250109
72 0.96494 -56.5355 0.00250108
73 0.96494 -56.5355 0.00250108
74 0.96494 -56.5355 0.00250107
75 0.96494 -56.5355 0.00250107
76 0.96494 -56.5355 0.00250106
77 0.96494 -56.5355 0.00250106
78 0.96494 -56.5355 0.00250105
79 0.96494 -56.5355 0.00250105
80 0.96494 -56.5355 0.00250104
81 0.96494 -56.5355 0.00250105
82 0.96494 -56.5355 0.00250104
83 0.96494 -56.5355 0.00250104
84 0.96494 -56.5355 0.00250103
85 0.96494 -56.5355 0.00250103
86 0.96494 -56.5355 0.00250102
87 0.96494 -56.5355 0.00250103
88 0.96494 -56.5355 0.00250102
89 0.96494 -56.5355 0.00250102
90 0.96494 -56.5355 0.00250101
91 0.96494 -56.5355 0.00250101
92 0.96494 -56.5355 0.002501
93 0.96494 -56.5355 0.00250101
94 0.96494 -56.5355 0.002501
95 0.96494 -56.5355 0.002501
96 0.96494 -56.5355 0.002501
97 0.96494 -56.5355 0.002501
98 0.96494 -56.5355 0.00250099
99 0.96494 -56.5355 0.00250099
Initial energy of the MPS: -0.345814
# DMRG Sweep # Mid bond EE # Energy # Std #
0 0.00532293 30.2186 5.39317
1 0.702748 31.741 0.0438955
2 0.698273 31.749 0.0122331
3 0.710189 31.7499 0.00382201
4 0.717354 31.7501 0.00143755
5 0.744215 31.7501 0.000617437
6 0.716174 31.7501 0.00052265
7 0.78255 31.7501 0.000433969
8 0.812547 31.7501 0.000317808
9 0.922366 31.7501 0.000277945
min energy  # max energy
-56.5355 31.7501
