Initial energy of the MPS: -0.0212264
# DMRG Sweep # Mid bond EE # Energy # Std #
0 0.0100865 -52.755 13.2026
1 0.754304 -56.5336 0.014587
2 0.935353 -56.5354 0.003345
3 0.962542 -56.5355 0.00271907
4 0.964612 -56.5355 0.00273586
5 0.964831 -56.5355 0.00269881
6 0.964879 -56.5355 0.00264314
7 0.964901 -56.5355 0.00259736
8 0.964913 -56.5355 0.00256919
9 0.964921 -56.5355 0.00254943
10 0.964927 -56.5355 0.00253458
11 0.964931 -56.5355 0.00252603
12 0.964933 -56.5355 0.00252139
13 0.964935 -56.5355 0.00251807
14 0.964936 -56.5355 0.00251543
15 0.964937 -56.5355 0.00251324
16 0.964938 -56.5355 0.00251074
17 0.964938 -56.5355 0.00250885
18 0.964939 -56.5355 0.00250794
19 0.964939 -56.5355 0.0025074
20 0.964939 -56.5355 0.00250693
21 0.964939 -56.5355 0.00250652
22 0.964939 -56.5355 0.00250613
23 0.964939 -56.5355 0.00250579
24 0.964939 -56.5355 0.00250545
25 0.964939 -56.5355 0.00250516
26 0.964939 -56.5355 0.00250486
27 0.964939 -56.5355 0.00250461
28 0.964939 -56.5355 0.00250436
29 0.964939 -56.5355 0.00250414
30 0.964939 -56.5355 0.00250392
31 0.964939 -56.5355 0.00250374
32 0.964939 -56.5355 0.00250355
33 0.964939 -56.5355 0.00250339
34 0.964939 -56.5355 0.00250322
35 0.964939 -56.5355 0.00250309
36 0.964939 -56.5355 0.00250293
37 0.964939 -56.5355 0.00250282
38 0.964939 -56.5355 0.00250269
39 0.964939 -56.5355 0.00250259
40 0.964939 -56.5355 0.00250247
41 0.964939 -56.5355 0.00250239
42 0.964939 -56.5355 0.00250229
43 0.964939 -56.5355 0.00250222
44 0.964939 -56.5355 0.00250214
45 0.964939 -56.5355 0.00250208
46 0.964939 -56.5355 0.00250201
47 0.964939 -56.5355 0.00250196
48 0.964939 -56.5355 0.00250189
49 0.964939 -56.5355 0.00250184
50 0.964939 -56.5355 0.00250178
51 0.964939 -56.5355 0.00250174
52 0.964939 -56.5355 0.00250168
53 0.964939 -56.5355 0.00250164
54 0.964939 -56.5355 0.00250158
55 0.964939 -56.5355 0.00250153
56 0.964939 -56.5355 0.00250147
57 0.964939 -56.5355 0.00250142
58 0.964939 -56.5355 0.00250137
59 0.964939 -56.5355 0.00250132
60 0.964939 -56.5355 0.00250128
61 0.964939 -56.5355 0.00250124
62 0.964939 -56.5355 0.0025012
63 0.964939 -56.5355 0.00250118
64 0.964939 -56.5355 0.00250114
65 0.964939 -56.5355 0.00250113
66 0.964939 -56.5355 0.0025011
67 0.964939 -56.5355 0.00250109
68 0.964939 -56.5355 0.00250107
69 0.96494 -56.5355 0.00250106
70 0.96494 -56.5355 0.00250105
71 0.96494 -56.5355 0.00250105
72 0.96494 -56.5355 0.00250103
73 0.96494 -56.5355 0.00250103
74 0.96494 -56.5355 0.00250102
75 0.96494 -56.5355 0.00250101
76 0.96494 -56.5355 0.002501
77 0.96494 -56.5355 0.002501
78 0.96494 -56.5355 0.00250099
79 0.96494 -56.5355 0.00250099
80 0.96494 -56.5355 0.00250098
81 0.96494 -56.5355 0.00250098
82 0.96494 -56.5355 0.00250097
83 0.96494 -56.5355 0.00250097
84 0.96494 -56.5355 0.00250096
85 0.96494 -56.5355 0.00250096
86 0.96494 -56.5355 0.00250095
87 0.96494 -56.5355 0.00250094
88 0.96494 -56.5355 0.00250094
89 0.96494 -56.5355 0.00250094
90 0.96494 -56.5355 0.00250093
91 0.96494 -56.5355 0.00250093
92 0.96494 -56.5355 0.00250093
93 0.96494 -56.5355 0.00250093
94 0.96494 -56.5355 0.00250092
95 0.96494 -56.5355 0.00250092
96 0.96494 -56.5355 0.00250091
97 0.96494 -56.5355 0.00250091
98 0.96494 -56.5355 0.0025009
99 0.96494 -56.5355 0.00250091
Initial energy of the MPS: -0.345832
# DMRG Sweep # Mid bond EE # Energy # Std #
0 0.00668676 30.2051 5.39367
1 0.701526 31.7416 0.0418566
2 0.695992 31.7489 0.0120541
3 0.713091 31.7498 0.00393843
4 0.717054 31.75 0.00147164
5 0.767638 31.75 0.000416136
6 0.746194 31.75 0.000225161
min energy  # max energy
-56.5355 31.75
