Initial energy of the MPS: -0.0212016
# DMRG Sweep # Mid bond EE # Energy # Std #
0 0.0100864 -52.7545 13.2025
1 0.754291 -56.5336 0.0146086
2 0.935329 -56.5354 0.00334146
3 0.962552 -56.5355 0.00271447
4 0.964613 -56.5355 0.00273522
5 0.964831 -56.5355 0.00269963
6 0.964879 -56.5355 0.00264447
7 0.964901 -56.5355 0.00260042
8 0.964913 -56.5355 0.00257392
9 0.964921 -56.5355 0.00255386
10 0.964927 -56.5355 0.00253663
11 0.964932 -56.5355 0.00252643
12 0.964934 -56.5355 0.00252026
13 0.964936 -56.5355 0.00251542
14 0.964938 -56.5355 0.00251125
15 0.964938 -56.5355 0.00250858
16 0.964939 -56.5355 0.00250729
17 0.964939 -56.5355 0.00250653
18 0.964939 -56.5355 0.00250595
19 0.964939 -56.5355 0.00250547
20 0.964939 -56.5355 0.00250505
21 0.96494 -56.5355 0.00250469
22 0.96494 -56.5355 0.00250435
23 0.96494 -56.5355 0.00250407
24 0.96494 -56.5355 0.0025038
25 0.96494 -56.5355 0.00250357
26 0.96494 -56.5355 0.00250335
27 0.96494 -56.5355 0.00250317
28 0.96494 -56.5355 0.00250298
29 0.96494 -56.5355 0.00250283
30 0.96494 -56.5355 0.00250268
31 0.96494 -56.5355 0.00250255
32 0.96494 -56.5355 0.00250242
33 0.96494 -56.5355 0.00250231
34 0.96494 -56.5355 0.0025022
35 0.96494 -56.5355 0.00250212
36 0.96494 -56.5355 0.00250202
37 0.96494 -56.5355 0.00250196
38 0.96494 -56.5355 0.00250188
39 0.96494 -56.5355 0.00250184
40 0.96494 -56.5355 0.00250178
41 0.96494 -56.5355 0.00250174
42 0.96494 -56.5355 0.00250168
43 0.96494 -56.5355 0.00250165
44 0.96494 -56.5355 0.0025016
45 0.96494 -56.5355 0.00250158
46 0.96494 -56.5355 0.00250154
47 0.96494 -56.5355 0.00250151
48 0.96494 -56.5355 0.00250146
49 0.96494 -56.5355 0.00250145
50 0.96494 -56.5355 0.0025014
51 0.96494 -56.5355 0.00250138
52 0.96494 -56.5355 0.00250133
53 0.96494 -56.5355 0.00250131
54 0.96494 -56.5355 0.00250127
55 0.96494 -56.5355 0.00250126
56 0.96494 -56.5355 0.00250122
57 0.96494 -56.5355 0.0025012
58 0.96494 -56.5355 0.00250117
59 0.96494 -56.5355 0.00250115
60 0.96494 -56.5355 0.00250112
61 0.96494 -56.5355 0.00250109
62 0.96494 -56.5355 0.00250106
63 0.96494 -56.5355 0.00250104
64 0.96494 -56.5355 0.00250101
65 0.96494 -56.5355 0.00250099
66 0.96494 -56.5355 0.00250095
67 0.96494 -56.5355 0.00250094
68 0.96494 -56.5355 0.00250091
69 0.96494 -56.5355 0.0025009
70 0.96494 -56.5355 0.00250087
71 0.96494 -56.5355 0.00250087
72 0.96494 -56.5355 0.00250084
73 0.96494 -56.5355 0.00250084
74 0.96494 -56.5355 0.00250082
75 0.96494 -56.5355 0.00250082
76 0.96494 -56.5355 0.0025008
77 0.96494 -56.5355 0.0025008
78 0.96494 -56.5355 0.00250079
79 0.96494 -56.5355 0.00250079
80 0.96494 -56.5355 0.00250079
81 0.96494 -56.5355 0.00250079
82 0.96494 -56.5355 0.00250078
83 0.96494 -56.5355 0.00250077
84 0.96494 -56.5355 0.00250077
85 0.96494 -56.5355 0.00250077
86 0.96494 -56.5355 0.00250076
87 0.96494 -56.5355 0.00250076
88 0.96494 -56.5355 0.00250076
89 0.96494 -56.5355 0.00250076
90 0.96494 -56.5355 0.00250075
91 0.96494 -56.5355 0.00250075
92 0.96494 -56.5355 0.00250074
93 0.96494 -56.5355 0.00250074
94 0.96494 -56.5355 0.00250073
95 0.96494 -56.5355 0.00250074
96 0.96494 -56.5355 0.00250072
97 0.96494 -56.5355 0.00250073
98 0.96494 -56.5355 0.00250072
99 0.96494 -56.5355 0.00250073
Initial energy of the MPS: -0.345803
# DMRG Sweep # Mid bond EE # Energy # Std #
0 0.00597794 30.2078 5.39257
1 0.708626 31.7412 0.0414569
2 0.697628 31.7488 0.0117458
3 0.714984 31.7498 0.00442488
4 0.708443 31.75 0.00164551
5 0.740568 31.75 0.000735224
6 0.737307 31.75 0.000412699
7 0.789529 31.75 0.000343484
8 0.83311 31.75 0.00032636
9 0.890174 31.75 0.000230031
min energy  # max energy
-56.5355 31.75
