Initial energy of the MPS: -0.0211588
# DMRG Sweep # Mid bond EE # Energy # Std #
0 0.0100889 -52.7554 13.2027
1 0.754474 -56.5336 0.0146153
2 0.935414 -56.5354 0.00334741
3 0.962549 -56.5355 0.00271527
4 0.964607 -56.5355 0.00273154
5 0.964828 -56.5355 0.00269706
6 0.964875 -56.5355 0.00264372
7 0.964897 -56.5355 0.00259879
8 0.964908 -56.5355 0.00257166
9 0.964916 -56.5355 0.0025524
10 0.964922 -56.5355 0.00253536
11 0.964927 -56.5355 0.00252429
12 0.96493 -56.5355 0.00251847
13 0.964932 -56.5355 0.00251469
14 0.964933 -56.5355 0.00251204
15 0.964934 -56.5355 0.00251008
16 0.964935 -56.5355 0.00250877
17 0.964935 -56.5355 0.00250806
18 0.964935 -56.5355 0.00250756
19 0.964935 -56.5355 0.00250715
20 0.964935 -56.5355 0.00250676
21 0.964935 -56.5355 0.00250643
22 0.964935 -56.5355 0.00250609
23 0.964935 -56.5355 0.0025058
24 0.964935 -56.5355 0.00250551
25 0.964935 -56.5355 0.00250525
26 0.964935 -56.5355 0.00250499
27 0.964935 -56.5355 0.00250476
28 0.964935 -56.5355 0.00250453
29 0.964935 -56.5355 0.00250432
30 0.964935 -56.5355 0.00250411
31 0.964935 -56.5355 0.00250393
32 0.964935 -56.5355 0.00250373
33 0.964935 -56.5355 0.00250357
34 0.964935 -56.5355 0.00250339
35 0.964935 -56.5355 0.00250324
36 0.964935 -56.5355 0.00250308
37 0.964935 -56.5355 0.00250294
38 0.964935 -56.5355 0.00250281
39 0.964935 -56.5355 0.00250269
40 0.964935 -56.5355 0.00250257
41 0.964935 -56.5355 0.00250248
42 0.964935 -56.5355 0.00250237
43 0.964935 -56.5355 0.0025023
44 0.964935 -56.5355 0.00250222
45 0.964935 -56.5355 0.00250215
46 0.964935 -56.5355 0.00250209
47 0.964935 -56.5355 0.00250204
48 0.964935 -56.5355 0.00250199
49 0.964936 -56.5355 0.00250195
50 0.964936 -56.5355 0.0025019
51 0.964936 -56.5355 0.00250187
52 0.964936 -56.5355 0.00250182
53 0.964936 -56.5355 0.0025018
54 0.964936 -56.5355 0.00250175
55 0.964936 -56.5355 0.00250173
56 0.964936 -56.5355 0.00250169
57 0.964936 -56.5355 0.00250166
58 0.964936 -56.5355 0.00250162
59 0.964936 -56.5355 0.0025016
60 0.964936 -56.5355 0.00250157
61 0.964936 -56.5355 0.00250155
62 0.964936 -56.5355 0.00250152
63 0.964936 -56.5355 0.00250151
64 0.964936 -56.5355 0.00250149
65 0.964936 -56.5355 0.00250148
66 0.964936 -56.5355 0.00250146
67 0.964936 -56.5355 0.00250146
68 0.964936 -56.5355 0.00250145
69 0.964936 -56.5355 0.00250144
70 0.964936 -56.5355 0.00250143
71 0.964936 -56.5355 0.00250142
72 0.964936 -56.5355 0.00250141
73 0.964936 -56.5355 0.00250141
74 0.964936 -56.5355 0.0025014
75 0.964936 -56.5355 0.00250139
76 0.964936 -56.5355 0.00250139
77 0.964936 -56.5355 0.00250138
78 0.964936 -56.5355 0.00250138
79 0.964936 -56.5355 0.00250138
80 0.964936 -56.5355 0.00250137
81 0.964936 -56.5355 0.00250137
82 0.964936 -56.5355 0.00250136
83 0.964936 -56.5355 0.00250136
84 0.964936 -56.5355 0.00250135
85 0.964936 -56.5355 0.00250136
86 0.964936 -56.5355 0.00250135
87 0.964936 -56.5355 0.00250135
88 0.964936 -56.5355 0.00250134
89 0.964936 -56.5355 0.00250134
90 0.964936 -56.5355 0.00250134
91 0.964936 -56.5355 0.00250134
92 0.964936 -56.5355 0.00250133
93 0.964936 -56.5355 0.00250133
94 0.964936 -56.5355 0.00250132
95 0.964936 -56.5355 0.00250132
96 0.964936 -56.5355 0.00250132
97 0.964936 -56.5355 0.00250132
98 0.964936 -56.5355 0.00250131
99 0.964936 -56.5355 0.00250131
Initial energy of the MPS: -0.345792
# DMRG Sweep # Mid bond EE # Energy # Std #
0 0.00707682 30.1989 5.39265
1 0.694909 31.7417 0.0414881
2 0.69458 31.7489 0.0117118
3 0.71215 31.7498 0.00414028
4 0.713987 31.7499 0.00168246
5 0.746331 31.75 0.000940349
6 0.781248 31.75 0.000607998
7 0.831444 31.75 0.000470939
8 0.914031 31.75 0.000449762
9 0.939148 31.75 0.000375434
10 0.991982 31.75 0.000428275
11 0.990717 31.75 0.000423025
12 1.00853 31.75 0.000386894
13 1.01625 31.7501 0.00037299
14 1.02111 31.7501 0.000413034
15 1.01891 31.7501 0.000372568
16 1.02449 31.7501 0.000340458
17 1.03423 31.7501 0.00031544
18 1.04099 31.7501 0.000322267
19 1.04169 31.7501 0.000361936
20 1.02747 31.7501 0.000393706
21 1.01246 31.7501 0.000369551
22 1.00157 31.7501 0.000340126
23 0.995923 31.7501 0.000283152
min energy  # max energy
-56.5355 31.7501
