Initial energy of the MPS: -0.0212626
# DMRG Sweep # Mid bond EE # Energy # Std #
0 0.0100884 -52.7554 13.2027
1 0.754305 -56.5336 0.014583
2 0.935289 -56.5354 0.00334897
3 0.962543 -56.5355 0.00271434
4 0.964611 -56.5355 0.00273098
5 0.964832 -56.5355 0.00269617
6 0.96488 -56.5355 0.00264271
7 0.964901 -56.5355 0.00259936
8 0.964913 -56.5355 0.00257342
9 0.96492 -56.5355 0.00255569
10 0.964926 -56.5355 0.0025389
11 0.964932 -56.5355 0.00252643
12 0.964934 -56.5355 0.0025202
13 0.964936 -56.5355 0.00251681
14 0.964937 -56.5355 0.00251414
15 0.964938 -56.5355 0.00251201
16 0.964939 -56.5355 0.00251012
17 0.964939 -56.5355 0.0025089
18 0.964939 -56.5355 0.00250819
19 0.964939 -56.5355 0.00250768
20 0.96494 -56.5355 0.00250724
21 0.96494 -56.5355 0.00250682
22 0.96494 -56.5355 0.00250643
23 0.96494 -56.5355 0.00250606
24 0.96494 -56.5355 0.00250571
25 0.96494 -56.5355 0.00250538
26 0.96494 -56.5355 0.00250506
27 0.96494 -56.5355 0.00250476
28 0.96494 -56.5355 0.00250447
29 0.96494 -56.5355 0.0025042
30 0.96494 -56.5355 0.00250394
31 0.96494 -56.5355 0.00250369
32 0.96494 -56.5355 0.00250346
33 0.96494 -56.5355 0.00250325
34 0.96494 -56.5355 0.00250303
35 0.96494 -56.5355 0.00250285
36 0.96494 -56.5355 0.00250266
37 0.96494 -56.5355 0.00250251
38 0.96494 -56.5355 0.00250235
39 0.96494 -56.5355 0.00250222
40 0.96494 -56.5355 0.00250208
41 0.96494 -56.5355 0.00250198
42 0.96494 -56.5355 0.00250187
43 0.96494 -56.5355 0.00250179
44 0.96494 -56.5355 0.0025017
45 0.96494 -56.5355 0.00250163
46 0.96494 -56.5355 0.00250155
47 0.96494 -56.5355 0.0025015
48 0.96494 -56.5355 0.00250144
49 0.96494 -56.5355 0.00250139
50 0.96494 -56.5355 0.00250135
51 0.96494 -56.5355 0.00250131
52 0.96494 -56.5355 0.00250128
53 0.96494 -56.5355 0.00250126
54 0.96494 -56.5355 0.00250122
55 0.96494 -56.5355 0.00250121
56 0.96494 -56.5355 0.00250118
57 0.96494 -56.5355 0.00250117
58 0.96494 -56.5355 0.00250114
59 0.96494 -56.5355 0.00250114
60 0.96494 -56.5355 0.00250112
61 0.96494 -56.5355 0.00250112
62 0.96494 -56.5355 0.0025011
63 0.96494 -56.5355 0.00250109
64 0.96494 -56.5355 0.00250108
65 0.96494 -56.5355 0.00250107
66 0.96494 -56.5355 0.00250106
67 0.96494 -56.5355 0.00250106
68 0.96494 -56.5355 0.00250104
69 0.96494 -56.5355 0.00250104
70 0.96494 -56.5355 0.00250103
71 0.96494 -56.5355 0.00250103
72 0.96494 -56.5355 0.00250102
73 0.96494 -56.5355 0.00250101
74 0.96494 -56.5355 0.00250101
75 0.96494 -56.5355 0.00250101
76 0.96494 -56.5355 0.00250099
77 0.96494 -56.5355 0.00250099
78 0.96494 -56.5355 0.00250099
79 0.96494 -56.5355 0.00250098
80 0.96494 -56.5355 0.00250097
81 0.96494 -56.5355 0.00250097
82 0.96494 -56.5355 0.00250096
83 0.96494 -56.5355 0.00250097
84 0.96494 -56.5355 0.00250096
85 0.96494 -56.5355 0.00250096
86 0.96494 -56.5355 0.00250095
87 0.96494 -56.5355 0.00250095
88 0.96494 -56.5355 0.00250094
89 0.96494 -56.5355 0.00250094
90 0.96494 -56.5355 0.00250094
91 0.96494 -56.5355 0.00250094
92 0.96494 -56.5355 0.00250093
93 0.96494 -56.5355 0.00250094
94 0.96494 -56.5355 0.00250092
95 0.96494 -56.5355 0.00250093
96 0.96494 -56.5355 0.00250092
97 0.96494 -56.5355 0.00250092
98 0.96494 -56.5355 0.00250092
99 0.96494 -56.5355 0.00250092
Initial energy of the MPS: -0.345865
# DMRG Sweep # Mid bond EE # Energy # Std #
0 0.00588019 30.2068 5.39304
1 0.708028 31.7419 0.0396507
2 0.696861 31.7491 0.011464
3 0.714037 31.7499 0.00377329
4 0.716203 31.75 0.0012734
5 0.748034 31.7501 0.000466365
6 0.702577 31.7501 0.00036301
7 0.751669 31.7501 0.000312602
8 0.768852 31.7501 0.000337008
9 0.874724 31.7501 0.000196615
min energy  # max energy
-56.5355 31.7501
