Initial energy of the MPS: -0.0212212
# DMRG Sweep # Mid bond EE # Energy # Std #
0 0.0100867 -52.7553 13.2027
1 0.754181 -56.5336 0.0145924
2 0.935225 -56.5354 0.0033466
3 0.962534 -56.5355 0.00271418
4 0.964609 -56.5355 0.00272984
5 0.964829 -56.5355 0.00269541
6 0.964877 -56.5355 0.00264237
7 0.964898 -56.5355 0.00259797
8 0.96491 -56.5355 0.00257125
9 0.964918 -56.5355 0.00255289
10 0.964924 -56.5355 0.00253759
11 0.964929 -56.5355 0.00252646
12 0.964931 -56.5355 0.00252011
13 0.964934 -56.5355 0.00251631
14 0.964935 -56.5355 0.00251281
15 0.964935 -56.5355 0.00251014
16 0.964936 -56.5355 0.00250864
17 0.964936 -56.5355 0.00250786
18 0.964937 -56.5355 0.00250733
19 0.964937 -56.5355 0.00250689
20 0.964937 -56.5355 0.00250649
21 0.964937 -56.5355 0.00250614
22 0.964937 -56.5355 0.00250579
23 0.964937 -56.5355 0.00250548
24 0.964937 -56.5355 0.00250519
25 0.964937 -56.5355 0.00250491
26 0.964937 -56.5355 0.00250464
27 0.964937 -56.5355 0.0025044
28 0.964937 -56.5355 0.00250416
29 0.964937 -56.5355 0.00250394
30 0.964937 -56.5355 0.00250371
31 0.964937 -56.5355 0.0025035
32 0.964937 -56.5355 0.00250329
33 0.964937 -56.5355 0.00250311
34 0.964937 -56.5355 0.00250292
35 0.964937 -56.5355 0.00250275
36 0.964937 -56.5355 0.00250257
37 0.964937 -56.5355 0.00250242
38 0.964937 -56.5355 0.00250226
39 0.964937 -56.5355 0.00250213
40 0.964937 -56.5355 0.00250198
41 0.964937 -56.5355 0.00250186
42 0.964937 -56.5355 0.00250174
43 0.964937 -56.5355 0.00250164
44 0.964937 -56.5355 0.00250154
45 0.964937 -56.5355 0.00250146
46 0.964937 -56.5355 0.00250137
47 0.964937 -56.5355 0.00250131
48 0.964937 -56.5355 0.00250124
49 0.964937 -56.5355 0.00250119
50 0.964937 -56.5355 0.00250112
51 0.964937 -56.5355 0.00250108
52 0.964937 -56.5355 0.00250102
53 0.964937 -56.5355 0.00250099
54 0.964937 -56.5355 0.00250093
55 0.964937 -56.5355 0.0025009
56 0.964937 -56.5355 0.00250085
57 0.964937 -56.5355 0.00250083
58 0.964937 -56.5355 0.00250079
59 0.964937 -56.5355 0.00250076
60 0.964937 -56.5355 0.00250073
61 0.964937 -56.5355 0.00250071
62 0.964937 -56.5355 0.00250069
63 0.964937 -56.5355 0.00250068
64 0.964937 -56.5355 0.00250066
65 0.964937 -56.5355 0.00250065
66 0.964937 -56.5355 0.00250063
67 0.964937 -56.5355 0.00250063
68 0.964937 -56.5355 0.00250061
69 0.964937 -56.5355 0.00250062
70 0.964937 -56.5355 0.0025006
71 0.964937 -56.5355 0.0025006
72 0.964937 -56.5355 0.00250059
73 0.964937 -56.5355 0.00250059
74 0.964937 -56.5355 0.00250058
75 0.964937 -56.5355 0.00250058
76 0.964937 -56.5355 0.00250057
77 0.964937 -56.5355 0.00250057
78 0.964937 -56.5355 0.00250057
79 0.964937 -56.5355 0.00250057
80 0.964937 -56.5355 0.00250056
81 0.964937 -56.5355 0.00250056
82 0.964937 -56.5355 0.00250055
83 0.964937 -56.5355 0.00250055
84 0.964937 -56.5355 0.00250054
85 0.964937 -56.5355 0.00250054
86 0.964937 -56.5355 0.00250054
87 0.964937 -56.5355 0.00250054
88 0.964937 -56.5355 0.00250052
89 0.964937 -56.5355 0.00250053
90 0.964937 -56.5355 0.00250052
91 0.964937 -56.5355 0.00250052
92 0.964937 -56.5355 0.00250052
93 0.964937 -56.5355 0.00250052
94 0.964937 -56.5355 0.00250051
95 0.964937 -56.5355 0.00250052
96 0.964937 -56.5355 0.00250051
97 0.964937 -56.5355 0.00250051
98 0.964937 -56.5355 0.0025005
99 0.964937 -56.5355 0.0025005
Initial energy of the MPS: -0.345774
# DMRG Sweep # Mid bond EE # Energy # Std #
0 0.00723758 30.2039 5.39278
1 0.698625 31.7415 0.0389957
2 0.69461 31.749 0.0114916
3 0.711096 31.75 0.00447288
4 0.714718 31.7501 0.00170366
5 0.707997 31.7502 0.00106639
6 0.732859 31.7503 0.000843602
7 0.779883 31.7503 0.000662103
8 0.827755 31.7503 0.000527554
9 0.870065 31.7503 0.000528379
10 0.887188 31.7503 0.000478549
11 0.904631 31.7503 0.000368876
12 0.918776 31.7504 0.0003637
13 0.921292 31.7504 0.000351643
14 0.916181 31.7504 0.000393501
15 0.887281 31.7504 0.000430966
16 0.863106 31.7504 0.00044256
17 0.821452 31.7504 0.000320193
18 0.77906 31.7504 0.000408153
19 0.386847 31.7504 0.000262432
min energy  # max energy
-56.5355 31.7504
