Initial energy of the MPS: -0.0212429
# DMRG Sweep # Mid bond EE # Energy # Std #
0 0.0100881 -52.7553 13.2027
1 0.754535 -56.5336 0.0146113
2 0.93544 -56.5354 0.0033457
3 0.962546 -56.5355 0.00271889
4 0.964606 -56.5355 0.0027354
5 0.964826 -56.5355 0.00269847
6 0.964874 -56.5355 0.00264346
7 0.964896 -56.5355 0.00259787
8 0.964908 -56.5355 0.002569
9 0.964916 -56.5355 0.00254897
10 0.964922 -56.5355 0.00253413
11 0.964927 -56.5355 0.00252584
12 0.964929 -56.5355 0.00252117
13 0.964931 -56.5355 0.00251713
14 0.964932 -56.5355 0.00251294
15 0.964933 -56.5355 0.00251012
16 0.964934 -56.5355 0.00250891
17 0.964934 -56.5355 0.00250829
18 0.964934 -56.5355 0.00250782
19 0.964934 -56.5355 0.00250743
20 0.964934 -56.5355 0.00250705
21 0.964934 -56.5355 0.00250672
22 0.964934 -56.5355 0.0025064
23 0.964934 -56.5355 0.00250611
24 0.964934 -56.5355 0.00250583
25 0.964934 -56.5355 0.00250557
26 0.964934 -56.5355 0.00250532
27 0.964934 -56.5355 0.0025051
28 0.964934 -56.5355 0.00250489
29 0.964934 -56.5355 0.00250469
30 0.964934 -56.5355 0.00250451
31 0.964934 -56.5355 0.00250434
32 0.964934 -56.5355 0.00250418
33 0.964934 -56.5355 0.00250403
34 0.964934 -56.5355 0.00250388
35 0.964934 -56.5355 0.00250376
36 0.964934 -56.5355 0.00250361
37 0.964935 -56.5355 0.0025035
38 0.964935 -56.5355 0.00250337
39 0.964935 -56.5355 0.00250327
40 0.964935 -56.5355 0.00250315
41 0.964935 -56.5355 0.00250306
42 0.964935 -56.5355 0.00250296
43 0.964935 -56.5355 0.00250287
44 0.964935 -56.5355 0.00250278
45 0.964935 -56.5355 0.00250271
46 0.964935 -56.5355 0.00250263
47 0.964935 -56.5355 0.00250256
48 0.964935 -56.5355 0.00250249
49 0.964935 -56.5355 0.00250243
50 0.964935 -56.5355 0.00250237
51 0.964935 -56.5355 0.00250231
52 0.964935 -56.5355 0.00250224
53 0.964935 -56.5355 0.00250219
54 0.964935 -56.5355 0.00250213
55 0.964935 -56.5355 0.00250208
56 0.964935 -56.5355 0.00250202
57 0.964935 -56.5355 0.00250198
58 0.964935 -56.5355 0.00250193
59 0.964935 -56.5355 0.0025019
60 0.964935 -56.5355 0.00250186
61 0.964935 -56.5355 0.00250184
62 0.964935 -56.5355 0.0025018
63 0.964935 -56.5355 0.00250178
64 0.964935 -56.5355 0.00250176
65 0.964935 -56.5355 0.00250174
66 0.964935 -56.5355 0.00250172
67 0.964935 -56.5355 0.00250172
68 0.964935 -56.5355 0.0025017
69 0.964935 -56.5355 0.00250169
70 0.964935 -56.5355 0.00250168
71 0.964935 -56.5355 0.00250168
72 0.964935 -56.5355 0.00250166
73 0.964935 -56.5355 0.00250166
74 0.964935 -56.5355 0.00250164
75 0.964935 -56.5355 0.00250164
76 0.964935 -56.5355 0.00250163
77 0.964935 -56.5355 0.00250163
78 0.964935 -56.5355 0.00250162
79 0.964935 -56.5355 0.00250162
80 0.964935 -56.5355 0.00250161
81 0.964935 -56.5355 0.00250161
82 0.964935 -56.5355 0.0025016
83 0.964935 -56.5355 0.0025016
84 0.964935 -56.5355 0.00250159
85 0.964935 -56.5355 0.00250159
86 0.964935 -56.5355 0.00250158
87 0.964935 -56.5355 0.00250158
88 0.964935 -56.5355 0.00250157
89 0.964935 -56.5355 0.00250158
90 0.964935 -56.5355 0.00250156
91 0.964935 -56.5355 0.00250157
92 0.964935 -56.5355 0.00250155
93 0.964935 -56.5355 0.00250156
94 0.964935 -56.5355 0.00250155
95 0.964935 -56.5355 0.00250155
96 0.964935 -56.5355 0.00250154
97 0.964935 -56.5355 0.00250154
98 0.964935 -56.5355 0.00250153
99 0.964935 -56.5355 0.00250153
Initial energy of the MPS: -0.345851
# DMRG Sweep # Mid bond EE # Energy # Std #
0 0.00767139 30.1849 5.39121
1 0.696627 31.7417 0.0388069
2 0.695559 31.7489 0.0118286
3 0.710723 31.7498 0.00394044
4 0.714606 31.75 0.00187679
5 0.766429 31.7501 0.000676905
6 0.695602 31.7501 0.000443985
7 0.700762 31.7501 0.000457722
8 0.762216 31.7501 0.000288896
min energy  # max energy
-56.5355 31.7501
