Initial energy of the MPS: -0.0212796
# DMRG Sweep # Mid bond EE # Energy # Std #
0 0.0100901 -52.7538 13.2023
1 0.754106 -56.5336 0.0146378
2 0.935279 -56.5354 0.00335591
3 0.962535 -56.5355 0.00271481
4 0.964607 -56.5355 0.00273317
5 0.964828 -56.5355 0.00269987
6 0.964876 -56.5355 0.00264815
7 0.964896 -56.5355 0.00260664
8 0.964907 -56.5355 0.00258036
9 0.964914 -56.5355 0.00256261
10 0.964919 -56.5355 0.00254512
11 0.964926 -56.5355 0.00252836
12 0.96493 -56.5355 0.00251801
13 0.964933 -56.5355 0.00251414
14 0.964934 -56.5355 0.00251206
15 0.964935 -56.5355 0.00250998
16 0.964935 -56.5355 0.00250825
17 0.964936 -56.5355 0.00250719
18 0.964936 -56.5355 0.0025066
19 0.964936 -56.5355 0.00250621
20 0.964936 -56.5355 0.00250586
21 0.964936 -56.5355 0.00250556
22 0.964936 -56.5355 0.00250527
23 0.964936 -56.5355 0.00250503
24 0.964936 -56.5355 0.00250479
25 0.964936 -56.5355 0.00250459
26 0.964936 -56.5355 0.00250437
27 0.964936 -56.5355 0.00250421
28 0.964936 -56.5355 0.00250404
29 0.964936 -56.5355 0.0025039
30 0.964936 -56.5355 0.00250376
31 0.964936 -56.5355 0.00250364
32 0.964936 -56.5355 0.00250352
33 0.964936 -56.5355 0.00250342
34 0.964936 -56.5355 0.00250332
35 0.964936 -56.5355 0.00250323
36 0.964936 -56.5355 0.00250314
37 0.964936 -56.5355 0.00250306
38 0.964936 -56.5355 0.00250299
39 0.964936 -56.5355 0.00250292
40 0.964936 -56.5355 0.00250285
41 0.964936 -56.5355 0.0025028
42 0.964936 -56.5355 0.00250274
43 0.964936 -56.5355 0.00250269
44 0.964936 -56.5355 0.00250264
45 0.964936 -56.5355 0.0025026
46 0.964936 -56.5355 0.00250255
47 0.964936 -56.5355 0.00250253
48 0.964936 -56.5355 0.00250249
49 0.964936 -56.5355 0.00250246
50 0.964936 -56.5355 0.00250242
51 0.964936 -56.5355 0.0025024
52 0.964936 -56.5355 0.00250237
53 0.964936 -56.5355 0.00250235
54 0.964936 -56.5355 0.00250232
55 0.964936 -56.5355 0.00250229
56 0.964936 -56.5355 0.00250226
57 0.964936 -56.5355 0.00250224
58 0.964936 -56.5355 0.00250221
59 0.964936 -56.5355 0.00250218
60 0.964936 -56.5355 0.00250214
61 0.964936 -56.5355 0.00250212
62 0.964936 -56.5355 0.00250208
63 0.964936 -56.5355 0.00250207
64 0.964936 -56.5355 0.00250202
65 0.964936 -56.5355 0.00250201
66 0.964936 -56.5355 0.00250198
67 0.964936 -56.5355 0.00250196
68 0.964936 -56.5355 0.00250194
69 0.964936 -56.5355 0.00250193
70 0.964936 -56.5355 0.00250191
71 0.964936 -56.5355 0.0025019
72 0.964936 -56.5355 0.00250188
73 0.964936 -56.5355 0.00250187
74 0.964936 -56.5355 0.00250186
75 0.964936 -56.5355 0.00250186
76 0.964936 -56.5355 0.00250184
77 0.964936 -56.5355 0.00250184
78 0.964936 -56.5355 0.00250183
79 0.964936 -56.5355 0.00250184
80 0.964936 -56.5355 0.00250181
81 0.964936 -56.5355 0.00250182
82 0.964936 -56.5355 0.0025018
83 0.964936 -56.5355 0.0025018
84 0.964936 -56.5355 0.00250179
85 0.964936 -56.5355 0.00250179
86 0.964936 -56.5355 0.00250178
87 0.964936 -56.5355 0.00250178
88 0.964936 -56.5355 0.00250177
89 0.964936 -56.5355 0.00250177
90 0.964936 -56.5355 0.00250176
91 0.964936 -56.5355 0.00250176
92 0.964936 -56.5355 0.00250175
93 0.964936 -56.5355 0.00250175
94 0.964936 -56.5355 0.00250174
95 0.964936 -56.5355 0.00250174
96 0.964936 -56.5355 0.00250173
97 0.964936 -56.5355 0.00250174
98 0.964936 -56.5355 0.00250173
99 0.964936 -56.5355 0.00250173
Initial energy of the MPS: -0.345836
# DMRG Sweep # Mid bond EE # Energy # Std #
0 0.00700993 30.2061 5.39308
1 0.697626 31.7409 0.0417274
2 0.696024 31.7487 0.0116405
3 0.709225 31.7497 0.00415955
4 0.703054 31.7498 0.00211393
5 0.728184 31.7499 0.00149683
6 0.814261 31.75 0.000813738
7 0.865105 31.75 0.000745877
8 0.92485 31.75 0.000879208
9 0.919407 31.7501 0.000852678
10 0.942019 31.7501 0.000805288
11 0.949898 31.7502 0.000699065
12 0.959865 31.7502 0.000686585
13 0.963437 31.7502 0.000637371
14 0.976034 31.7503 0.000630463
15 0.962976 31.7503 0.000534105
16 0.97544 31.7503 0.000539103
17 0.969726 31.7503 0.000476701
18 0.960308 31.7504 0.000542059
19 0.947709 31.7504 0.000477043
20 0.942758 31.7504 0.00046393
21 0.933377 31.7504 0.000429239
22 0.918946 31.7504 0.000427331
23 0.907254 31.7504 0.000382432
24 0.878954 31.7504 0.000413472
25 0.839642 31.7505 0.000959526
26 0.61451 31.7505 0.000469655
27 0.195118 31.7505 0.000156772
min energy  # max energy
-56.5355 31.7505
