Initial energy of the MPS: -0.0212086
# DMRG Sweep # Mid bond EE # Energy # Std #
0 0.0100909 -52.7553 13.2027
1 0.75411 -56.5336 0.0146075
2 0.935196 -56.5354 0.00335166
3 0.962537 -56.5355 0.00271259
4 0.964606 -56.5355 0.00273281
5 0.964828 -56.5355 0.00269952
6 0.964876 -56.5355 0.00264676
7 0.964896 -56.5355 0.00260511
8 0.964907 -56.5355 0.00258013
9 0.964914 -56.5355 0.00256218
10 0.964919 -56.5355 0.00254425
11 0.964925 -56.5355 0.00252863
12 0.964929 -56.5355 0.00251805
13 0.964932 -56.5355 0.00251321
14 0.964934 -56.5355 0.00251109
15 0.964935 -56.5355 0.0025095
16 0.964935 -56.5355 0.00250806
17 0.964936 -56.5355 0.00250714
18 0.964936 -56.5355 0.00250659
19 0.964936 -56.5355 0.00250616
20 0.964936 -56.5355 0.00250579
21 0.964936 -56.5355 0.00250547
22 0.964936 -56.5355 0.00250515
23 0.964936 -56.5355 0.00250489
24 0.964936 -56.5355 0.00250464
25 0.964936 -56.5355 0.00250442
26 0.964936 -56.5355 0.00250421
27 0.964936 -56.5355 0.00250404
28 0.964936 -56.5355 0.00250386
29 0.964936 -56.5355 0.00250371
30 0.964936 -56.5355 0.00250356
31 0.964936 -56.5355 0.00250343
32 0.964936 -56.5355 0.00250329
33 0.964936 -56.5355 0.00250318
34 0.964936 -56.5355 0.00250307
35 0.964936 -56.5355 0.00250298
36 0.964936 -56.5355 0.00250288
37 0.964936 -56.5355 0.0025028
38 0.964936 -56.5355 0.00250272
39 0.964936 -56.5355 0.00250266
40 0.964936 -56.5355 0.00250258
41 0.964936 -56.5355 0.00250253
42 0.964936 -56.5355 0.00250247
43 0.964936 -56.5355 0.00250242
44 0.964936 -56.5355 0.00250237
45 0.964936 -56.5355 0.00250233
46 0.964936 -56.5355 0.00250228
47 0.964936 -56.5355 0.00250224
48 0.964936 -56.5355 0.00250219
49 0.964936 -56.5355 0.00250216
50 0.964936 -56.5355 0.00250212
51 0.964936 -56.5355 0.00250209
52 0.964936 -56.5355 0.00250205
53 0.964936 -56.5355 0.00250202
54 0.964936 -56.5355 0.00250199
55 0.964936 -56.5355 0.00250197
56 0.964936 -56.5355 0.00250193
57 0.964936 -56.5355 0.00250191
58 0.964936 -56.5355 0.00250188
59 0.964936 -56.5355 0.00250185
60 0.964936 -56.5355 0.00250182
61 0.964936 -56.5355 0.00250179
62 0.964936 -56.5355 0.00250176
63 0.964936 -56.5355 0.00250174
64 0.964936 -56.5355 0.0025017
65 0.964936 -56.5355 0.00250168
66 0.964936 -56.5355 0.00250165
67 0.964936 -56.5355 0.00250164
68 0.964936 -56.5355 0.00250161
69 0.964936 -56.5355 0.0025016
70 0.964936 -56.5355 0.00250158
71 0.964936 -56.5355 0.00250157
72 0.964936 -56.5355 0.00250156
73 0.964936 -56.5355 0.00250155
74 0.964936 -56.5355 0.00250154
75 0.964936 -56.5355 0.00250154
76 0.964936 -56.5355 0.00250152
77 0.964936 -56.5355 0.00250152
78 0.964936 -56.5355 0.00250151
79 0.964936 -56.5355 0.00250151
80 0.964936 -56.5355 0.0025015
81 0.964936 -56.5355 0.00250151
82 0.964936 -56.5355 0.00250149
83 0.964936 -56.5355 0.00250149
84 0.964936 -56.5355 0.00250148
85 0.964936 -56.5355 0.00250149
86 0.964936 -56.5355 0.00250148
87 0.964936 -56.5355 0.00250148
88 0.964936 -56.5355 0.00250147
89 0.964936 -56.5355 0.00250147
90 0.964936 -56.5355 0.00250146
91 0.964936 -56.5355 0.00250147
92 0.964936 -56.5355 0.00250146
93 0.964936 -56.5355 0.00250146
94 0.964936 -56.5355 0.00250145
95 0.964936 -56.5355 0.00250145
96 0.964936 -56.5355 0.00250145
97 0.964936 -56.5355 0.00250144
98 0.964936 -56.5355 0.00250144
99 0.964936 -56.5355 0.00250144
Initial energy of the MPS: -0.345834
# DMRG Sweep # Mid bond EE # Energy # Std #
0 0.00686214 30.2097 5.39388
1 0.703565 31.7414 0.0410768
2 0.698977 31.7488 0.0121248
3 0.711021 31.7498 0.00466335
4 0.714586 31.75 0.00170341
5 0.755112 31.75 0.000534012
6 0.710455 31.75 0.00034575
7 0.706182 31.75 0.000269724
min energy  # max energy
-56.5355 31.75
