Initial energy of the MPS: -0.0212128
# DMRG Sweep # Mid bond EE # Energy # Std #
0 0.0100869 -52.7549 13.2026
1 0.754198 -56.5336 0.0146009
2 0.93527 -56.5354 0.00334587
3 0.962542 -56.5355 0.00271485
4 0.964611 -56.5355 0.00273124
5 0.964832 -56.5355 0.00269633
6 0.964879 -56.5355 0.00264191
7 0.964901 -56.5355 0.00259697
8 0.964913 -56.5355 0.00256939
9 0.964921 -56.5355 0.00254927
10 0.964927 -56.5355 0.00253352
11 0.964932 -56.5355 0.00252402
12 0.964934 -56.5355 0.00251845
13 0.964936 -56.5355 0.00251516
14 0.964937 -56.5355 0.00251264
15 0.964938 -56.5355 0.00251059
16 0.964939 -56.5355 0.00250895
17 0.964939 -56.5355 0.00250792
18 0.964939 -56.5355 0.00250734
19 0.964939 -56.5355 0.00250691
20 0.964939 -56.5355 0.00250651
21 0.964939 -56.5355 0.00250616
22 0.964939 -56.5355 0.00250582
23 0.964939 -56.5355 0.00250552
24 0.964939 -56.5355 0.00250522
25 0.964939 -56.5355 0.00250496
26 0.964939 -56.5355 0.00250469
27 0.964939 -56.5355 0.00250447
28 0.964939 -56.5355 0.00250424
29 0.964939 -56.5355 0.00250406
30 0.964939 -56.5355 0.00250386
31 0.96494 -56.5355 0.0025037
32 0.96494 -56.5355 0.00250353
33 0.96494 -56.5355 0.00250339
34 0.96494 -56.5355 0.00250324
35 0.96494 -56.5355 0.00250311
36 0.96494 -56.5355 0.00250297
37 0.96494 -56.5355 0.00250286
38 0.96494 -56.5355 0.00250273
39 0.96494 -56.5355 0.00250263
40 0.96494 -56.5355 0.00250251
41 0.96494 -56.5355 0.00250242
42 0.96494 -56.5355 0.00250231
43 0.96494 -56.5355 0.00250223
44 0.96494 -56.5355 0.00250213
45 0.96494 -56.5355 0.00250206
46 0.96494 -56.5355 0.00250197
47 0.96494 -56.5355 0.00250191
48 0.96494 -56.5355 0.00250182
49 0.96494 -56.5355 0.00250177
50 0.96494 -56.5355 0.0025017
51 0.96494 -56.5355 0.00250164
52 0.96494 -56.5355 0.00250158
53 0.96494 -56.5355 0.00250153
54 0.96494 -56.5355 0.00250146
55 0.96494 -56.5355 0.00250142
56 0.96494 -56.5355 0.00250136
57 0.96494 -56.5355 0.00250133
58 0.96494 -56.5355 0.00250128
59 0.96494 -56.5355 0.00250125
60 0.96494 -56.5355 0.00250121
61 0.96494 -56.5355 0.00250119
62 0.96494 -56.5355 0.00250115
63 0.96494 -56.5355 0.00250114
64 0.96494 -56.5355 0.00250111
65 0.96494 -56.5355 0.0025011
66 0.96494 -56.5355 0.00250108
67 0.96494 -56.5355 0.00250107
68 0.96494 -56.5355 0.00250105
69 0.96494 -56.5355 0.00250105
70 0.96494 -56.5355 0.00250103
71 0.96494 -56.5355 0.00250103
72 0.96494 -56.5355 0.00250101
73 0.96494 -56.5355 0.00250101
74 0.96494 -56.5355 0.002501
75 0.96494 -56.5355 0.002501
76 0.96494 -56.5355 0.00250099
77 0.96494 -56.5355 0.00250099
78 0.96494 -56.5355 0.00250097
79 0.96494 -56.5355 0.00250098
80 0.96494 -56.5355 0.00250097
81 0.96494 -56.5355 0.00250096
82 0.96494 -56.5355 0.00250096
83 0.96494 -56.5355 0.00250096
84 0.96494 -56.5355 0.00250095
85 0.96494 -56.5355 0.00250095
86 0.96494 -56.5355 0.00250094
87 0.96494 -56.5355 0.00250094
88 0.96494 -56.5355 0.00250093
89 0.96494 -56.5355 0.00250094
90 0.96494 -56.5355 0.00250092
91 0.96494 -56.5355 0.00250093
92 0.96494 -56.5355 0.00250092
93 0.96494 -56.5355 0.00250092
94 0.96494 -56.5355 0.00250091
95 0.96494 -56.5355 0.00250092
96 0.96494 -56.5355 0.00250091
97 0.96494 -56.5355 0.00250091
98 0.96494 -56.5355 0.0025009
99 0.96494 -56.5355 0.0025009
Initial energy of the MPS: -0.345805
# DMRG Sweep # Mid bond EE # Energy # Std #
0 0.00659977 30.205 5.39267
1 0.70436 31.7418 0.0400458
2 0.696418 31.749 0.0116219
3 0.708881 31.7499 0.0043257
4 0.716699 31.7501 0.00161218
5 0.736336 31.7501 0.00089036
6 0.732248 31.7502 0.000681226
7 0.800768 31.7502 0.00051515
8 0.816968 31.7502 0.000552218
9 0.890177 31.7502 0.000439961
10 0.916528 31.7502 0.000406585
11 0.929445 31.7502 0.000406507
12 0.933427 31.7503 0.000460476
13 0.918539 31.7503 0.00044965
14 0.912035 31.7503 0.000292891
min energy  # max energy
-56.5355 31.7503
