Initial energy of the MPS: -0.0212256
# DMRG Sweep # Mid bond EE # Energy # Std #
0 0.0100873 -52.7546 13.2025
1 0.754068 -56.5336 0.0145655
2 0.935192 -56.5354 0.00334819
3 0.962533 -56.5355 0.00271425
4 0.96461 -56.5355 0.00273009
5 0.96483 -56.5355 0.00269597
6 0.964878 -56.5355 0.00264214
7 0.964899 -56.5355 0.00259764
8 0.964911 -56.5355 0.00257103
9 0.964919 -56.5355 0.00255267
10 0.964924 -56.5355 0.00253727
11 0.96493 -56.5355 0.00252616
12 0.964932 -56.5355 0.00251977
13 0.964934 -56.5355 0.00251529
14 0.964936 -56.5355 0.0025116
15 0.964936 -56.5355 0.00250921
16 0.964937 -56.5355 0.00250799
17 0.964937 -56.5355 0.00250732
18 0.964937 -56.5355 0.00250682
19 0.964937 -56.5355 0.00250641
20 0.964937 -56.5355 0.00250603
21 0.964938 -56.5355 0.00250569
22 0.964938 -56.5355 0.00250537
23 0.964938 -56.5355 0.00250509
24 0.964938 -56.5355 0.00250481
25 0.964938 -56.5355 0.00250456
26 0.964938 -56.5355 0.00250432
27 0.964938 -56.5355 0.0025041
28 0.964938 -56.5355 0.00250389
29 0.964938 -56.5355 0.0025037
30 0.964938 -56.5355 0.00250351
31 0.964938 -56.5355 0.00250334
32 0.964938 -56.5355 0.00250317
33 0.964938 -56.5355 0.00250302
34 0.964938 -56.5355 0.00250287
35 0.964938 -56.5355 0.00250273
36 0.964938 -56.5355 0.00250259
37 0.964938 -56.5355 0.00250247
38 0.964938 -56.5355 0.00250235
39 0.964938 -56.5355 0.00250225
40 0.964938 -56.5355 0.00250214
41 0.964938 -56.5355 0.00250205
42 0.964938 -56.5355 0.00250196
43 0.964938 -56.5355 0.00250188
44 0.964938 -56.5355 0.00250181
45 0.964938 -56.5355 0.00250174
46 0.964938 -56.5355 0.00250168
47 0.964938 -56.5355 0.00250162
48 0.964938 -56.5355 0.00250155
49 0.964938 -56.5355 0.0025015
50 0.964938 -56.5355 0.00250144
51 0.964938 -56.5355 0.0025014
52 0.964938 -56.5355 0.00250133
53 0.964938 -56.5355 0.00250129
54 0.964938 -56.5355 0.00250124
55 0.964938 -56.5355 0.00250121
56 0.964938 -56.5355 0.00250116
57 0.964938 -56.5355 0.00250112
58 0.964938 -56.5355 0.00250107
59 0.964938 -56.5355 0.00250105
60 0.964938 -56.5355 0.00250101
61 0.964938 -56.5355 0.00250099
62 0.964938 -56.5355 0.00250096
63 0.964938 -56.5355 0.00250094
64 0.964938 -56.5355 0.00250091
65 0.964938 -56.5355 0.00250091
66 0.964938 -56.5355 0.00250089
67 0.964938 -56.5355 0.00250088
68 0.964938 -56.5355 0.00250087
69 0.964938 -56.5355 0.00250086
70 0.964938 -56.5355 0.00250085
71 0.964938 -56.5355 0.00250084
72 0.964938 -56.5355 0.00250083
73 0.964938 -56.5355 0.00250083
74 0.964938 -56.5355 0.00250081
75 0.964938 -56.5355 0.00250082
76 0.964938 -56.5355 0.00250081
77 0.964938 -56.5355 0.0025008
78 0.964938 -56.5355 0.00250079
79 0.964938 -56.5355 0.00250079
80 0.964938 -56.5355 0.00250078
81 0.964938 -56.5355 0.00250078
82 0.964938 -56.5355 0.00250077
83 0.964938 -56.5355 0.00250077
84 0.964938 -56.5355 0.00250075
85 0.964938 -56.5355 0.00250075
86 0.964938 -56.5355 0.00250075
87 0.964938 -56.5355 0.00250075
88 0.964938 -56.5355 0.00250074
89 0.964938 -56.5355 0.00250074
90 0.964938 -56.5355 0.00250073
91 0.964938 -56.5355 0.00250073
92 0.964938 -56.5355 0.00250072
93 0.964938 -56.5355 0.00250072
94 0.964938 -56.5355 0.00250071
95 0.964938 -56.5355 0.00250071
96 0.964938 -56.5355 0.0025007
97 0.964938 -56.5355 0.0025007
98 0.964938 -56.5355 0.00250069
99 0.964938 -56.5355 0.0025007
Initial energy of the MPS: -0.345818
# DMRG Sweep # Mid bond EE # Energy # Std #
0 0.00692629 30.2019 5.39226
1 0.702133 31.7411 0.0407791
2 0.696643 31.7489 0.0119824
3 0.705184 31.7498 0.00374945
4 0.708606 31.7499 0.00162299
5 0.739192 31.75 0.000771213
6 0.76444 31.75 0.000452107
7 0.813741 31.75 0.000569167
8 0.880497 31.75 0.00029821
min energy  # max energy
-56.5355 31.75
