Initial energy of the MPS: -0.0212191
# DMRG Sweep # Mid bond EE # Energy # Std #
0 0.0100877 -52.7553 13.2027
1 0.754148 -56.5336 0.0145842
2 0.935256 -56.5354 0.00334217
3 0.962549 -56.5355 0.00271542
4 0.964611 -56.5355 0.00273208
5 0.964832 -56.5355 0.00269675
6 0.964879 -56.5355 0.00264251
7 0.964901 -56.5355 0.00259733
8 0.964913 -56.5355 0.00256935
9 0.964921 -56.5355 0.00255007
10 0.964927 -56.5355 0.00253454
11 0.964932 -56.5355 0.00252437
12 0.964934 -56.5355 0.00251847
13 0.964936 -56.5355 0.00251512
14 0.964938 -56.5355 0.00251213
15 0.964938 -56.5355 0.00250962
16 0.964939 -56.5355 0.00250835
17 0.964939 -56.5355 0.0025077
18 0.964939 -56.5355 0.00250722
19 0.964939 -56.5355 0.00250682
20 0.964939 -56.5355 0.00250644
21 0.964939 -56.5355 0.00250611
22 0.964939 -56.5355 0.00250579
23 0.964939 -56.5355 0.0025055
24 0.964939 -56.5355 0.0025052
25 0.96494 -56.5355 0.00250494
26 0.96494 -56.5355 0.00250468
27 0.96494 -56.5355 0.00250443
28 0.96494 -56.5355 0.0025042
29 0.96494 -56.5355 0.00250399
30 0.96494 -56.5355 0.00250378
31 0.96494 -56.5355 0.00250359
32 0.96494 -56.5355 0.0025034
33 0.96494 -56.5355 0.00250324
34 0.96494 -56.5355 0.00250308
35 0.96494 -56.5355 0.00250293
36 0.96494 -56.5355 0.00250279
37 0.96494 -56.5355 0.00250266
38 0.96494 -56.5355 0.00250254
39 0.96494 -56.5355 0.00250243
40 0.96494 -56.5355 0.00250231
41 0.96494 -56.5355 0.00250222
42 0.96494 -56.5355 0.00250212
43 0.96494 -56.5355 0.00250204
44 0.96494 -56.5355 0.00250194
45 0.96494 -56.5355 0.00250188
46 0.96494 -56.5355 0.00250179
47 0.96494 -56.5355 0.00250172
48 0.96494 -56.5355 0.00250164
49 0.96494 -56.5355 0.00250158
50 0.96494 -56.5355 0.0025015
51 0.96494 -56.5355 0.00250144
52 0.96494 -56.5355 0.00250136
53 0.96494 -56.5355 0.00250131
54 0.96494 -56.5355 0.00250125
55 0.96494 -56.5355 0.0025012
56 0.96494 -56.5355 0.00250115
57 0.96494 -56.5355 0.00250112
58 0.96494 -56.5355 0.00250107
59 0.96494 -56.5355 0.00250105
60 0.96494 -56.5355 0.00250102
61 0.96494 -56.5355 0.002501
62 0.96494 -56.5355 0.00250098
63 0.96494 -56.5355 0.00250097
64 0.96494 -56.5355 0.00250095
65 0.96494 -56.5355 0.00250095
66 0.96494 -56.5355 0.00250093
67 0.96494 -56.5355 0.00250093
68 0.96494 -56.5355 0.00250092
69 0.96494 -56.5355 0.00250091
70 0.96494 -56.5355 0.0025009
71 0.96494 -56.5355 0.0025009
72 0.96494 -56.5355 0.00250089
73 0.96494 -56.5355 0.00250089
74 0.96494 -56.5355 0.00250088
75 0.96494 -56.5355 0.00250088
76 0.96494 -56.5355 0.00250087
77 0.96494 -56.5355 0.00250087
78 0.96494 -56.5355 0.00250086
79 0.96494 -56.5355 0.00250086
80 0.96494 -56.5355 0.00250085
81 0.96494 -56.5355 0.00250085
82 0.96494 -56.5355 0.00250084
83 0.96494 -56.5355 0.00250085
84 0.96494 -56.5355 0.00250084
85 0.96494 -56.5355 0.00250084
86 0.96494 -56.5355 0.00250083
87 0.96494 -56.5355 0.00250083
88 0.96494 -56.5355 0.00250082
89 0.96494 -56.5355 0.00250082
90 0.96494 -56.5355 0.00250082
91 0.96494 -56.5355 0.00250082
92 0.96494 -56.5355 0.00250081
93 0.96494 -56.5355 0.00250082
94 0.96494 -56.5355 0.00250081
95 0.96494 -56.5355 0.00250081
96 0.96494 -56.5355 0.00250081
97 0.96494 -56.5355 0.00250081
98 0.96494 -56.5355 0.0025008
99 0.96494 -56.5355 0.0025008
Initial energy of the MPS: -0.345845
# DMRG Sweep # Mid bond EE # Energy # Std #
0 0.00519616 30.2125 5.39274
1 0.714489 31.7415 0.0417737
2 0.701556 31.7488 0.0119536
3 0.720791 31.7498 0.00384882
4 0.704187 31.7499 0.00172564
5 0.7184 31.7499 0.00117192
6 0.791612 31.75 0.00059003
7 0.858177 31.75 0.000446246
8 0.932204 31.75 0.000514622
9 0.937751 31.75 0.000745195
10 0.950802 31.75 0.000527439
11 0.97732 31.75 0.000636818
12 0.988298 31.7501 0.000632534
13 0.991283 31.7501 0.000565101
14 1.00209 31.7501 0.000393377
15 1.01876 31.7501 0.000404357
16 1.01176 31.7501 0.000453613
17 1.01215 31.7501 0.000448227
18 1.01383 31.7501 0.000412575
19 1.01773 31.7502 0.000431134
20 1.00591 31.7502 0.000389829
21 0.997703 31.7502 0.00040388
22 0.993626 31.7502 0.000420256
23 0.982585 31.7502 0.000420742
24 0.973989 31.7502 0.000346902
25 0.968147 31.7502 0.000325544
26 0.96878 31.7502 0.000292818
min energy  # max energy
-56.5355 31.7502
