Initial energy of the MPS: -0.0212194
# DMRG Sweep # Mid bond EE # Energy # Std #
0 0.0100893 -52.7547 13.2025
1 0.754284 -56.5336 0.0146202
2 0.935315 -56.5354 0.00335281
3 0.962542 -56.5355 0.00271615
4 0.964606 -56.5355 0.0027323
5 0.964828 -56.5355 0.00269826
6 0.964875 -56.5355 0.00264578
7 0.964897 -56.5355 0.00260122
8 0.964908 -56.5355 0.0025742
9 0.964916 -56.5355 0.00255569
10 0.964922 -56.5355 0.00253905
11 0.964927 -56.5355 0.00252699
12 0.96493 -56.5355 0.00252039
13 0.964932 -56.5355 0.00251648
14 0.964933 -56.5355 0.00251367
15 0.964934 -56.5355 0.00251161
16 0.964935 -56.5355 0.00251001
17 0.964935 -56.5355 0.00250905
18 0.964935 -56.5355 0.00250842
19 0.964935 -56.5355 0.00250793
20 0.964935 -56.5355 0.00250747
21 0.964935 -56.5355 0.00250706
22 0.964935 -56.5355 0.00250667
23 0.964935 -56.5355 0.00250632
24 0.964935 -56.5355 0.00250598
25 0.964936 -56.5355 0.00250568
26 0.964936 -56.5355 0.00250537
27 0.964936 -56.5355 0.00250511
28 0.964936 -56.5355 0.00250484
29 0.964936 -56.5355 0.0025046
30 0.964936 -56.5355 0.00250436
31 0.964936 -56.5355 0.00250415
32 0.964936 -56.5355 0.00250394
33 0.964936 -56.5355 0.00250375
34 0.964936 -56.5355 0.00250357
35 0.964936 -56.5355 0.00250342
36 0.964936 -56.5355 0.00250326
37 0.964936 -56.5355 0.00250315
38 0.964936 -56.5355 0.00250303
39 0.964936 -56.5355 0.00250294
40 0.964936 -56.5355 0.00250284
41 0.964936 -56.5355 0.00250278
42 0.964936 -56.5355 0.0025027
43 0.964936 -56.5355 0.00250265
44 0.964936 -56.5355 0.00250259
45 0.964936 -56.5355 0.00250255
46 0.964936 -56.5355 0.0025025
47 0.964936 -56.5355 0.00250246
48 0.964936 -56.5355 0.00250241
49 0.964936 -56.5355 0.00250238
50 0.964936 -56.5355 0.00250233
51 0.964936 -56.5355 0.0025023
52 0.964936 -56.5355 0.00250225
53 0.964936 -56.5355 0.00250223
54 0.964936 -56.5355 0.00250218
55 0.964936 -56.5355 0.00250215
56 0.964936 -56.5355 0.00250213
57 0.964936 -56.5355 0.00250211
58 0.964936 -56.5355 0.00250208
59 0.964936 -56.5355 0.00250206
60 0.964936 -56.5355 0.00250204
61 0.964936 -56.5355 0.00250203
62 0.964936 -56.5355 0.00250201
63 0.964936 -56.5355 0.00250201
64 0.964936 -56.5355 0.00250198
65 0.964936 -56.5355 0.00250198
66 0.964936 -56.5355 0.00250197
67 0.964936 -56.5355 0.00250196
68 0.964936 -56.5355 0.00250195
69 0.964936 -56.5355 0.00250194
70 0.964936 -56.5355 0.00250193
71 0.964936 -56.5355 0.00250193
72 0.964936 -56.5355 0.00250191
73 0.964936 -56.5355 0.00250191
74 0.964936 -56.5355 0.0025019
75 0.964936 -56.5355 0.00250189
76 0.964936 -56.5355 0.00250188
77 0.964936 -56.5355 0.00250188
78 0.964936 -56.5355 0.00250187
79 0.964936 -56.5355 0.00250187
80 0.964936 -56.5355 0.00250185
81 0.964936 -56.5355 0.00250185
82 0.964936 -56.5355 0.00250184
83 0.964936 -56.5355 0.00250184
84 0.964936 -56.5355 0.00250183
85 0.964936 -56.5355 0.00250183
86 0.964936 -56.5355 0.00250181
87 0.964936 -56.5355 0.00250181
88 0.964936 -56.5355 0.0025018
89 0.964936 -56.5355 0.0025018
90 0.964936 -56.5355 0.00250179
91 0.964936 -56.5355 0.00250179
92 0.964936 -56.5355 0.00250178
93 0.964936 -56.5355 0.00250177
94 0.964936 -56.5355 0.00250176
95 0.964936 -56.5355 0.00250176
96 0.964936 -56.5355 0.00250175
97 0.964936 -56.5355 0.00250175
98 0.964936 -56.5355 0.00250174
99 0.964936 -56.5355 0.00250174
Initial energy of the MPS: -0.345858
# DMRG Sweep # Mid bond EE # Energy # Std #
0 0.00763473 30.1997 5.39252
1 0.697999 31.7415 0.0385993
2 0.694888 31.749 0.0114149
3 0.712279 31.7498 0.00372797
4 0.722363 31.75 0.00141891
5 0.782995 31.75 0.000403579
6 0.786866 31.75 0.000160766
min energy  # max energy
-56.5355 31.75
