Initial energy of the MPS: -0.0211749
# DMRG Sweep # Mid bond EE # Energy # Std #
0 0.0100878 -52.7555 13.2027
1 0.754334 -56.5336 0.0145778
2 0.935306 -56.5354 0.00334561
3 0.962547 -56.5355 0.00271392
4 0.964612 -56.5355 0.00273058
5 0.964832 -56.5355 0.0026968
6 0.96488 -56.5355 0.00264387
7 0.964901 -56.5355 0.00259915
8 0.964913 -56.5355 0.00257147
9 0.964921 -56.5355 0.00255285
10 0.964927 -56.5355 0.00253694
11 0.964932 -56.5355 0.00252541
12 0.964934 -56.5355 0.00251941
13 0.964936 -56.5355 0.0025159
14 0.964937 -56.5355 0.0025129
15 0.964938 -56.5355 0.00251093
16 0.964939 -56.5355 0.00250933
17 0.964939 -56.5355 0.00250819
18 0.964939 -56.5355 0.00250752
19 0.964939 -56.5355 0.00250704
20 0.96494 -56.5355 0.0025066
21 0.96494 -56.5355 0.00250621
22 0.96494 -56.5355 0.00250585
23 0.96494 -56.5355 0.00250551
24 0.96494 -56.5355 0.00250519
25 0.96494 -56.5355 0.00250489
26 0.96494 -56.5355 0.0025046
27 0.96494 -56.5355 0.00250434
28 0.96494 -56.5355 0.00250408
29 0.96494 -56.5355 0.00250385
30 0.96494 -56.5355 0.00250362
31 0.96494 -56.5355 0.00250341
32 0.96494 -56.5355 0.00250319
33 0.96494 -56.5355 0.00250301
34 0.96494 -56.5355 0.00250281
35 0.96494 -56.5355 0.00250264
36 0.96494 -56.5355 0.00250245
37 0.96494 -56.5355 0.00250229
38 0.96494 -56.5355 0.00250213
39 0.96494 -56.5355 0.00250199
40 0.96494 -56.5355 0.00250183
41 0.96494 -56.5355 0.00250171
42 0.96494 -56.5355 0.00250158
43 0.96494 -56.5355 0.00250147
44 0.96494 -56.5355 0.00250136
45 0.96494 -56.5355 0.00250127
46 0.96494 -56.5355 0.00250117
47 0.96494 -56.5355 0.0025011
48 0.96494 -56.5355 0.00250102
49 0.96494 -56.5355 0.00250097
50 0.96494 -56.5355 0.00250091
51 0.96494 -56.5355 0.00250088
52 0.96494 -56.5355 0.00250083
53 0.96494 -56.5355 0.00250081
54 0.96494 -56.5355 0.00250077
55 0.96494 -56.5355 0.00250075
56 0.96494 -56.5355 0.00250072
57 0.96494 -56.5355 0.00250071
58 0.96494 -56.5355 0.00250069
59 0.96494 -56.5355 0.00250068
60 0.96494 -56.5355 0.00250066
61 0.96494 -56.5355 0.00250066
62 0.96494 -56.5355 0.00250064
63 0.96494 -56.5355 0.00250064
64 0.96494 -56.5355 0.00250062
65 0.96494 -56.5355 0.00250061
66 0.96494 -56.5355 0.0025006
67 0.96494 -56.5355 0.0025006
68 0.96494 -56.5355 0.00250059
69 0.96494 -56.5355 0.00250058
70 0.96494 -56.5355 0.00250057
71 0.96494 -56.5355 0.00250057
72 0.96494 -56.5355 0.00250056
73 0.96494 -56.5355 0.00250056
74 0.96494 -56.5355 0.00250055
75 0.96494 -56.5355 0.00250055
76 0.96494 -56.5355 0.00250054
77 0.96494 -56.5355 0.00250054
78 0.96494 -56.5355 0.00250053
79 0.96494 -56.5355 0.00250053
80 0.96494 -56.5355 0.00250051
81 0.96494 -56.5355 0.00250052
82 0.96494 -56.5355 0.00250051
83 0.96494 -56.5355 0.00250052
84 0.96494 -56.5355 0.0025005
85 0.96494 -56.5355 0.00250051
86 0.96494 -56.5355 0.00250049
87 0.96494 -56.5355 0.0025005
88 0.96494 -56.5355 0.00250049
89 0.96494 -56.5355 0.00250049
90 0.96494 -56.5355 0.00250048
91 0.96494 -56.5355 0.00250049
92 0.96494 -56.5355 0.00250048
93 0.96494 -56.5355 0.00250048
94 0.96494 -56.5355 0.00250047
95 0.96494 -56.5355 0.00250047
96 0.96494 -56.5355 0.00250047
97 0.96494 -56.5355 0.00250047
98 0.96494 -56.5355 0.00250046
99 0.96494 -56.5355 0.00250047
Initial energy of the MPS: -0.345794
# DMRG Sweep # Mid bond EE # Energy # Std #
0 0.00757882 30.2011 5.39248
1 0.699756 31.7418 0.0412344
2 0.695256 31.7489 0.0123065
3 0.71715 31.7498 0.00405537
4 0.725194 31.75 0.00136752
5 0.791906 31.75 0.00056585
6 0.792701 31.75 0.000299316
min energy  # max energy
-56.5355 31.75
