Initial energy of the MPS: -0.0212114
# DMRG Sweep # Mid bond EE # Energy # Std #
0 0.0100845 -52.7546 13.2025
1 0.754317 -56.5336 0.0145658
2 0.935294 -56.5354 0.00333892
3 0.962535 -56.5355 0.00271349
4 0.964609 -56.5355 0.00273526
5 0.964824 -56.5355 0.00269807
6 0.964872 -56.5355 0.00264169
7 0.964894 -56.5355 0.00259738
8 0.964907 -56.5355 0.00257105
9 0.964915 -56.5355 0.0025509
10 0.96492 -56.5355 0.00253509
11 0.964926 -56.5355 0.00252491
12 0.964928 -56.5355 0.00251786
13 0.964931 -56.5355 0.00251303
14 0.964931 -56.5355 0.00251009
15 0.964932 -56.5355 0.00250846
16 0.964932 -56.5355 0.00250699
17 0.964933 -56.5355 0.00250562
18 0.964933 -56.5355 0.00250481
19 0.964933 -56.5355 0.00250429
20 0.964933 -56.5355 0.00250389
21 0.964933 -56.5355 0.00250355
22 0.964933 -56.5355 0.00250325
23 0.964933 -56.5355 0.00250299
24 0.964933 -56.5355 0.00250275
25 0.964933 -56.5355 0.00250255
26 0.964933 -56.5355 0.00250236
27 0.964933 -56.5355 0.0025022
28 0.964933 -56.5355 0.00250205
29 0.964933 -56.5355 0.00250192
30 0.964933 -56.5355 0.00250179
31 0.964933 -56.5355 0.00250169
32 0.964933 -56.5355 0.00250159
33 0.964933 -56.5355 0.0025015
34 0.964933 -56.5355 0.00250142
35 0.964933 -56.5355 0.00250133
36 0.964933 -56.5355 0.00250125
37 0.964933 -56.5355 0.00250119
38 0.964933 -56.5355 0.00250111
39 0.964933 -56.5355 0.00250105
40 0.964933 -56.5355 0.00250099
41 0.964933 -56.5355 0.00250092
42 0.964933 -56.5355 0.00250086
43 0.964933 -56.5355 0.0025008
44 0.964933 -56.5355 0.00250074
45 0.964933 -56.5355 0.00250069
46 0.964933 -56.5355 0.00250063
47 0.964933 -56.5355 0.00250058
48 0.964934 -56.5355 0.00250053
49 0.964934 -56.5355 0.00250049
50 0.964934 -56.5355 0.00250043
51 0.964934 -56.5355 0.0025004
52 0.964934 -56.5355 0.00250034
53 0.964934 -56.5355 0.00250031
54 0.964934 -56.5355 0.00250027
55 0.964934 -56.5355 0.00250024
56 0.964934 -56.5355 0.0025002
57 0.964934 -56.5355 0.00250018
58 0.964934 -56.5355 0.00250016
59 0.964934 -56.5355 0.00250014
60 0.964934 -56.5355 0.00250011
61 0.964934 -56.5355 0.0025001
62 0.964934 -56.5355 0.00250008
63 0.964934 -56.5355 0.00250006
64 0.964934 -56.5355 0.00250005
65 0.964934 -56.5355 0.00250004
66 0.964934 -56.5355 0.00250002
67 0.964934 -56.5355 0.00250001
68 0.964934 -56.5355 0.00249999
69 0.964934 -56.5355 0.00249998
70 0.964934 -56.5355 0.00249996
71 0.964934 -56.5355 0.00249994
72 0.964934 -56.5355 0.00249993
73 0.964934 -56.5355 0.00249991
74 0.964934 -56.5355 0.00249989
75 0.964934 -56.5355 0.00249988
76 0.964934 -56.5355 0.00249985
77 0.964934 -56.5355 0.00249983
78 0.964934 -56.5355 0.0024998
79 0.964934 -56.5355 0.00249978
80 0.964934 -56.5355 0.00249975
81 0.964934 -56.5355 0.00249973
82 0.964934 -56.5355 0.0024997
83 0.964934 -56.5355 0.00249968
84 0.964934 -56.5355 0.00249966
85 0.964934 -56.5355 0.00249964
86 0.964934 -56.5355 0.00249963
87 0.964934 -56.5355 0.00249962
88 0.964934 -56.5355 0.0024996
89 0.964934 -56.5355 0.0024996
90 0.964934 -56.5355 0.00249958
91 0.964934 -56.5355 0.00249957
92 0.964934 -56.5355 0.00249956
93 0.964934 -56.5355 0.00249956
94 0.964934 -56.5355 0.00249955
95 0.964934 -56.5355 0.00249955
96 0.964934 -56.5355 0.00249954
97 0.964934 -56.5355 0.00249954
98 0.964934 -56.5355 0.00249953
99 0.964934 -56.5355 0.00249953
Initial energy of the MPS: -0.345815
# DMRG Sweep # Mid bond EE # Energy # Std #
0 0.00631272 30.2131 5.39293
1 0.705152 31.7411 0.0414858
2 0.696988 31.7489 0.0131382
3 0.714851 31.7499 0.0039653
4 0.722873 31.75 0.00145762
5 0.771705 31.7501 0.000470586
6 0.699779 31.7501 0.000389687
7 0.725698 31.7501 0.000332603
8 0.769306 31.7501 0.000209821
min energy  # max energy
-56.5355 31.7501
