Initial energy of the MPS: -0.021222
# DMRG Sweep # Mid bond EE # Energy # Std #
0 0.0100878 -52.7557 13.2027
1 0.754264 -56.5336 0.0145821
2 0.935326 -56.5354 0.00334454
3 0.96255 -56.5355 0.00271742
4 0.964611 -56.5355 0.00273403
5 0.964832 -56.5355 0.00269881
6 0.964879 -56.5355 0.00264506
7 0.964901 -56.5355 0.00259971
8 0.964913 -56.5355 0.00257042
9 0.964921 -56.5355 0.00254972
10 0.964927 -56.5355 0.00253433
11 0.964932 -56.5355 0.00252539
12 0.964934 -56.5355 0.00251979
13 0.964936 -56.5355 0.00251572
14 0.964937 -56.5355 0.00251248
15 0.964938 -56.5355 0.00250976
16 0.964939 -56.5355 0.0025083
17 0.964939 -56.5355 0.00250758
18 0.964939 -56.5355 0.0025071
19 0.964939 -56.5355 0.00250669
20 0.964939 -56.5355 0.00250631
21 0.964939 -56.5355 0.00250598
22 0.964939 -56.5355 0.00250565
23 0.964939 -56.5355 0.00250538
24 0.964939 -56.5355 0.00250511
25 0.964939 -56.5355 0.00250487
26 0.964939 -56.5355 0.00250464
27 0.964939 -56.5355 0.00250443
28 0.96494 -56.5355 0.00250424
29 0.96494 -56.5355 0.00250407
30 0.96494 -56.5355 0.00250391
31 0.96494 -56.5355 0.00250377
32 0.96494 -56.5355 0.00250362
33 0.96494 -56.5355 0.00250351
34 0.96494 -56.5355 0.00250339
35 0.96494 -56.5355 0.00250328
36 0.96494 -56.5355 0.00250317
37 0.96494 -56.5355 0.00250309
38 0.96494 -56.5355 0.00250297
39 0.96494 -56.5355 0.00250289
40 0.96494 -56.5355 0.0025028
41 0.96494 -56.5355 0.00250272
42 0.96494 -56.5355 0.00250262
43 0.96494 -56.5355 0.00250255
44 0.96494 -56.5355 0.00250245
45 0.96494 -56.5355 0.00250238
46 0.96494 -56.5355 0.00250229
47 0.96494 -56.5355 0.00250221
48 0.96494 -56.5355 0.00250213
49 0.96494 -56.5355 0.00250205
50 0.96494 -56.5355 0.00250196
51 0.96494 -56.5355 0.00250189
52 0.96494 -56.5355 0.00250182
53 0.96494 -56.5355 0.00250175
54 0.96494 -56.5355 0.00250168
55 0.96494 -56.5355 0.00250162
56 0.96494 -56.5355 0.00250157
57 0.96494 -56.5355 0.00250152
58 0.96494 -56.5355 0.00250147
59 0.96494 -56.5355 0.00250143
60 0.96494 -56.5355 0.00250139
61 0.96494 -56.5355 0.00250137
62 0.96494 -56.5355 0.00250134
63 0.96494 -56.5355 0.00250132
64 0.96494 -56.5355 0.0025013
65 0.96494 -56.5355 0.00250129
66 0.96494 -56.5355 0.00250127
67 0.96494 -56.5355 0.00250127
68 0.96494 -56.5355 0.00250125
69 0.96494 -56.5355 0.00250125
70 0.96494 -56.5355 0.00250123
71 0.96494 -56.5355 0.00250123
72 0.96494 -56.5355 0.00250121
73 0.96494 -56.5355 0.00250121
74 0.96494 -56.5355 0.0025012
75 0.96494 -56.5355 0.0025012
76 0.96494 -56.5355 0.00250119
77 0.96494 -56.5355 0.00250119
78 0.96494 -56.5355 0.00250118
79 0.96494 -56.5355 0.00250118
80 0.96494 -56.5355 0.00250117
81 0.96494 -56.5355 0.00250118
82 0.96494 -56.5355 0.00250116
83 0.96494 -56.5355 0.00250116
84 0.96494 -56.5355 0.00250115
85 0.96494 -56.5355 0.00250115
86 0.96494 -56.5355 0.00250115
87 0.96494 -56.5355 0.00250115
88 0.96494 -56.5355 0.00250114
89 0.96494 -56.5355 0.00250114
90 0.96494 -56.5355 0.00250114
91 0.96494 -56.5355 0.00250114
92 0.96494 -56.5355 0.00250113
93 0.96494 -56.5355 0.00250113
94 0.96494 -56.5355 0.00250113
95 0.96494 -56.5355 0.00250112
96 0.96494 -56.5355 0.00250112
97 0.96494 -56.5355 0.00250112
98 0.96494 -56.5355 0.00250111
99 0.96494 -56.5355 0.00250111
Initial energy of the MPS: -0.345834
# DMRG Sweep # Mid bond EE # Energy # Std #
0 0.0061538 30.2038 5.39322
1 0.702743 31.7423 0.0393632
2 0.696348 31.7491 0.0111031
3 0.709217 31.75 0.0043617
4 0.722728 31.7502 0.00170114
5 0.722335 31.7503 0.00107387
6 0.732524 31.7503 0.000943415
7 0.809216 31.7503 0.000598127
8 0.830197 31.7503 0.00066183
9 0.87948 31.7504 0.000510803
10 0.888713 31.7504 0.000493974
11 0.901857 31.7504 0.000464535
12 0.900444 31.7504 0.000441554
13 0.892725 31.7504 0.000405031
14 0.873744 31.7504 0.000393159
15 0.833431 31.7504 0.000625094
16 0.70637 31.7504 0.000731628
17 0.40603 31.7504 0.000438666
18 0.146834 31.7504 0.000218862
min energy  # max energy
-56.5355 31.7504
