Initial energy of the MPS: -0.0212467
# DMRG Sweep # Mid bond EE # Energy # Std #
0 0.0100864 -52.7547 13.2025
1 0.754262 -56.5336 0.0146037
2 0.935307 -56.5354 0.00334372
3 0.962546 -56.5355 0.0027189
4 0.964612 -56.5355 0.00273748
5 0.96483 -56.5355 0.00270064
6 0.964878 -56.5355 0.00264511
7 0.9649 -56.5355 0.00260034
8 0.964913 -56.5355 0.00257271
9 0.964921 -56.5355 0.00255233
10 0.964926 -56.5355 0.00253641
11 0.964931 -56.5355 0.00252746
12 0.964933 -56.5355 0.00252172
13 0.964936 -56.5355 0.00251775
14 0.964936 -56.5355 0.00251442
15 0.964937 -56.5355 0.00251115
16 0.964938 -56.5355 0.00250868
17 0.964939 -56.5355 0.00250745
18 0.964939 -56.5355 0.00250675
19 0.964939 -56.5355 0.00250619
20 0.964939 -56.5355 0.00250569
21 0.964939 -56.5355 0.00250526
22 0.964939 -56.5355 0.00250484
23 0.964939 -56.5355 0.00250449
24 0.964939 -56.5355 0.00250416
25 0.964939 -56.5355 0.00250387
26 0.964939 -56.5355 0.0025036
27 0.964939 -56.5355 0.00250337
28 0.964939 -56.5355 0.00250315
29 0.964939 -56.5355 0.00250297
30 0.964939 -56.5355 0.00250279
31 0.964939 -56.5355 0.00250264
32 0.964939 -56.5355 0.00250249
33 0.964939 -56.5355 0.00250237
34 0.96494 -56.5355 0.00250223
35 0.96494 -56.5355 0.00250213
36 0.96494 -56.5355 0.00250202
37 0.96494 -56.5355 0.00250193
38 0.96494 -56.5355 0.00250184
39 0.96494 -56.5355 0.00250177
40 0.96494 -56.5355 0.00250169
41 0.96494 -56.5355 0.00250163
42 0.96494 -56.5355 0.00250156
43 0.96494 -56.5355 0.0025015
44 0.96494 -56.5355 0.00250144
45 0.96494 -56.5355 0.00250139
46 0.96494 -56.5355 0.00250133
47 0.96494 -56.5355 0.00250129
48 0.96494 -56.5355 0.00250123
49 0.96494 -56.5355 0.00250119
50 0.96494 -56.5355 0.00250114
51 0.96494 -56.5355 0.0025011
52 0.96494 -56.5355 0.00250105
53 0.96494 -56.5355 0.00250102
54 0.96494 -56.5355 0.00250098
55 0.96494 -56.5355 0.00250095
56 0.96494 -56.5355 0.00250091
57 0.96494 -56.5355 0.00250089
58 0.96494 -56.5355 0.00250086
59 0.96494 -56.5355 0.00250084
60 0.96494 -56.5355 0.00250081
61 0.96494 -56.5355 0.0025008
62 0.96494 -56.5355 0.00250078
63 0.96494 -56.5355 0.00250077
64 0.96494 -56.5355 0.00250075
65 0.96494 -56.5355 0.00250075
66 0.96494 -56.5355 0.00250074
67 0.96494 -56.5355 0.00250073
68 0.96494 -56.5355 0.00250072
69 0.96494 -56.5355 0.00250072
70 0.96494 -56.5355 0.00250071
71 0.96494 -56.5355 0.00250071
72 0.96494 -56.5355 0.0025007
73 0.96494 -56.5355 0.0025007
74 0.96494 -56.5355 0.00250069
75 0.96494 -56.5355 0.00250069
76 0.96494 -56.5355 0.00250068
77 0.96494 -56.5355 0.00250068
78 0.96494 -56.5355 0.00250068
79 0.96494 -56.5355 0.00250068
80 0.96494 -56.5355 0.00250067
81 0.96494 -56.5355 0.00250067
82 0.96494 -56.5355 0.00250066
83 0.96494 -56.5355 0.00250066
84 0.96494 -56.5355 0.00250066
85 0.96494 -56.5355 0.00250066
86 0.96494 -56.5355 0.00250065
87 0.96494 -56.5355 0.00250065
88 0.96494 -56.5355 0.00250064
89 0.96494 -56.5355 0.00250065
90 0.96494 -56.5355 0.00250064
91 0.96494 -56.5355 0.00250064
92 0.96494 -56.5355 0.00250063
93 0.96494 -56.5355 0.00250063
94 0.96494 -56.5355 0.00250062
95 0.96494 -56.5355 0.00250063
96 0.96494 -56.5355 0.00250062
97 0.96494 -56.5355 0.00250062
98 0.96494 -56.5355 0.00250061
99 0.96494 -56.5355 0.00250062
Initial energy of the MPS: -0.345827
# DMRG Sweep # Mid bond EE # Energy # Std #
0 0.00578583 30.2089 5.39286
1 0.711727 31.7415 0.0430184
2 0.696854 31.749 0.0116105
3 0.711734 31.75 0.00460334
4 0.718385 31.7502 0.00156536
5 0.714636 31.7503 0.00105411
6 0.735216 31.7503 0.000859751
7 0.808648 31.7503 0.000612975
8 0.831509 31.7503 0.000647089
9 0.877713 31.7504 0.000555115
10 0.886346 31.7504 0.000511111
11 0.899618 31.7504 0.000428663
12 0.902667 31.7504 0.000384345
13 0.910641 31.7504 0.000401314
14 0.884453 31.7504 0.000350319
15 0.867175 31.7504 0.000479877
16 0.798168 31.7504 0.000949587
17 0.572182 31.7504 0.000642047
18 0.205449 31.7504 0.000307117
min energy  # max energy
-56.5355 31.7504
