Initial energy of the MPS: -0.0212368
# DMRG Sweep # Mid bond EE # Energy # Std #
0 0.0100869 -52.7554 13.2027
1 0.754258 -56.5336 0.0145704
2 0.935264 -56.5354 0.00334296
3 0.962547 -56.5355 0.00271684
4 0.964611 -56.5355 0.00273449
5 0.964831 -56.5355 0.00269886
6 0.964879 -56.5355 0.00264408
7 0.964901 -56.5355 0.00259822
8 0.964913 -56.5355 0.00256962
9 0.964921 -56.5355 0.00254959
10 0.964926 -56.5355 0.00253412
11 0.964931 -56.5355 0.00252529
12 0.964933 -56.5355 0.00252021
13 0.964935 -56.5355 0.00251646
14 0.964936 -56.5355 0.00251349
15 0.964937 -56.5355 0.00251066
16 0.964938 -56.5355 0.00250838
17 0.964938 -56.5355 0.00250722
18 0.964939 -56.5355 0.00250661
19 0.964939 -56.5355 0.00250614
20 0.964939 -56.5355 0.00250573
21 0.964939 -56.5355 0.00250536
22 0.964939 -56.5355 0.00250502
23 0.964939 -56.5355 0.00250472
24 0.964939 -56.5355 0.00250444
25 0.964939 -56.5355 0.00250419
26 0.964939 -56.5355 0.00250396
27 0.964939 -56.5355 0.00250376
28 0.964939 -56.5355 0.00250356
29 0.964939 -56.5355 0.00250341
30 0.964939 -56.5355 0.00250324
31 0.964939 -56.5355 0.00250311
32 0.964939 -56.5355 0.00250298
33 0.964939 -56.5355 0.00250287
34 0.964939 -56.5355 0.00250275
35 0.964939 -56.5355 0.00250265
36 0.964939 -56.5355 0.00250254
37 0.964939 -56.5355 0.00250245
38 0.964939 -56.5355 0.00250235
39 0.964939 -56.5355 0.00250227
40 0.964939 -56.5355 0.00250217
41 0.964939 -56.5355 0.00250209
42 0.964939 -56.5355 0.002502
43 0.964939 -56.5355 0.00250192
44 0.964939 -56.5355 0.00250183
45 0.964939 -56.5355 0.00250176
46 0.964939 -56.5355 0.00250168
47 0.964939 -56.5355 0.00250161
48 0.964939 -56.5355 0.00250154
49 0.964939 -56.5355 0.00250148
50 0.964939 -56.5355 0.00250141
51 0.964939 -56.5355 0.00250136
52 0.964939 -56.5355 0.00250129
53 0.964939 -56.5355 0.00250124
54 0.964939 -56.5355 0.00250118
55 0.96494 -56.5355 0.00250113
56 0.96494 -56.5355 0.00250106
57 0.96494 -56.5355 0.00250101
58 0.96494 -56.5355 0.00250096
59 0.96494 -56.5355 0.00250091
60 0.96494 -56.5355 0.00250086
61 0.96494 -56.5355 0.00250081
62 0.96494 -56.5355 0.00250078
63 0.96494 -56.5355 0.00250075
64 0.96494 -56.5355 0.00250072
65 0.96494 -56.5355 0.0025007
66 0.96494 -56.5355 0.00250067
67 0.96494 -56.5355 0.00250067
68 0.96494 -56.5355 0.00250064
69 0.96494 -56.5355 0.00250064
70 0.96494 -56.5355 0.00250062
71 0.96494 -56.5355 0.00250061
72 0.96494 -56.5355 0.0025006
73 0.96494 -56.5355 0.0025006
74 0.96494 -56.5355 0.00250059
75 0.96494 -56.5355 0.00250059
76 0.96494 -56.5355 0.00250057
77 0.96494 -56.5355 0.00250057
78 0.96494 -56.5355 0.00250057
79 0.96494 -56.5355 0.00250057
80 0.96494 -56.5355 0.00250056
81 0.96494 -56.5355 0.00250055
82 0.96494 -56.5355 0.00250055
83 0.96494 -56.5355 0.00250055
84 0.96494 -56.5355 0.00250054
85 0.96494 -56.5355 0.00250054
86 0.96494 -56.5355 0.00250053
87 0.96494 -56.5355 0.00250053
88 0.96494 -56.5355 0.00250052
89 0.96494 -56.5355 0.00250052
90 0.96494 -56.5355 0.00250052
91 0.96494 -56.5355 0.00250052
92 0.96494 -56.5355 0.00250051
93 0.96494 -56.5355 0.00250051
94 0.96494 -56.5355 0.0025005
95 0.96494 -56.5355 0.00250051
96 0.96494 -56.5355 0.0025005
97 0.96494 -56.5355 0.0025005
98 0.96494 -56.5355 0.00250049
99 0.96494 -56.5355 0.00250049
Initial energy of the MPS: -0.345825
# DMRG Sweep # Mid bond EE # Energy # Std #
0 0.00687862 30.2089 5.39239
1 0.705736 31.7419 0.0401366
2 0.699329 31.749 0.0117409
3 0.714789 31.7498 0.0043129
4 0.71926 31.75 0.00156508
5 0.779119 31.75 0.000410275
6 0.752993 31.75 0.000213377
min energy  # max energy
-56.5355 31.75
