Initial energy of the MPS: -0.0212371
# DMRG Sweep # Mid bond EE # Energy # Std #
0 0.010089 -52.7549 13.2026
1 0.754082 -56.5336 0.0145753
2 0.935192 -56.5354 0.00335014
3 0.96254 -56.5355 0.00271461
4 0.96461 -56.5355 0.00273164
5 0.964832 -56.5355 0.0026977
6 0.964879 -56.5355 0.00264494
7 0.9649 -56.5355 0.00260043
8 0.964912 -56.5355 0.00257445
9 0.964919 -56.5355 0.00255656
10 0.964925 -56.5355 0.00253958
11 0.964931 -56.5355 0.0025262
12 0.964934 -56.5355 0.0025192
13 0.964936 -56.5355 0.00251607
14 0.964937 -56.5355 0.00251382
15 0.964938 -56.5355 0.00251186
16 0.964939 -56.5355 0.00251022
17 0.964939 -56.5355 0.00250917
18 0.964939 -56.5355 0.00250858
19 0.964939 -56.5355 0.00250814
20 0.964939 -56.5355 0.00250774
21 0.964939 -56.5355 0.00250738
22 0.964939 -56.5355 0.00250702
23 0.964939 -56.5355 0.00250669
24 0.964939 -56.5355 0.00250637
25 0.964939 -56.5355 0.00250605
26 0.964939 -56.5355 0.00250574
27 0.964939 -56.5355 0.00250545
28 0.964939 -56.5355 0.00250515
29 0.96494 -56.5355 0.00250487
30 0.96494 -56.5355 0.0025046
31 0.96494 -56.5355 0.00250434
32 0.96494 -56.5355 0.00250408
33 0.96494 -56.5355 0.00250384
34 0.96494 -56.5355 0.00250361
35 0.96494 -56.5355 0.0025034
36 0.96494 -56.5355 0.0025032
37 0.96494 -56.5355 0.00250302
38 0.96494 -56.5355 0.00250285
39 0.96494 -56.5355 0.0025027
40 0.96494 -56.5355 0.00250257
41 0.96494 -56.5355 0.00250245
42 0.96494 -56.5355 0.00250234
43 0.96494 -56.5355 0.00250226
44 0.96494 -56.5355 0.00250217
45 0.96494 -56.5355 0.00250211
46 0.96494 -56.5355 0.00250205
47 0.96494 -56.5355 0.00250201
48 0.96494 -56.5355 0.00250195
49 0.96494 -56.5355 0.00250192
50 0.96494 -56.5355 0.00250188
51 0.96494 -56.5355 0.00250186
52 0.96494 -56.5355 0.00250182
53 0.96494 -56.5355 0.00250179
54 0.96494 -56.5355 0.00250176
55 0.96494 -56.5355 0.00250173
56 0.96494 -56.5355 0.0025017
57 0.96494 -56.5355 0.00250168
58 0.96494 -56.5355 0.00250164
59 0.96494 -56.5355 0.00250162
60 0.96494 -56.5355 0.00250158
61 0.96494 -56.5355 0.00250155
62 0.96494 -56.5355 0.00250152
63 0.96494 -56.5355 0.00250149
64 0.96494 -56.5355 0.00250145
65 0.96494 -56.5355 0.00250143
66 0.96494 -56.5355 0.00250139
67 0.96494 -56.5355 0.00250138
68 0.96494 -56.5355 0.00250135
69 0.96494 -56.5355 0.00250134
70 0.96494 -56.5355 0.00250131
71 0.96494 -56.5355 0.0025013
72 0.96494 -56.5355 0.00250128
73 0.96494 -56.5355 0.00250128
74 0.96494 -56.5355 0.00250126
75 0.96494 -56.5355 0.00250126
76 0.96494 -56.5355 0.00250125
77 0.96494 -56.5355 0.00250124
78 0.96494 -56.5355 0.00250123
79 0.96494 -56.5355 0.00250123
80 0.96494 -56.5355 0.00250122
81 0.96494 -56.5355 0.00250122
82 0.96494 -56.5355 0.0025012
83 0.96494 -56.5355 0.00250121
84 0.96494 -56.5355 0.0025012
85 0.96494 -56.5355 0.0025012
86 0.96494 -56.5355 0.00250119
87 0.96494 -56.5355 0.00250118
88 0.96494 -56.5355 0.00250117
89 0.96494 -56.5355 0.00250118
90 0.96494 -56.5355 0.00250117
91 0.96494 -56.5355 0.00250117
92 0.96494 -56.5355 0.00250116
93 0.96494 -56.5355 0.00250117
94 0.96494 -56.5355 0.00250115
95 0.96494 -56.5355 0.00250115
96 0.96494 -56.5355 0.00250115
97 0.96494 -56.5355 0.00250115
98 0.96494 -56.5355 0.00250114
99 0.96494 -56.5355 0.00250114
Initial energy of the MPS: -0.345816
# DMRG Sweep # Mid bond EE # Energy # Std #
0 0.00597114 30.2068 5.39347
1 0.709139 31.7417 0.04019
2 0.697159 31.7489 0.0114545
3 0.710813 31.7499 0.0043303
4 0.714437 31.7501 0.00162959
5 0.752017 31.7501 0.00084989
6 0.710599 31.7501 0.000671081
7 0.761152 31.7501 0.000500531
8 0.786581 31.7501 0.000438686
9 0.881309 31.7501 0.000338564
10 0.909999 31.7502 0.000347116
11 0.938466 31.7502 0.000389882
12 0.942499 31.7502 0.000364288
13 0.943113 31.7502 0.000272372
min energy  # max energy
-56.5355 31.7502
