Initial energy of the MPS: -0.0212344
# DMRG Sweep # Mid bond EE # Energy # Std #
0 0.0100875 -52.7548 13.2025
1 0.754324 -56.5336 0.0146082
2 0.93542 -56.5354 0.00334623
3 0.962547 -56.5355 0.00271867
4 0.964609 -56.5355 0.00273585
5 0.964828 -56.5355 0.00269874
6 0.964876 -56.5355 0.00264415
7 0.964898 -56.5355 0.00259909
8 0.96491 -56.5355 0.00257066
9 0.964918 -56.5355 0.00255044
10 0.964924 -56.5355 0.00253525
11 0.964929 -56.5355 0.00252668
12 0.96493 -56.5355 0.00252183
13 0.964932 -56.5355 0.00251833
14 0.964933 -56.5355 0.00251451
15 0.964934 -56.5355 0.00251121
16 0.964935 -56.5355 0.00250957
17 0.964936 -56.5355 0.00250877
18 0.964936 -56.5355 0.00250822
19 0.964936 -56.5355 0.00250776
20 0.964936 -56.5355 0.00250734
21 0.964936 -56.5355 0.00250698
22 0.964936 -56.5355 0.00250664
23 0.964936 -56.5355 0.00250634
24 0.964936 -56.5355 0.00250605
25 0.964936 -56.5355 0.0025058
26 0.964936 -56.5355 0.00250555
27 0.964936 -56.5355 0.00250533
28 0.964936 -56.5355 0.00250512
29 0.964936 -56.5355 0.00250493
30 0.964936 -56.5355 0.00250474
31 0.964936 -56.5355 0.00250458
32 0.964936 -56.5355 0.00250441
33 0.964936 -56.5355 0.00250427
34 0.964936 -56.5355 0.00250412
35 0.964936 -56.5355 0.00250399
36 0.964936 -56.5355 0.00250386
37 0.964936 -56.5355 0.00250374
38 0.964936 -56.5355 0.00250362
39 0.964936 -56.5355 0.00250352
40 0.964937 -56.5355 0.00250341
41 0.964937 -56.5355 0.00250333
42 0.964937 -56.5355 0.00250323
43 0.964937 -56.5355 0.00250315
44 0.964937 -56.5355 0.00250306
45 0.964937 -56.5355 0.00250298
46 0.964937 -56.5355 0.00250289
47 0.964937 -56.5355 0.00250283
48 0.964937 -56.5355 0.00250275
49 0.964937 -56.5355 0.00250268
50 0.964937 -56.5355 0.0025026
51 0.964937 -56.5355 0.00250254
52 0.964937 -56.5355 0.00250246
53 0.964937 -56.5355 0.0025024
54 0.964937 -56.5355 0.00250232
55 0.964937 -56.5355 0.00250227
56 0.964937 -56.5355 0.00250219
57 0.964937 -56.5355 0.00250215
58 0.964937 -56.5355 0.00250209
59 0.964937 -56.5355 0.00250204
60 0.964937 -56.5355 0.00250199
61 0.964937 -56.5355 0.00250195
62 0.964937 -56.5355 0.00250191
63 0.964937 -56.5355 0.00250189
64 0.964937 -56.5355 0.00250185
65 0.964937 -56.5355 0.00250184
66 0.964937 -56.5355 0.00250181
67 0.964937 -56.5355 0.0025018
68 0.964937 -56.5355 0.00250178
69 0.964937 -56.5355 0.00250177
70 0.964937 -56.5355 0.00250175
71 0.964937 -56.5355 0.00250175
72 0.964937 -56.5355 0.00250173
73 0.964937 -56.5355 0.00250173
74 0.964937 -56.5355 0.00250171
75 0.964937 -56.5355 0.00250171
76 0.964937 -56.5355 0.00250169
77 0.964937 -56.5355 0.00250169
78 0.964937 -56.5355 0.00250168
79 0.964937 -56.5355 0.00250168
80 0.964937 -56.5355 0.00250166
81 0.964937 -56.5355 0.00250166
82 0.964937 -56.5355 0.00250165
83 0.964937 -56.5355 0.00250165
84 0.964937 -56.5355 0.00250164
85 0.964937 -56.5355 0.00250164
86 0.964937 -56.5355 0.00250163
87 0.964937 -56.5355 0.00250163
88 0.964937 -56.5355 0.00250162
89 0.964937 -56.5355 0.00250162
90 0.964937 -56.5355 0.00250161
91 0.964937 -56.5355 0.00250161
92 0.964937 -56.5355 0.0025016
93 0.964937 -56.5355 0.00250159
94 0.964937 -56.5355 0.00250159
95 0.964937 -56.5355 0.00250159
96 0.964937 -56.5355 0.00250158
97 0.964937 -56.5355 0.00250158
98 0.964937 -56.5355 0.00250158
99 0.964937 -56.5355 0.00250158
Initial energy of the MPS: -0.34578
# DMRG Sweep # Mid bond EE # Energy # Std #
0 0.00528693 30.2125 5.39323
1 0.710146 31.7419 0.0394895
2 0.697219 31.7488 0.0118577
3 0.712965 31.7497 0.00376665
4 0.70692 31.7498 0.00179684
5 0.724195 31.7499 0.0016019
6 0.816259 31.75 0.0010344
7 0.855594 31.75 0.000965998
8 0.90993 31.7501 0.000920612
9 0.920778 31.7501 0.000853689
10 0.937921 31.7502 0.000774223
11 0.94685 31.7502 0.000768873
12 0.953369 31.7503 0.000700227
13 0.95672 31.7503 0.000700495
14 0.95406 31.7503 0.000682981
15 0.952154 31.7504 0.000617388
16 0.939507 31.7504 0.000648172
17 0.935419 31.7504 0.000552599
18 0.930849 31.7505 0.000486996
19 0.927052 31.7505 0.000438926
20 0.912697 31.7505 0.000442178
21 0.902709 31.7505 0.000475938
22 0.870035 31.7505 0.000530133
23 0.767149 31.7505 0.000578963
24 0.418898 31.7505 0.000308652
min energy  # max energy
-56.5355 31.7505
