Initial energy of the MPS: -0.021211
# DMRG Sweep # Mid bond EE # Energy # Std #
0 0.0100863 -52.7546 13.2026
1 0.754228 -56.5336 0.0146154
2 0.935318 -56.5354 0.00334393
3 0.96255 -56.5355 0.00271567
4 0.964614 -56.5355 0.00273639
5 0.964831 -56.5355 0.00269943
6 0.964879 -56.5355 0.00264336
7 0.964901 -56.5355 0.0026007
8 0.964913 -56.5355 0.00257477
9 0.964921 -56.5355 0.00255289
10 0.964927 -56.5355 0.00253433
11 0.964932 -56.5355 0.00252491
12 0.964934 -56.5355 0.00252006
13 0.964936 -56.5355 0.0025165
14 0.964937 -56.5355 0.00251274
15 0.964938 -56.5355 0.00250961
16 0.964939 -56.5355 0.00250773
17 0.964939 -56.5355 0.00250679
18 0.964939 -56.5355 0.00250618
19 0.964939 -56.5355 0.00250572
20 0.964939 -56.5355 0.00250531
21 0.964939 -56.5355 0.00250498
22 0.964939 -56.5355 0.00250467
23 0.96494 -56.5355 0.0025044
24 0.96494 -56.5355 0.00250415
25 0.96494 -56.5355 0.00250395
26 0.96494 -56.5355 0.00250374
27 0.96494 -56.5355 0.00250357
28 0.96494 -56.5355 0.00250339
29 0.96494 -56.5355 0.00250325
30 0.96494 -56.5355 0.0025031
31 0.96494 -56.5355 0.00250296
32 0.96494 -56.5355 0.00250282
33 0.96494 -56.5355 0.0025027
34 0.96494 -56.5355 0.00250257
35 0.96494 -56.5355 0.00250246
36 0.96494 -56.5355 0.00250234
37 0.96494 -56.5355 0.00250224
38 0.96494 -56.5355 0.00250213
39 0.96494 -56.5355 0.00250206
40 0.96494 -56.5355 0.00250197
41 0.96494 -56.5355 0.00250191
42 0.96494 -56.5355 0.00250184
43 0.96494 -56.5355 0.00250179
44 0.96494 -56.5355 0.00250173
45 0.96494 -56.5355 0.00250169
46 0.96494 -56.5355 0.00250164
47 0.96494 -56.5355 0.0025016
48 0.96494 -56.5355 0.00250155
49 0.96494 -56.5355 0.00250151
50 0.96494 -56.5355 0.00250146
51 0.96494 -56.5355 0.00250142
52 0.96494 -56.5355 0.00250137
53 0.96494 -56.5355 0.00250133
54 0.96494 -56.5355 0.00250128
55 0.96494 -56.5355 0.00250124
56 0.96494 -56.5355 0.00250119
57 0.96494 -56.5355 0.00250116
58 0.96494 -56.5355 0.00250112
59 0.96494 -56.5355 0.00250109
60 0.96494 -56.5355 0.00250105
61 0.96494 -56.5355 0.00250103
62 0.96494 -56.5355 0.00250099
63 0.96494 -56.5355 0.00250097
64 0.96494 -56.5355 0.00250095
65 0.96494 -56.5355 0.00250093
66 0.96494 -56.5355 0.00250091
67 0.96494 -56.5355 0.00250091
68 0.96494 -56.5355 0.00250089
69 0.96494 -56.5355 0.00250088
70 0.96494 -56.5355 0.00250087
71 0.96494 -56.5355 0.00250087
72 0.96494 -56.5355 0.00250086
73 0.96494 -56.5355 0.00250085
74 0.96494 -56.5355 0.00250084
75 0.96494 -56.5355 0.00250084
76 0.96494 -56.5355 0.00250083
77 0.96494 -56.5355 0.00250083
78 0.96494 -56.5355 0.00250082
79 0.96494 -56.5355 0.00250082
80 0.96494 -56.5355 0.00250081
81 0.96494 -56.5355 0.00250082
82 0.96494 -56.5355 0.00250081
83 0.96494 -56.5355 0.00250081
84 0.96494 -56.5355 0.0025008
85 0.96494 -56.5355 0.00250081
86 0.96494 -56.5355 0.0025008
87 0.96494 -56.5355 0.0025008
88 0.96494 -56.5355 0.00250079
89 0.96494 -56.5355 0.00250079
90 0.96494 -56.5355 0.00250078
91 0.96494 -56.5355 0.00250079
92 0.96494 -56.5355 0.00250078
93 0.96494 -56.5355 0.00250078
94 0.96494 -56.5355 0.00250077
95 0.96494 -56.5355 0.00250077
96 0.96494 -56.5355 0.00250077
97 0.96494 -56.5355 0.00250077
98 0.96494 -56.5355 0.00250077
99 0.96494 -56.5355 0.00250077
Initial energy of the MPS: -0.34579
# DMRG Sweep # Mid bond EE # Energy # Std #
0 0.00703764 30.2089 5.39282
1 0.70418 31.7413 0.0411916
2 0.695606 31.7489 0.0119792
3 0.713705 31.7498 0.00426041
4 0.715567 31.75 0.00161398
5 0.761953 31.75 0.000476619
6 0.71137 31.75 0.00031325
7 0.701949 31.75 0.000288883
min energy  # max energy
-56.5355 31.75
