Initial energy of the MPS: -0.0212764
# DMRG Sweep # Mid bond EE # Energy # Std #
0 0.0100874 -52.7551 13.2026
1 0.754174 -56.5336 0.0145774
2 0.935214 -56.5354 0.00334897
3 0.962538 -56.5355 0.00271519
4 0.96461 -56.5355 0.00273066
5 0.964831 -56.5355 0.00269641
6 0.964879 -56.5355 0.0026431
7 0.9649 -56.5355 0.00259894
8 0.964912 -56.5355 0.00257192
9 0.96492 -56.5355 0.00255293
10 0.964926 -56.5355 0.00253687
11 0.964931 -56.5355 0.00252561
12 0.964933 -56.5355 0.00251913
13 0.964936 -56.5355 0.00251506
14 0.964937 -56.5355 0.0025117
15 0.964937 -56.5355 0.00250926
16 0.964938 -56.5355 0.002508
17 0.964938 -56.5355 0.00250733
18 0.964938 -56.5355 0.00250684
19 0.964939 -56.5355 0.00250644
20 0.964939 -56.5355 0.00250605
21 0.964939 -56.5355 0.00250573
22 0.964939 -56.5355 0.00250542
23 0.964939 -56.5355 0.00250515
24 0.964939 -56.5355 0.00250487
25 0.964939 -56.5355 0.00250463
26 0.964939 -56.5355 0.0025044
27 0.964939 -56.5355 0.0025042
28 0.964939 -56.5355 0.00250399
29 0.964939 -56.5355 0.00250381
30 0.964939 -56.5355 0.00250362
31 0.964939 -56.5355 0.00250346
32 0.964939 -56.5355 0.0025033
33 0.964939 -56.5355 0.00250316
34 0.964939 -56.5355 0.00250301
35 0.964939 -56.5355 0.00250287
36 0.964939 -56.5355 0.00250274
37 0.964939 -56.5355 0.00250262
38 0.964939 -56.5355 0.00250249
39 0.964939 -56.5355 0.00250239
40 0.964939 -56.5355 0.00250228
41 0.964939 -56.5355 0.00250219
42 0.964939 -56.5355 0.00250209
43 0.964939 -56.5355 0.00250201
44 0.964939 -56.5355 0.00250193
45 0.964939 -56.5355 0.00250187
46 0.964939 -56.5355 0.00250179
47 0.964939 -56.5355 0.00250175
48 0.964939 -56.5355 0.00250169
49 0.964939 -56.5355 0.00250165
50 0.964939 -56.5355 0.0025016
51 0.964939 -56.5355 0.00250157
52 0.964939 -56.5355 0.00250154
53 0.964939 -56.5355 0.00250152
54 0.964939 -56.5355 0.00250148
55 0.964939 -56.5355 0.00250147
56 0.964939 -56.5355 0.00250144
57 0.964939 -56.5355 0.00250143
58 0.964939 -56.5355 0.00250141
59 0.964939 -56.5355 0.0025014
60 0.964939 -56.5355 0.00250138
61 0.964939 -56.5355 0.00250138
62 0.964939 -56.5355 0.00250136
63 0.964939 -56.5355 0.00250135
64 0.964939 -56.5355 0.00250134
65 0.964939 -56.5355 0.00250134
66 0.964939 -56.5355 0.00250131
67 0.964939 -56.5355 0.00250131
68 0.964939 -56.5355 0.00250129
69 0.964939 -56.5355 0.00250129
70 0.964939 -56.5355 0.00250127
71 0.964939 -56.5355 0.00250126
72 0.964939 -56.5355 0.00250125
73 0.964939 -56.5355 0.00250124
74 0.964939 -56.5355 0.00250122
75 0.964939 -56.5355 0.00250121
76 0.964939 -56.5355 0.00250118
77 0.964939 -56.5355 0.00250117
78 0.964939 -56.5355 0.00250115
79 0.964939 -56.5355 0.00250112
80 0.964939 -56.5355 0.00250109
81 0.964939 -56.5355 0.00250107
82 0.964939 -56.5355 0.00250104
83 0.964939 -56.5355 0.00250102
84 0.964939 -56.5355 0.00250097
85 0.964939 -56.5355 0.00250095
86 0.964939 -56.5355 0.00250091
87 0.964939 -56.5355 0.00250089
88 0.964939 -56.5355 0.00250086
89 0.964939 -56.5355 0.00250084
90 0.964939 -56.5355 0.00250082
91 0.964939 -56.5355 0.00250081
92 0.964939 -56.5355 0.00250079
93 0.964939 -56.5355 0.00250078
94 0.964939 -56.5355 0.00250076
95 0.964939 -56.5355 0.00250076
96 0.964939 -56.5355 0.00250074
97 0.964939 -56.5355 0.00250075
98 0.964939 -56.5355 0.00250073
99 0.964939 -56.5355 0.00250073
Initial energy of the MPS: -0.345804
# DMRG Sweep # Mid bond EE # Energy # Std #
0 0.00579907 30.2123 5.39196
1 0.712633 31.7419 0.0396898
2 0.697184 31.7489 0.0115907
3 0.717219 31.7498 0.00374117
4 0.714321 31.7499 0.00142635
5 0.739581 31.7499 0.00121051
6 0.828334 31.75 0.000683954
7 0.875634 31.75 0.000675718
8 0.947668 31.75 0.000465885
9 0.966927 31.75 0.000489377
10 0.992457 31.75 0.000517314
11 0.99379 31.7501 0.000510397
12 1.0017 31.7501 0.00055361
13 1.00053 31.7501 0.000495788
14 1.01342 31.7501 0.00047509
15 1.01852 31.7501 0.000463204
16 1.01677 31.7501 0.00051106
17 1.0127 31.7502 0.000441876
18 1.01112 31.7502 0.000443549
19 1.00997 31.7502 0.000444737
20 0.991807 31.7502 0.000415004
21 0.987419 31.7502 0.000389146
22 0.978136 31.7502 0.000349005
23 0.986688 31.7502 0.000326066
24 0.974772 31.7502 0.000307291
min energy  # max energy
-56.5355 31.7502
