Initial energy of the MPS: -0.0211884
# DMRG Sweep # Mid bond EE # Energy # Std #
0 0.0100876 -52.7552 13.2026
1 0.754143 -56.5336 0.0145804
2 0.935244 -56.5354 0.00334607
3 0.962545 -56.5355 0.00271397
4 0.964611 -56.5355 0.00272996
5 0.964832 -56.5355 0.00269587
6 0.964879 -56.5355 0.00264242
7 0.964901 -56.5355 0.00259771
8 0.964912 -56.5355 0.00257074
9 0.96492 -56.5355 0.0025516
10 0.964926 -56.5355 0.00253513
11 0.964932 -56.5355 0.00252427
12 0.964934 -56.5355 0.00251868
13 0.964936 -56.5355 0.00251504
14 0.964937 -56.5355 0.00251224
15 0.964938 -56.5355 0.00251054
16 0.964938 -56.5355 0.00250909
17 0.964939 -56.5355 0.00250805
18 0.964939 -56.5355 0.00250746
19 0.964939 -56.5355 0.00250705
20 0.964939 -56.5355 0.00250667
21 0.964939 -56.5355 0.00250634
22 0.964939 -56.5355 0.00250602
23 0.964939 -56.5355 0.00250571
24 0.964939 -56.5355 0.00250541
25 0.964939 -56.5355 0.00250512
26 0.964939 -56.5355 0.00250484
27 0.964939 -56.5355 0.00250458
28 0.964939 -56.5355 0.00250432
29 0.964939 -56.5355 0.00250407
30 0.964939 -56.5355 0.00250383
31 0.964939 -56.5355 0.00250361
32 0.964939 -56.5355 0.0025034
33 0.964939 -56.5355 0.00250321
34 0.964939 -56.5355 0.00250302
35 0.964939 -56.5355 0.00250285
36 0.964939 -56.5355 0.00250268
37 0.964939 -56.5355 0.00250254
38 0.96494 -56.5355 0.0025024
39 0.96494 -56.5355 0.00250227
40 0.96494 -56.5355 0.00250215
41 0.96494 -56.5355 0.00250204
42 0.96494 -56.5355 0.00250193
43 0.96494 -56.5355 0.00250184
44 0.96494 -56.5355 0.00250174
45 0.96494 -56.5355 0.00250167
46 0.96494 -56.5355 0.00250158
47 0.96494 -56.5355 0.00250151
48 0.96494 -56.5355 0.00250142
49 0.96494 -56.5355 0.00250137
50 0.96494 -56.5355 0.00250128
51 0.96494 -56.5355 0.00250122
52 0.96494 -56.5355 0.00250115
53 0.96494 -56.5355 0.0025011
54 0.96494 -56.5355 0.00250103
55 0.96494 -56.5355 0.00250099
56 0.96494 -56.5355 0.00250094
57 0.96494 -56.5355 0.0025009
58 0.96494 -56.5355 0.00250086
59 0.96494 -56.5355 0.00250084
60 0.96494 -56.5355 0.00250081
61 0.96494 -56.5355 0.00250079
62 0.96494 -56.5355 0.00250077
63 0.96494 -56.5355 0.00250076
64 0.96494 -56.5355 0.00250074
65 0.96494 -56.5355 0.00250073
66 0.96494 -56.5355 0.00250071
67 0.96494 -56.5355 0.00250071
68 0.96494 -56.5355 0.00250069
69 0.96494 -56.5355 0.00250069
70 0.96494 -56.5355 0.00250067
71 0.96494 -56.5355 0.00250067
72 0.96494 -56.5355 0.00250066
73 0.96494 -56.5355 0.00250066
74 0.96494 -56.5355 0.00250064
75 0.96494 -56.5355 0.00250064
76 0.96494 -56.5355 0.00250063
77 0.96494 -56.5355 0.00250063
78 0.96494 -56.5355 0.00250062
79 0.96494 -56.5355 0.00250062
80 0.96494 -56.5355 0.00250061
81 0.96494 -56.5355 0.00250061
82 0.96494 -56.5355 0.0025006
83 0.96494 -56.5355 0.0025006
84 0.96494 -56.5355 0.00250059
85 0.96494 -56.5355 0.0025006
86 0.96494 -56.5355 0.00250058
87 0.96494 -56.5355 0.00250059
88 0.96494 -56.5355 0.00250058
89 0.96494 -56.5355 0.00250058
90 0.96494 -56.5355 0.00250057
91 0.96494 -56.5355 0.00250057
92 0.96494 -56.5355 0.00250056
93 0.96494 -56.5355 0.00250056
94 0.96494 -56.5355 0.00250056
95 0.96494 -56.5355 0.00250056
96 0.96494 -56.5355 0.00250055
97 0.96494 -56.5355 0.00250055
98 0.96494 -56.5355 0.00250055
99 0.96494 -56.5355 0.00250055
Initial energy of the MPS: -0.345827
# DMRG Sweep # Mid bond EE # Energy # Std #
0 0.00711792 30.203 5.39319
1 0.699259 31.7417 0.0408159
2 0.695241 31.7489 0.0117033
3 0.716021 31.7498 0.00382299
4 0.714574 31.7499 0.00145364
5 0.747378 31.75 0.000678487
6 0.74965 31.75 0.000502978
7 0.778634 31.75 0.000409478
8 0.859165 31.75 0.000400121
9 0.902868 31.75 0.000313819
10 0.977615 31.75 0.000379143
11 1.0042 31.75 0.000265973
min energy  # max energy
-56.5355 31.75
