Initial energy of the MPS: -0.0212284
# DMRG Sweep # Mid bond EE # Energy # Std #
0 0.0100881 -52.7544 13.2024
1 0.754028 -56.5336 0.0145767
2 0.935123 -56.5354 0.00334831
3 0.962532 -56.5355 0.00271348
4 0.964608 -56.5355 0.00273089
5 0.96483 -56.5355 0.00269676
6 0.964877 -56.5355 0.00264371
7 0.964898 -56.5355 0.00260015
8 0.96491 -56.5355 0.00257388
9 0.964917 -56.5355 0.00255627
10 0.964923 -56.5355 0.00253985
11 0.964929 -56.5355 0.0025272
12 0.964932 -56.5355 0.00252013
13 0.964934 -56.5355 0.00251661
14 0.964935 -56.5355 0.00251413
15 0.964936 -56.5355 0.00251215
16 0.964936 -56.5355 0.00251053
17 0.964937 -56.5355 0.00250952
18 0.964937 -56.5355 0.00250892
19 0.964937 -56.5355 0.00250847
20 0.964937 -56.5355 0.00250806
21 0.964937 -56.5355 0.00250769
22 0.964937 -56.5355 0.00250733
23 0.964937 -56.5355 0.002507
24 0.964937 -56.5355 0.00250667
25 0.964937 -56.5355 0.00250637
26 0.964937 -56.5355 0.00250607
27 0.964937 -56.5355 0.00250579
28 0.964937 -56.5355 0.00250552
29 0.964937 -56.5355 0.00250526
30 0.964937 -56.5355 0.00250501
31 0.964937 -56.5355 0.00250477
32 0.964937 -56.5355 0.00250453
33 0.964937 -56.5355 0.00250431
34 0.964937 -56.5355 0.00250409
35 0.964937 -56.5355 0.00250388
36 0.964937 -56.5355 0.00250367
37 0.964937 -56.5355 0.00250349
38 0.964937 -56.5355 0.0025033
39 0.964938 -56.5355 0.00250314
40 0.964938 -56.5355 0.00250298
41 0.964938 -56.5355 0.00250284
42 0.964938 -56.5355 0.0025027
43 0.964938 -56.5355 0.00250259
44 0.964938 -56.5355 0.00250248
45 0.964938 -56.5355 0.00250239
46 0.964938 -56.5355 0.00250229
47 0.964938 -56.5355 0.00250221
48 0.964938 -56.5355 0.00250213
49 0.964938 -56.5355 0.00250206
50 0.964938 -56.5355 0.00250199
51 0.964938 -56.5355 0.00250193
52 0.964938 -56.5355 0.00250186
53 0.964938 -56.5355 0.00250181
54 0.964938 -56.5355 0.00250175
55 0.964938 -56.5355 0.00250169
56 0.964938 -56.5355 0.00250165
57 0.964938 -56.5355 0.0025016
58 0.964938 -56.5355 0.00250154
59 0.964938 -56.5355 0.00250151
60 0.964938 -56.5355 0.00250145
61 0.964938 -56.5355 0.00250141
62 0.964938 -56.5355 0.00250135
63 0.964938 -56.5355 0.00250132
64 0.964938 -56.5355 0.00250126
65 0.964938 -56.5355 0.00250122
66 0.964938 -56.5355 0.00250117
67 0.964938 -56.5355 0.00250113
68 0.964938 -56.5355 0.00250109
69 0.964938 -56.5355 0.00250106
70 0.964938 -56.5355 0.00250102
71 0.964938 -56.5355 0.002501
72 0.964938 -56.5355 0.00250097
73 0.964938 -56.5355 0.00250095
74 0.964938 -56.5355 0.00250093
75 0.964938 -56.5355 0.00250092
76 0.964938 -56.5355 0.0025009
77 0.964938 -56.5355 0.00250088
78 0.964938 -56.5355 0.00250086
79 0.964938 -56.5355 0.00250085
80 0.964938 -56.5355 0.00250084
81 0.964938 -56.5355 0.00250084
82 0.964938 -56.5355 0.00250082
83 0.964938 -56.5355 0.00250081
84 0.964938 -56.5355 0.00250081
85 0.964938 -56.5355 0.0025008
86 0.964938 -56.5355 0.00250079
87 0.964938 -56.5355 0.00250078
88 0.964938 -56.5355 0.00250078
89 0.964938 -56.5355 0.00250077
90 0.964938 -56.5355 0.00250077
91 0.964938 -56.5355 0.00250076
92 0.964938 -56.5355 0.00250075
93 0.964938 -56.5355 0.00250075
94 0.964938 -56.5355 0.00250074
95 0.964938 -56.5355 0.00250074
96 0.964938 -56.5355 0.00250073
97 0.964938 -56.5355 0.00250073
98 0.964938 -56.5355 0.00250072
99 0.964938 -56.5355 0.00250072
Initial energy of the MPS: -0.345798
# DMRG Sweep # Mid bond EE # Energy # Std #
0 0.00686535 30.2015 5.39094
1 0.700405 31.7408 0.040519
2 0.696607 31.7487 0.0123391
3 0.716826 31.7497 0.00402681
4 0.707512 31.7498 0.00188819
5 0.709745 31.7499 0.00146926
6 0.802515 31.75 0.00083913
7 0.861497 31.75 0.000912135
8 0.908815 31.75 0.00083274
9 0.92577 31.7501 0.000718401
10 0.94838 31.7501 0.000675581
11 0.952941 31.7501 0.000681549
12 0.964748 31.7502 0.000699504
13 0.961285 31.7502 0.000565703
14 0.98522 31.7502 0.000576043
15 0.983422 31.7503 0.000537819
16 0.983229 31.7503 0.000544742
17 0.98065 31.7503 0.000536596
18 0.960414 31.7503 0.000453626
19 0.966938 31.7503 0.000454551
20 0.960463 31.7504 0.000458043
21 0.947668 31.7504 0.000462942
22 0.93522 31.7504 0.000403452
23 0.925373 31.7504 0.000345944
24 0.912185 31.7504 0.000318354
25 0.90235 31.7504 0.000323888
26 0.863126 31.7504 0.000368511
27 0.764052 31.7504 0.000484569
28 0.478915 31.7504 0.000362462
29 0.184381 31.7504 0.000169396
min energy  # max energy
-56.5355 31.7504
