Initial energy of the MPS: -0.0211978
# DMRG Sweep # Mid bond EE # Energy # Std #
0 0.0100872 -52.755 13.2025
1 0.754412 -56.5336 0.0146327
2 0.935412 -56.5354 0.00334517
3 0.962558 -56.5355 0.00271623
4 0.964613 -56.5355 0.00273551
5 0.96483 -56.5355 0.00269895
6 0.964878 -56.5355 0.00264301
7 0.9649 -56.5355 0.00259859
8 0.964912 -56.5355 0.00257185
9 0.96492 -56.5355 0.00255166
10 0.964926 -56.5355 0.00253477
11 0.964931 -56.5355 0.00252512
12 0.964933 -56.5355 0.0025195
13 0.964935 -56.5355 0.00251531
14 0.964936 -56.5355 0.00251142
15 0.964937 -56.5355 0.00250865
16 0.964938 -56.5355 0.00250727
17 0.964938 -56.5355 0.00250654
18 0.964938 -56.5355 0.002506
19 0.964938 -56.5355 0.00250556
20 0.964938 -56.5355 0.00250516
21 0.964938 -56.5355 0.00250483
22 0.964938 -56.5355 0.00250452
23 0.964938 -56.5355 0.00250425
24 0.964938 -56.5355 0.002504
25 0.964938 -56.5355 0.00250379
26 0.964938 -56.5355 0.00250358
27 0.964938 -56.5355 0.00250341
28 0.964938 -56.5355 0.00250325
29 0.964938 -56.5355 0.00250311
30 0.964938 -56.5355 0.00250297
31 0.964938 -56.5355 0.00250287
32 0.964938 -56.5355 0.00250275
33 0.964939 -56.5355 0.00250266
34 0.964939 -56.5355 0.00250257
35 0.964939 -56.5355 0.0025025
36 0.964939 -56.5355 0.00250243
37 0.964939 -56.5355 0.00250238
38 0.964939 -56.5355 0.00250231
39 0.964939 -56.5355 0.00250228
40 0.964939 -56.5355 0.00250222
41 0.964939 -56.5355 0.00250219
42 0.964939 -56.5355 0.00250215
43 0.964939 -56.5355 0.00250212
44 0.964939 -56.5355 0.00250209
45 0.964939 -56.5355 0.00250206
46 0.964939 -56.5355 0.00250202
47 0.964939 -56.5355 0.002502
48 0.964939 -56.5355 0.00250196
49 0.964939 -56.5355 0.00250194
50 0.964939 -56.5355 0.0025019
51 0.964939 -56.5355 0.00250187
52 0.964939 -56.5355 0.00250183
53 0.964939 -56.5355 0.00250181
54 0.964939 -56.5355 0.00250178
55 0.964939 -56.5355 0.00250176
56 0.964939 -56.5355 0.00250172
57 0.964939 -56.5355 0.00250169
58 0.964939 -56.5355 0.00250166
59 0.964939 -56.5355 0.00250164
60 0.964939 -56.5355 0.0025016
61 0.964939 -56.5355 0.00250158
62 0.964939 -56.5355 0.00250155
63 0.964939 -56.5355 0.00250152
64 0.964939 -56.5355 0.00250149
65 0.964939 -56.5355 0.00250147
66 0.964939 -56.5355 0.00250145
67 0.964939 -56.5355 0.00250143
68 0.964939 -56.5355 0.00250142
69 0.964939 -56.5355 0.00250141
70 0.964939 -56.5355 0.00250139
71 0.964939 -56.5355 0.00250139
72 0.964939 -56.5355 0.00250137
73 0.964939 -56.5355 0.00250137
74 0.964939 -56.5355 0.00250136
75 0.964939 -56.5355 0.00250136
76 0.964939 -56.5355 0.00250135
77 0.964939 -56.5355 0.00250135
78 0.964939 -56.5355 0.00250134
79 0.964939 -56.5355 0.00250134
80 0.964939 -56.5355 0.00250133
81 0.964939 -56.5355 0.00250132
82 0.964939 -56.5355 0.00250132
83 0.964939 -56.5355 0.00250132
84 0.964939 -56.5355 0.00250131
85 0.964939 -56.5355 0.00250131
86 0.964939 -56.5355 0.00250131
87 0.964939 -56.5355 0.00250131
88 0.964939 -56.5355 0.0025013
89 0.964939 -56.5355 0.0025013
90 0.964939 -56.5355 0.00250129
91 0.964939 -56.5355 0.0025013
92 0.964939 -56.5355 0.00250129
93 0.964939 -56.5355 0.00250128
94 0.964939 -56.5355 0.00250128
95 0.964939 -56.5355 0.00250128
96 0.964939 -56.5355 0.00250128
97 0.964939 -56.5355 0.00250128
98 0.964939 -56.5355 0.00250127
99 0.964939 -56.5355 0.00250127
Initial energy of the MPS: -0.345784
# DMRG Sweep # Mid bond EE # Energy # Std #
0 0.00755976 30.1939 5.39199
1 0.695863 31.7422 0.040593
2 0.694519 31.7492 0.0111346
3 0.709038 31.7501 0.00382806
4 0.712593 31.7503 0.00174696
5 0.708822 31.7503 0.00113824
6 0.749722 31.7504 0.000945502
7 0.817953 31.7504 0.000669191
8 0.845309 31.7504 0.000794078
9 0.87705 31.7505 0.000572501
10 0.87517 31.7505 0.000574786
11 0.886043 31.7505 0.000458989
12 0.890049 31.7505 0.000493495
13 0.88629 31.7505 0.000465192
14 0.841718 31.7505 0.000650189
15 0.773731 31.7506 0.00107512
16 0.3591 31.7506 0.000345064
17 0.128732 31.7506 0.000146701
min energy  # max energy
-56.5355 31.7506
