Initial energy of the MPS: -0.0212467
# DMRG Sweep # Mid bond EE # Energy # Std #
0 0.0100877 -52.7544 13.2024
1 0.754427 -56.5336 0.0146026
2 0.935381 -56.5354 0.00334919
3 0.962548 -56.5355 0.00271501
4 0.964613 -56.5355 0.00273054
5 0.964832 -56.5355 0.00269613
6 0.96488 -56.5355 0.00264267
7 0.964901 -56.5355 0.00259869
8 0.964913 -56.5355 0.00257152
9 0.964921 -56.5355 0.00255197
10 0.964927 -56.5355 0.00253532
11 0.964932 -56.5355 0.00252438
12 0.964934 -56.5355 0.00251839
13 0.964937 -56.5355 0.00251489
14 0.964938 -56.5355 0.00251221
15 0.964938 -56.5355 0.00251007
16 0.964939 -56.5355 0.00250851
17 0.964939 -56.5355 0.00250761
18 0.964939 -56.5355 0.00250706
19 0.96494 -56.5355 0.00250662
20 0.96494 -56.5355 0.00250623
21 0.96494 -56.5355 0.00250588
22 0.96494 -56.5355 0.00250555
23 0.96494 -56.5355 0.00250527
24 0.96494 -56.5355 0.00250499
25 0.96494 -56.5355 0.00250474
26 0.96494 -56.5355 0.0025045
27 0.96494 -56.5355 0.00250429
28 0.96494 -56.5355 0.00250408
29 0.96494 -56.5355 0.0025039
30 0.96494 -56.5355 0.00250372
31 0.96494 -56.5355 0.00250356
32 0.96494 -56.5355 0.0025034
33 0.96494 -56.5355 0.00250325
34 0.96494 -56.5355 0.0025031
35 0.96494 -56.5355 0.00250297
36 0.96494 -56.5355 0.00250282
37 0.96494 -56.5355 0.0025027
38 0.96494 -56.5355 0.00250257
39 0.96494 -56.5355 0.00250247
40 0.96494 -56.5355 0.00250236
41 0.96494 -56.5355 0.00250226
42 0.96494 -56.5355 0.00250216
43 0.96494 -56.5355 0.00250208
44 0.96494 -56.5355 0.00250199
45 0.96494 -56.5355 0.00250192
46 0.96494 -56.5355 0.00250185
47 0.96494 -56.5355 0.0025018
48 0.96494 -56.5355 0.00250174
49 0.96494 -56.5355 0.0025017
50 0.96494 -56.5355 0.00250165
51 0.96494 -56.5355 0.00250161
52 0.96494 -56.5355 0.00250157
53 0.96494 -56.5355 0.00250156
54 0.96494 -56.5355 0.00250152
55 0.96494 -56.5355 0.00250151
56 0.96494 -56.5355 0.00250149
57 0.96494 -56.5355 0.00250147
58 0.96494 -56.5355 0.00250145
59 0.96494 -56.5355 0.00250144
60 0.96494 -56.5355 0.00250142
61 0.96494 -56.5355 0.00250141
62 0.96494 -56.5355 0.0025014
63 0.96494 -56.5355 0.00250139
64 0.96494 -56.5355 0.00250138
65 0.96494 -56.5355 0.00250138
66 0.96494 -56.5355 0.00250136
67 0.96494 -56.5355 0.00250135
68 0.96494 -56.5355 0.00250134
69 0.96494 -56.5355 0.00250133
70 0.96494 -56.5355 0.00250132
71 0.96494 -56.5355 0.00250131
72 0.96494 -56.5355 0.00250129
73 0.96494 -56.5355 0.00250129
74 0.96494 -56.5355 0.00250126
75 0.96494 -56.5355 0.00250125
76 0.96494 -56.5355 0.00250123
77 0.96494 -56.5355 0.00250122
78 0.96494 -56.5355 0.0025012
79 0.96494 -56.5355 0.00250118
80 0.96494 -56.5355 0.00250115
81 0.96494 -56.5355 0.00250113
82 0.96494 -56.5355 0.0025011
83 0.96494 -56.5355 0.00250108
84 0.96494 -56.5355 0.00250104
85 0.96494 -56.5355 0.00250101
86 0.96494 -56.5355 0.00250098
87 0.96494 -56.5355 0.00250096
88 0.96494 -56.5355 0.00250094
89 0.96494 -56.5355 0.00250092
90 0.96494 -56.5355 0.0025009
91 0.96494 -56.5355 0.00250088
92 0.96494 -56.5355 0.00250087
93 0.96494 -56.5355 0.00250086
94 0.96494 -56.5355 0.00250084
95 0.96494 -56.5355 0.00250083
96 0.96494 -56.5355 0.00250082
97 0.96494 -56.5355 0.00250082
98 0.96494 -56.5355 0.00250081
99 0.96494 -56.5355 0.00250081
Initial energy of the MPS: -0.345806
# DMRG Sweep # Mid bond EE # Energy # Std #
0 0.00647065 30.2013 5.39214
1 0.703481 31.7419 0.0422842
2 0.695871 31.7489 0.0119133
3 0.708218 31.7499 0.00430141
4 0.718155 31.75 0.00148688
5 0.759073 31.7501 0.000608265
6 0.701592 31.7501 0.000448739
7 0.741224 31.7501 0.000405079
8 0.773162 31.7501 0.000359996
9 0.844729 31.7501 0.000275616
min energy  # max energy
-56.5355 31.7501
