Initial energy of the MPS: -0.0212143
# DMRG Sweep # Mid bond EE # Energy # Std #
0 0.0100882 -52.7548 13.2025
1 0.754031 -56.5336 0.0145817
2 0.935168 -56.5354 0.00334788
3 0.962538 -56.5355 0.00271466
4 0.964609 -56.5355 0.00273045
5 0.964831 -56.5355 0.00269597
6 0.964878 -56.5355 0.0026431
7 0.9649 -56.5355 0.00259912
8 0.964911 -56.5355 0.00257275
9 0.964919 -56.5355 0.00255445
10 0.964925 -56.5355 0.00253765
11 0.964931 -56.5355 0.00252557
12 0.964933 -56.5355 0.00251932
13 0.964935 -56.5355 0.00251553
14 0.964936 -56.5355 0.00251265
15 0.964937 -56.5355 0.00251084
16 0.964938 -56.5355 0.00250931
17 0.964938 -56.5355 0.00250824
18 0.964938 -56.5355 0.00250762
19 0.964938 -56.5355 0.00250716
20 0.964938 -56.5355 0.00250674
21 0.964938 -56.5355 0.00250638
22 0.964938 -56.5355 0.00250602
23 0.964938 -56.5355 0.00250569
24 0.964938 -56.5355 0.00250537
25 0.964938 -56.5355 0.00250508
26 0.964938 -56.5355 0.00250479
27 0.964938 -56.5355 0.00250453
28 0.964939 -56.5355 0.00250427
29 0.964939 -56.5355 0.00250403
30 0.964939 -56.5355 0.00250379
31 0.964939 -56.5355 0.00250359
32 0.964939 -56.5355 0.00250337
33 0.964939 -56.5355 0.00250319
34 0.964939 -56.5355 0.00250299
35 0.964939 -56.5355 0.00250282
36 0.964939 -56.5355 0.00250264
37 0.964939 -56.5355 0.00250249
38 0.964939 -56.5355 0.00250233
39 0.964939 -56.5355 0.0025022
40 0.964939 -56.5355 0.00250206
41 0.964939 -56.5355 0.00250195
42 0.964939 -56.5355 0.00250184
43 0.964939 -56.5355 0.00250174
44 0.964939 -56.5355 0.00250164
45 0.964939 -56.5355 0.00250156
46 0.964939 -56.5355 0.00250148
47 0.964939 -56.5355 0.00250142
48 0.964939 -56.5355 0.00250135
49 0.964939 -56.5355 0.0025013
50 0.964939 -56.5355 0.00250125
51 0.964939 -56.5355 0.00250121
52 0.964939 -56.5355 0.00250117
53 0.964939 -56.5355 0.00250114
54 0.964939 -56.5355 0.00250111
55 0.964939 -56.5355 0.00250109
56 0.964939 -56.5355 0.00250106
57 0.964939 -56.5355 0.00250105
58 0.964939 -56.5355 0.00250103
59 0.964939 -56.5355 0.00250102
60 0.964939 -56.5355 0.002501
61 0.964939 -56.5355 0.002501
62 0.964939 -56.5355 0.00250098
63 0.964939 -56.5355 0.00250098
64 0.964939 -56.5355 0.00250096
65 0.964939 -56.5355 0.00250096
66 0.964939 -56.5355 0.00250095
67 0.964939 -56.5355 0.00250094
68 0.964939 -56.5355 0.00250093
69 0.964939 -56.5355 0.00250093
70 0.964939 -56.5355 0.00250092
71 0.964939 -56.5355 0.00250092
72 0.964939 -56.5355 0.00250091
73 0.964939 -56.5355 0.00250091
74 0.964939 -56.5355 0.0025009
75 0.964939 -56.5355 0.00250089
76 0.964939 -56.5355 0.00250088
77 0.964939 -56.5355 0.00250088
78 0.964939 -56.5355 0.00250088
79 0.964939 -56.5355 0.00250087
80 0.964939 -56.5355 0.00250087
81 0.964939 -56.5355 0.00250086
82 0.964939 -56.5355 0.00250086
83 0.964939 -56.5355 0.00250085
84 0.964939 -56.5355 0.00250085
85 0.964939 -56.5355 0.00250085
86 0.964939 -56.5355 0.00250084
87 0.964939 -56.5355 0.00250084
88 0.964939 -56.5355 0.00250083
89 0.964939 -56.5355 0.00250083
90 0.964939 -56.5355 0.00250082
91 0.964939 -56.5355 0.00250082
92 0.964939 -56.5355 0.00250081
93 0.964939 -56.5355 0.00250082
94 0.964939 -56.5355 0.0025008
95 0.964939 -56.5355 0.00250081
96 0.964939 -56.5355 0.0025008
97 0.964939 -56.5355 0.0025008
98 0.964939 -56.5355 0.00250079
99 0.964939 -56.5355 0.0025008
Initial energy of the MPS: -0.345777
# DMRG Sweep # Mid bond EE # Energy # Std #
0 0.00562259 30.2083 5.39198
1 0.706998 31.7414 0.0386944
2 0.697313 31.7489 0.0120865
3 0.716603 31.7499 0.00403699
4 0.718965 31.75 0.00156083
5 0.768486 31.75 0.000590527
6 0.704544 31.7501 0.000381017
7 0.72693 31.7501 0.000327188
8 0.765979 31.7501 0.000266198
min energy  # max energy
-56.5355 31.7501
