Initial energy of the MPS: -0.021214
# DMRG Sweep # Mid bond EE # Energy # Std #
0 0.0100883 -52.7546 13.2025
1 0.7542 -56.5336 0.0146057
2 0.935229 -56.5354 0.00335014
3 0.962539 -56.5355 0.00271412
4 0.964611 -56.5355 0.00273101
5 0.964832 -56.5355 0.00269766
6 0.96488 -56.5355 0.00264504
7 0.964901 -56.5355 0.00260084
8 0.964912 -56.5355 0.00257382
9 0.96492 -56.5355 0.00255584
10 0.964926 -56.5355 0.00253876
11 0.964932 -56.5355 0.00252606
12 0.964934 -56.5355 0.00251969
13 0.964937 -56.5355 0.00251598
14 0.964938 -56.5355 0.00251308
15 0.964939 -56.5355 0.00251084
16 0.964939 -56.5355 0.00250927
17 0.964939 -56.5355 0.00250838
18 0.96494 -56.5355 0.0025078
19 0.96494 -56.5355 0.00250733
20 0.96494 -56.5355 0.00250692
21 0.96494 -56.5355 0.00250655
22 0.96494 -56.5355 0.00250619
23 0.96494 -56.5355 0.00250588
24 0.96494 -56.5355 0.00250558
25 0.96494 -56.5355 0.0025053
26 0.96494 -56.5355 0.00250503
27 0.96494 -56.5355 0.00250479
28 0.96494 -56.5355 0.00250454
29 0.96494 -56.5355 0.00250431
30 0.96494 -56.5355 0.00250408
31 0.96494 -56.5355 0.00250386
32 0.96494 -56.5355 0.00250365
33 0.96494 -56.5355 0.00250345
34 0.96494 -56.5355 0.00250325
35 0.96494 -56.5355 0.00250308
36 0.96494 -56.5355 0.0025029
37 0.96494 -56.5355 0.00250276
38 0.96494 -56.5355 0.0025026
39 0.96494 -56.5355 0.00250248
40 0.96494 -56.5355 0.00250236
41 0.96494 -56.5355 0.00250227
42 0.96494 -56.5355 0.00250216
43 0.96494 -56.5355 0.00250209
44 0.96494 -56.5355 0.00250202
45 0.96494 -56.5355 0.00250196
46 0.96494 -56.5355 0.0025019
47 0.96494 -56.5355 0.00250187
48 0.96494 -56.5355 0.00250182
49 0.96494 -56.5355 0.0025018
50 0.96494 -56.5355 0.00250176
51 0.96494 -56.5355 0.00250174
52 0.96494 -56.5355 0.00250171
53 0.96494 -56.5355 0.0025017
54 0.96494 -56.5355 0.00250168
55 0.96494 -56.5355 0.00250167
56 0.96494 -56.5355 0.00250165
57 0.96494 -56.5355 0.00250164
58 0.96494 -56.5355 0.00250163
59 0.96494 -56.5355 0.00250162
60 0.96494 -56.5355 0.0025016
61 0.96494 -56.5355 0.0025016
62 0.96494 -56.5355 0.00250158
63 0.96494 -56.5355 0.00250158
64 0.96494 -56.5355 0.00250156
65 0.96494 -56.5355 0.00250156
66 0.96494 -56.5355 0.00250154
67 0.96494 -56.5355 0.00250155
68 0.96494 -56.5355 0.00250153
69 0.96494 -56.5355 0.00250153
70 0.96494 -56.5355 0.00250151
71 0.96494 -56.5355 0.00250151
72 0.96494 -56.5355 0.0025015
73 0.96494 -56.5355 0.0025015
74 0.96494 -56.5355 0.00250149
75 0.96494 -56.5355 0.00250149
76 0.96494 -56.5355 0.00250147
77 0.96494 -56.5355 0.00250148
78 0.96494 -56.5355 0.00250146
79 0.96494 -56.5355 0.00250146
80 0.96494 -56.5355 0.00250145
81 0.96494 -56.5355 0.00250145
82 0.96494 -56.5355 0.00250144
83 0.96494 -56.5355 0.00250144
84 0.96494 -56.5355 0.00250143
85 0.96494 -56.5355 0.00250143
86 0.96494 -56.5355 0.00250142
87 0.96494 -56.5355 0.00250142
88 0.96494 -56.5355 0.00250141
89 0.96494 -56.5355 0.00250141
90 0.96494 -56.5355 0.0025014
91 0.96494 -56.5355 0.0025014
92 0.96494 -56.5355 0.00250139
93 0.96494 -56.5355 0.00250139
94 0.96494 -56.5355 0.00250138
95 0.96494 -56.5355 0.00250138
96 0.96494 -56.5355 0.00250137
97 0.96494 -56.5355 0.00250138
98 0.96494 -56.5355 0.00250136
99 0.96494 -56.5355 0.00250137
Initial energy of the MPS: -0.345827
# DMRG Sweep # Mid bond EE # Energy # Std #
0 0.00610918 30.2179 5.39328
1 0.711415 31.7423 0.038694
2 0.695126 31.7493 0.0117603
3 0.710094 31.75 0.0035322
4 0.719943 31.7502 0.00163433
5 0.727215 31.7503 0.000932538
6 0.773528 31.7503 0.000864544
7 0.845202 31.7503 0.000650766
8 0.857089 31.7503 0.000613106
9 0.898457 31.7504 0.000531591
10 0.903853 31.7504 0.000581218
11 0.900795 31.7504 0.000533486
12 0.897467 31.7504 0.000541099
13 0.885119 31.7504 0.000497513
14 0.874846 31.7504 0.000460246
15 0.784714 31.7504 0.000473104
16 0.633749 31.7505 0.000441103
17 0.358401 31.7505 0.000311546
18 0.189149 31.7505 0.000209976
min energy  # max energy
-56.5355 31.7505
