Initial energy of the MPS: -0.0212539
# DMRG Sweep # Mid bond EE # Energy # Std #
0 0.0100884 -52.7555 13.2027
1 0.7541 -56.5336 0.0145707
2 0.93516 -56.5354 0.00334432
3 0.962546 -56.5355 0.00271589
4 0.964609 -56.5355 0.00273384
5 0.964831 -56.5355 0.00269823
6 0.964878 -56.5355 0.0026435
7 0.9649 -56.5355 0.00259742
8 0.964912 -56.5355 0.00256934
9 0.96492 -56.5355 0.00255167
10 0.964925 -56.5355 0.00253634
11 0.964931 -56.5355 0.0025254
12 0.964933 -56.5355 0.00251916
13 0.964935 -56.5355 0.00251503
14 0.964937 -56.5355 0.00251158
15 0.964937 -56.5355 0.00250965
16 0.964938 -56.5355 0.0025088
17 0.964938 -56.5355 0.00250827
18 0.964938 -56.5355 0.00250781
19 0.964938 -56.5355 0.00250742
20 0.964938 -56.5355 0.00250705
21 0.964938 -56.5355 0.00250671
22 0.964938 -56.5355 0.00250637
23 0.964938 -56.5355 0.00250605
24 0.964938 -56.5355 0.00250573
25 0.964938 -56.5355 0.00250544
26 0.964938 -56.5355 0.00250514
27 0.964939 -56.5355 0.00250486
28 0.964939 -56.5355 0.00250459
29 0.964939 -56.5355 0.00250434
30 0.964939 -56.5355 0.00250408
31 0.964939 -56.5355 0.00250385
32 0.964939 -56.5355 0.00250361
33 0.964939 -56.5355 0.0025034
34 0.964939 -56.5355 0.00250317
35 0.964939 -56.5355 0.00250298
36 0.964939 -56.5355 0.00250277
37 0.964939 -56.5355 0.0025026
38 0.964939 -56.5355 0.00250242
39 0.964939 -56.5355 0.00250227
40 0.964939 -56.5355 0.00250211
41 0.964939 -56.5355 0.00250199
42 0.964939 -56.5355 0.00250187
43 0.964939 -56.5355 0.00250177
44 0.964939 -56.5355 0.00250167
45 0.964939 -56.5355 0.0025016
46 0.964939 -56.5355 0.00250152
47 0.964939 -56.5355 0.00250146
48 0.964939 -56.5355 0.00250139
49 0.964939 -56.5355 0.00250135
50 0.964939 -56.5355 0.00250129
51 0.964939 -56.5355 0.00250124
52 0.964939 -56.5355 0.0025012
53 0.964939 -56.5355 0.00250116
54 0.964939 -56.5355 0.00250111
55 0.964939 -56.5355 0.00250109
56 0.964939 -56.5355 0.00250104
57 0.964939 -56.5355 0.00250102
58 0.964939 -56.5355 0.00250099
59 0.964939 -56.5355 0.00250097
60 0.964939 -56.5355 0.00250094
61 0.964939 -56.5355 0.00250093
62 0.964939 -56.5355 0.00250091
63 0.964939 -56.5355 0.0025009
64 0.964939 -56.5355 0.00250088
65 0.964939 -56.5355 0.00250088
66 0.964939 -56.5355 0.00250087
67 0.964939 -56.5355 0.00250087
68 0.964939 -56.5355 0.00250085
69 0.964939 -56.5355 0.00250085
70 0.964939 -56.5355 0.00250084
71 0.964939 -56.5355 0.00250084
72 0.964939 -56.5355 0.00250082
73 0.964939 -56.5355 0.00250083
74 0.964939 -56.5355 0.00250081
75 0.964939 -56.5355 0.00250082
76 0.964939 -56.5355 0.00250081
77 0.964939 -56.5355 0.00250081
78 0.964939 -56.5355 0.0025008
79 0.964939 -56.5355 0.0025008
80 0.964939 -56.5355 0.00250079
81 0.964939 -56.5355 0.00250079
82 0.964939 -56.5355 0.00250078
83 0.964939 -56.5355 0.00250079
84 0.964939 -56.5355 0.00250077
85 0.964939 -56.5355 0.00250078
86 0.964939 -56.5355 0.00250077
87 0.964939 -56.5355 0.00250077
88 0.964939 -56.5355 0.00250076
89 0.964939 -56.5355 0.00250076
90 0.964939 -56.5355 0.00250076
91 0.964939 -56.5355 0.00250076
92 0.964939 -56.5355 0.00250075
93 0.964939 -56.5355 0.00250075
94 0.964939 -56.5355 0.00250075
95 0.964939 -56.5355 0.00250075
96 0.964939 -56.5355 0.00250074
97 0.964939 -56.5355 0.00250074
98 0.964939 -56.5355 0.00250073
99 0.964939 -56.5355 0.00250074
Initial energy of the MPS: -0.345841
# DMRG Sweep # Mid bond EE # Energy # Std #
0 0.00682109 30.2166 5.39291
1 0.701432 31.7421 0.0387697
2 0.699038 31.7489 0.011585
3 0.708145 31.7498 0.00401952
4 0.712272 31.7499 0.0016653
5 0.728576 31.75 0.000858663
6 0.758414 31.75 0.000621173
7 0.826357 31.75 0.00041888
8 0.901967 31.75 0.000380762
9 0.943519 31.75 0.000349691
10 0.960047 31.75 0.000337044
11 1.00515 31.75 0.000314354
12 1.01117 31.75 0.000457611
13 1.01077 31.75 0.000410036
14 1.01085 31.75 0.000329514
15 1.03629 31.75 0.000287095
min energy  # max energy
-56.5355 31.75
