Initial energy of the MPS: -0.021277
# DMRG Sweep # Mid bond EE # Energy # Std #
0 0.0100888 -52.7556 13.2028
1 0.754094 -56.5336 0.0146022
2 0.93514 -56.5354 0.0033527
3 0.962538 -56.5355 0.00271372
4 0.96461 -56.5355 0.00273132
5 0.964832 -56.5355 0.00269683
6 0.964879 -56.5355 0.0026441
7 0.9649 -56.5355 0.00260089
8 0.964912 -56.5355 0.00257483
9 0.96492 -56.5355 0.00255693
10 0.964925 -56.5355 0.00253999
11 0.964931 -56.5355 0.00252703
12 0.964934 -56.5355 0.00252031
13 0.964936 -56.5355 0.00251692
14 0.964937 -56.5355 0.0025144
15 0.964938 -56.5355 0.0025124
16 0.964939 -56.5355 0.00251073
17 0.964939 -56.5355 0.00250964
18 0.964939 -56.5355 0.00250897
19 0.964939 -56.5355 0.00250845
20 0.964939 -56.5355 0.00250797
21 0.964939 -56.5355 0.00250753
22 0.964939 -56.5355 0.00250709
23 0.964939 -56.5355 0.00250668
24 0.964939 -56.5355 0.00250628
25 0.964939 -56.5355 0.00250591
26 0.964939 -56.5355 0.00250554
27 0.96494 -56.5355 0.0025052
28 0.96494 -56.5355 0.00250487
29 0.96494 -56.5355 0.00250457
30 0.96494 -56.5355 0.00250427
31 0.96494 -56.5355 0.00250401
32 0.96494 -56.5355 0.00250375
33 0.96494 -56.5355 0.00250353
34 0.96494 -56.5355 0.0025033
35 0.96494 -56.5355 0.00250312
36 0.96494 -56.5355 0.00250292
37 0.96494 -56.5355 0.00250278
38 0.96494 -56.5355 0.00250262
39 0.96494 -56.5355 0.0025025
40 0.96494 -56.5355 0.00250237
41 0.96494 -56.5355 0.00250228
42 0.96494 -56.5355 0.00250218
43 0.96494 -56.5355 0.00250211
44 0.96494 -56.5355 0.00250202
45 0.96494 -56.5355 0.00250196
46 0.96494 -56.5355 0.00250189
47 0.96494 -56.5355 0.00250183
48 0.96494 -56.5355 0.00250177
49 0.96494 -56.5355 0.00250173
50 0.96494 -56.5355 0.00250167
51 0.96494 -56.5355 0.00250164
52 0.96494 -56.5355 0.0025016
53 0.96494 -56.5355 0.00250156
54 0.96494 -56.5355 0.00250153
55 0.96494 -56.5355 0.00250151
56 0.96494 -56.5355 0.00250148
57 0.96494 -56.5355 0.00250146
58 0.96494 -56.5355 0.00250144
59 0.96494 -56.5355 0.00250143
60 0.96494 -56.5355 0.00250141
61 0.96494 -56.5355 0.00250141
62 0.96494 -56.5355 0.00250138
63 0.96494 -56.5355 0.00250138
64 0.96494 -56.5355 0.00250136
65 0.96494 -56.5355 0.00250136
66 0.96494 -56.5355 0.00250134
67 0.96494 -56.5355 0.00250134
68 0.96494 -56.5355 0.00250133
69 0.96494 -56.5355 0.00250133
70 0.96494 -56.5355 0.00250132
71 0.96494 -56.5355 0.00250131
72 0.96494 -56.5355 0.0025013
73 0.96494 -56.5355 0.0025013
74 0.96494 -56.5355 0.00250129
75 0.96494 -56.5355 0.00250129
76 0.96494 -56.5355 0.00250128
77 0.96494 -56.5355 0.00250128
78 0.96494 -56.5355 0.00250126
79 0.96494 -56.5355 0.00250126
80 0.96494 -56.5355 0.00250125
81 0.96494 -56.5355 0.00250125
82 0.96494 -56.5355 0.00250125
83 0.96494 -56.5355 0.00250124
84 0.96494 -56.5355 0.00250123
85 0.96494 -56.5355 0.00250124
86 0.96494 -56.5355 0.00250122
87 0.96494 -56.5355 0.00250123
88 0.96494 -56.5355 0.00250122
89 0.96494 -56.5355 0.00250122
90 0.96494 -56.5355 0.00250121
91 0.96494 -56.5355 0.00250121
92 0.96494 -56.5355 0.0025012
93 0.96494 -56.5355 0.0025012
94 0.96494 -56.5355 0.00250119
95 0.96494 -56.5355 0.00250119
96 0.96494 -56.5355 0.00250118
97 0.96494 -56.5355 0.00250119
98 0.96494 -56.5355 0.00250118
99 0.96494 -56.5355 0.00250118
Initial energy of the MPS: -0.34581
# DMRG Sweep # Mid bond EE # Energy # Std #
0 0.00656593 30.2122 5.39256
1 0.706986 31.7418 0.0404685
2 0.695965 31.749 0.0112452
3 0.714339 31.7498 0.00352231
4 0.713579 31.75 0.00139838
5 0.752852 31.75 0.000518877
6 0.762617 31.75 0.000343427
7 0.804252 31.75 0.000331658
8 0.879563 31.75 0.000221211
min energy  # max energy
-56.5355 31.75
