Initial energy of the MPS: -0.021153
# DMRG Sweep # Mid bond EE # Energy # Std #
0 0.0100879 -52.755 13.2026
1 0.754278 -56.5336 0.0146127
2 0.935323 -56.5354 0.00334833
3 0.962546 -56.5355 0.00271574
4 0.964611 -56.5355 0.0027313
5 0.964832 -56.5355 0.00269656
6 0.964879 -56.5355 0.00264319
7 0.9649 -56.5355 0.00259845
8 0.964912 -56.5355 0.0025714
9 0.96492 -56.5355 0.0025529
10 0.964926 -56.5355 0.00253687
11 0.964931 -56.5355 0.00252601
12 0.964934 -56.5355 0.00252017
13 0.964936 -56.5355 0.00251606
14 0.964937 -56.5355 0.002513
15 0.964938 -56.5355 0.00251112
16 0.964938 -56.5355 0.00250957
17 0.964938 -56.5355 0.00250858
18 0.964939 -56.5355 0.00250799
19 0.964939 -56.5355 0.00250754
20 0.964939 -56.5355 0.00250713
21 0.964939 -56.5355 0.00250676
22 0.964939 -56.5355 0.0025064
23 0.964939 -56.5355 0.00250608
24 0.964939 -56.5355 0.00250576
25 0.964939 -56.5355 0.00250548
26 0.964939 -56.5355 0.00250519
27 0.964939 -56.5355 0.00250494
28 0.964939 -56.5355 0.00250468
29 0.964939 -56.5355 0.00250446
30 0.964939 -56.5355 0.00250423
31 0.964939 -56.5355 0.00250403
32 0.964939 -56.5355 0.00250382
33 0.964939 -56.5355 0.00250364
34 0.964939 -56.5355 0.00250345
35 0.964939 -56.5355 0.00250329
36 0.964939 -56.5355 0.00250312
37 0.964939 -56.5355 0.00250299
38 0.964939 -56.5355 0.00250285
39 0.964939 -56.5355 0.00250273
40 0.964939 -56.5355 0.0025026
41 0.964939 -56.5355 0.0025025
42 0.964939 -56.5355 0.00250238
43 0.964939 -56.5355 0.00250229
44 0.964939 -56.5355 0.00250219
45 0.964939 -56.5355 0.00250211
46 0.964939 -56.5355 0.00250202
47 0.964939 -56.5355 0.00250194
48 0.964939 -56.5355 0.00250186
49 0.964939 -56.5355 0.0025018
50 0.964939 -56.5355 0.00250174
51 0.964939 -56.5355 0.00250169
52 0.964939 -56.5355 0.00250164
53 0.964939 -56.5355 0.00250161
54 0.964939 -56.5355 0.00250157
55 0.964939 -56.5355 0.00250155
56 0.964939 -56.5355 0.00250152
57 0.964939 -56.5355 0.0025015
58 0.964939 -56.5355 0.00250148
59 0.964939 -56.5355 0.00250147
60 0.964939 -56.5355 0.00250145
61 0.964939 -56.5355 0.00250144
62 0.964939 -56.5355 0.00250142
63 0.964939 -56.5355 0.00250142
64 0.964939 -56.5355 0.0025014
65 0.964939 -56.5355 0.0025014
66 0.964939 -56.5355 0.00250139
67 0.964939 -56.5355 0.00250138
68 0.964939 -56.5355 0.00250137
69 0.964939 -56.5355 0.00250137
70 0.964939 -56.5355 0.00250136
71 0.964939 -56.5355 0.00250136
72 0.964939 -56.5355 0.00250135
73 0.964939 -56.5355 0.00250135
74 0.964939 -56.5355 0.00250133
75 0.964939 -56.5355 0.00250133
76 0.964939 -56.5355 0.00250132
77 0.964939 -56.5355 0.00250133
78 0.964939 -56.5355 0.00250132
79 0.964939 -56.5355 0.00250131
80 0.964939 -56.5355 0.00250131
81 0.964939 -56.5355 0.00250131
82 0.964939 -56.5355 0.0025013
83 0.964939 -56.5355 0.0025013
84 0.964939 -56.5355 0.00250129
85 0.964939 -56.5355 0.00250129
86 0.964939 -56.5355 0.00250128
87 0.964939 -56.5355 0.00250128
88 0.964939 -56.5355 0.00250127
89 0.964939 -56.5355 0.00250128
90 0.964939 -56.5355 0.00250127
91 0.964939 -56.5355 0.00250127
92 0.964939 -56.5355 0.00250126
93 0.964939 -56.5355 0.00250127
94 0.964939 -56.5355 0.00250126
95 0.964939 -56.5355 0.00250126
96 0.964939 -56.5355 0.00250125
97 0.964939 -56.5355 0.00250126
98 0.964939 -56.5355 0.00250125
99 0.964939 -56.5355 0.00250125
Initial energy of the MPS: -0.345757
# DMRG Sweep # Mid bond EE # Energy # Std #
0 0.00518378 30.2141 5.39346
1 0.711102 31.7422 0.0409681
2 0.697968 31.7492 0.0119815
3 0.723471 31.75 0.0038748
4 0.724139 31.7501 0.00161133
5 0.738886 31.7502 0.000836084
6 0.751919 31.7502 0.000710492
7 0.831558 31.7502 0.000463281
8 0.855922 31.7502 0.000505211
9 0.90738 31.7503 0.000408309
10 0.913308 31.7503 0.000467436
11 0.924892 31.7503 0.000434577
12 0.919287 31.7503 0.000407172
13 0.917544 31.7503 0.00038901
14 0.906837 31.7503 0.000352893
15 0.892158 31.7503 0.000386707
16 0.871216 31.7503 0.000366676
17 0.790108 31.7503 0.000358308
18 0.576012 31.7503 0.000339355
19 0.315528 31.7503 0.000277916
min energy  # max energy
-56.5355 31.7503
