Initial energy of the MPS: -0.0212319
# DMRG Sweep # Mid bond EE # Energy # Std #
0 0.0100873 -52.7551 13.2026
1 0.754317 -56.5336 0.0146096
2 0.935371 -56.5354 0.00334391
3 0.962552 -56.5355 0.00271783
4 0.964611 -56.5355 0.00273781
5 0.96483 -56.5355 0.00270212
6 0.964877 -56.5355 0.00264628
7 0.964899 -56.5355 0.00260128
8 0.964911 -56.5355 0.00257363
9 0.96492 -56.5355 0.00255396
10 0.964925 -56.5355 0.00253876
11 0.96493 -56.5355 0.00252956
12 0.964932 -56.5355 0.00252293
13 0.964934 -56.5355 0.00251804
14 0.964935 -56.5355 0.00251453
15 0.964936 -56.5355 0.00251195
16 0.964937 -56.5355 0.00250993
17 0.964937 -56.5355 0.00250864
18 0.964938 -56.5355 0.0025079
19 0.964938 -56.5355 0.00250735
20 0.964938 -56.5355 0.00250687
21 0.964938 -56.5355 0.00250646
22 0.964938 -56.5355 0.00250607
23 0.964938 -56.5355 0.00250573
24 0.964938 -56.5355 0.00250541
25 0.964938 -56.5355 0.00250513
26 0.964938 -56.5355 0.00250487
27 0.964938 -56.5355 0.00250463
28 0.964938 -56.5355 0.00250441
29 0.964938 -56.5355 0.00250421
30 0.964938 -56.5355 0.00250401
31 0.964938 -56.5355 0.00250383
32 0.964938 -56.5355 0.00250366
33 0.964938 -56.5355 0.00250351
34 0.964938 -56.5355 0.00250334
35 0.964938 -56.5355 0.0025032
36 0.964938 -56.5355 0.00250305
37 0.964938 -56.5355 0.00250293
38 0.964938 -56.5355 0.00250279
39 0.964938 -56.5355 0.00250269
40 0.964938 -56.5355 0.00250257
41 0.964938 -56.5355 0.00250248
42 0.964938 -56.5355 0.00250239
43 0.964938 -56.5355 0.00250231
44 0.964938 -56.5355 0.00250223
45 0.964938 -56.5355 0.00250218
46 0.964938 -56.5355 0.00250211
47 0.964938 -56.5355 0.00250207
48 0.964938 -56.5355 0.00250202
49 0.964938 -56.5355 0.00250199
50 0.964939 -56.5355 0.00250195
51 0.964939 -56.5355 0.00250192
52 0.964939 -56.5355 0.00250189
53 0.964939 -56.5355 0.00250187
54 0.964939 -56.5355 0.00250184
55 0.964939 -56.5355 0.00250182
56 0.964939 -56.5355 0.0025018
57 0.964939 -56.5355 0.00250178
58 0.964939 -56.5355 0.00250175
59 0.964939 -56.5355 0.00250174
60 0.964939 -56.5355 0.00250171
61 0.964939 -56.5355 0.00250168
62 0.964939 -56.5355 0.00250166
63 0.964939 -56.5355 0.00250164
64 0.964939 -56.5355 0.00250161
65 0.964939 -56.5355 0.00250159
66 0.964939 -56.5355 0.00250156
67 0.964939 -56.5355 0.00250154
68 0.964939 -56.5355 0.00250152
69 0.964939 -56.5355 0.00250151
70 0.964939 -56.5355 0.00250148
71 0.964939 -56.5355 0.00250148
72 0.964939 -56.5355 0.00250146
73 0.964939 -56.5355 0.00250145
74 0.964939 -56.5355 0.00250144
75 0.964939 -56.5355 0.00250143
76 0.964939 -56.5355 0.00250142
77 0.964939 -56.5355 0.00250142
78 0.964939 -56.5355 0.00250141
79 0.964939 -56.5355 0.00250141
80 0.964939 -56.5355 0.00250139
81 0.964939 -56.5355 0.00250139
82 0.964939 -56.5355 0.00250138
83 0.964939 -56.5355 0.00250138
84 0.964939 -56.5355 0.00250137
85 0.964939 -56.5355 0.00250138
86 0.964939 -56.5355 0.00250137
87 0.964939 -56.5355 0.00250137
88 0.964939 -56.5355 0.00250136
89 0.964939 -56.5355 0.00250135
90 0.964939 -56.5355 0.00250134
91 0.964939 -56.5355 0.00250134
92 0.964939 -56.5355 0.00250134
93 0.964939 -56.5355 0.00250134
94 0.964939 -56.5355 0.00250133
95 0.964939 -56.5355 0.00250133
96 0.964939 -56.5355 0.00250132
97 0.964939 -56.5355 0.00250132
98 0.964939 -56.5355 0.00250131
99 0.964939 -56.5355 0.00250131
Initial energy of the MPS: -0.345794
# DMRG Sweep # Mid bond EE # Energy # Std #
0 0.00685496 30.2056 5.39244
1 0.700217 31.7418 0.0412693
2 0.697194 31.7489 0.0118659
3 0.713302 31.7499 0.00415173
4 0.719305 31.75 0.00159593
5 0.770926 31.7501 0.000625749
6 0.697568 31.7501 0.000475473
7 0.716767 31.7501 0.000393515
8 0.747537 31.7501 0.000364127
9 0.823423 31.7501 0.000275842
min energy  # max energy
-56.5355 31.7501
