Initial energy of the MPS: -0.0212088
# DMRG Sweep # Mid bond EE # Energy # Std #
0 0.0100886 -52.7552 13.2026
1 0.754242 -56.5336 0.0146038
2 0.935279 -56.5354 0.00334753
3 0.962547 -56.5355 0.00271519
4 0.96461 -56.5355 0.0027319
5 0.964832 -56.5355 0.00269755
6 0.964879 -56.5355 0.00264432
7 0.9649 -56.5355 0.00259908
8 0.964912 -56.5355 0.00257089
9 0.964921 -56.5355 0.00255098
10 0.964926 -56.5355 0.00253447
11 0.964932 -56.5355 0.00252388
12 0.964934 -56.5355 0.00251802
13 0.964936 -56.5355 0.00251446
14 0.964937 -56.5355 0.0025119
15 0.964938 -56.5355 0.00250994
16 0.964939 -56.5355 0.00250871
17 0.964939 -56.5355 0.00250805
18 0.964939 -56.5355 0.00250757
19 0.964939 -56.5355 0.00250717
20 0.964939 -56.5355 0.00250679
21 0.964939 -56.5355 0.00250645
22 0.964939 -56.5355 0.00250612
23 0.964939 -56.5355 0.00250582
24 0.964939 -56.5355 0.00250552
25 0.964939 -56.5355 0.00250525
26 0.964939 -56.5355 0.00250499
27 0.964939 -56.5355 0.00250475
28 0.964939 -56.5355 0.00250451
29 0.964939 -56.5355 0.00250431
30 0.964939 -56.5355 0.00250409
31 0.964939 -56.5355 0.00250391
32 0.964939 -56.5355 0.00250373
33 0.964939 -56.5355 0.00250356
34 0.964939 -56.5355 0.0025034
35 0.964939 -56.5355 0.00250325
36 0.964939 -56.5355 0.0025031
37 0.964939 -56.5355 0.00250298
38 0.964939 -56.5355 0.00250284
39 0.964939 -56.5355 0.00250273
40 0.964939 -56.5355 0.00250261
41 0.964939 -56.5355 0.00250251
42 0.964939 -56.5355 0.00250241
43 0.964939 -56.5355 0.00250233
44 0.964939 -56.5355 0.00250224
45 0.964939 -56.5355 0.00250216
46 0.964939 -56.5355 0.00250209
47 0.964939 -56.5355 0.00250203
48 0.964939 -56.5355 0.00250196
49 0.964939 -56.5355 0.00250192
50 0.964939 -56.5355 0.00250186
51 0.964939 -56.5355 0.00250182
52 0.964939 -56.5355 0.00250177
53 0.964939 -56.5355 0.00250173
54 0.964939 -56.5355 0.00250169
55 0.964939 -56.5355 0.00250166
56 0.964939 -56.5355 0.00250161
57 0.964939 -56.5355 0.00250158
58 0.964939 -56.5355 0.00250155
59 0.96494 -56.5355 0.00250152
60 0.96494 -56.5355 0.00250149
61 0.96494 -56.5355 0.00250147
62 0.96494 -56.5355 0.00250145
63 0.96494 -56.5355 0.00250144
64 0.96494 -56.5355 0.00250141
65 0.96494 -56.5355 0.0025014
66 0.96494 -56.5355 0.00250139
67 0.96494 -56.5355 0.00250138
68 0.96494 -56.5355 0.00250136
69 0.96494 -56.5355 0.00250136
70 0.96494 -56.5355 0.00250135
71 0.96494 -56.5355 0.00250135
72 0.96494 -56.5355 0.00250133
73 0.96494 -56.5355 0.00250133
74 0.96494 -56.5355 0.00250132
75 0.96494 -56.5355 0.00250132
76 0.96494 -56.5355 0.0025013
77 0.96494 -56.5355 0.00250131
78 0.96494 -56.5355 0.00250129
79 0.96494 -56.5355 0.00250129
80 0.96494 -56.5355 0.00250128
81 0.96494 -56.5355 0.00250128
82 0.96494 -56.5355 0.00250127
83 0.96494 -56.5355 0.00250127
84 0.96494 -56.5355 0.00250127
85 0.96494 -56.5355 0.00250127
86 0.96494 -56.5355 0.00250125
87 0.96494 -56.5355 0.00250126
88 0.96494 -56.5355 0.00250125
89 0.96494 -56.5355 0.00250125
90 0.96494 -56.5355 0.00250124
91 0.96494 -56.5355 0.00250125
92 0.96494 -56.5355 0.00250123
93 0.96494 -56.5355 0.00250124
94 0.96494 -56.5355 0.00250123
95 0.96494 -56.5355 0.00250123
96 0.96494 -56.5355 0.00250122
97 0.96494 -56.5355 0.00250123
98 0.96494 -56.5355 0.00250122
99 0.96494 -56.5355 0.00250122
Initial energy of the MPS: -0.34582
# DMRG Sweep # Mid bond EE # Energy # Std #
0 0.00679534 30.2038 5.393
1 0.701076 31.742 0.0410545
2 0.695946 31.7491 0.0115079
3 0.705669 31.7498 0.00371802
4 0.714871 31.75 0.00148905
5 0.774736 31.75 0.000327822
6 0.77573 31.75 8.39653e-05
min energy  # max energy
-56.5355 31.75
