Initial energy of the MPS: -0.0212392
# DMRG Sweep # Mid bond EE # Energy # Std #
0 0.0100878 -52.7548 13.2025
1 0.754386 -56.5336 0.0145916
2 0.935351 -56.5354 0.00335621
3 0.96254 -56.5355 0.00271602
4 0.964612 -56.5355 0.00273174
5 0.964832 -56.5355 0.00269621
6 0.96488 -56.5355 0.00264222
7 0.964901 -56.5355 0.00259869
8 0.964913 -56.5355 0.00257143
9 0.964921 -56.5355 0.00255153
10 0.964927 -56.5355 0.00253504
11 0.964932 -56.5355 0.00252397
12 0.964935 -56.5355 0.00251815
13 0.964937 -56.5355 0.00251412
14 0.964938 -56.5355 0.00251076
15 0.964939 -56.5355 0.00250878
16 0.964939 -56.5355 0.00250788
17 0.964939 -56.5355 0.00250735
18 0.964939 -56.5355 0.00250691
19 0.964939 -56.5355 0.00250655
20 0.96494 -56.5355 0.00250621
21 0.96494 -56.5355 0.00250591
22 0.96494 -56.5355 0.00250562
23 0.96494 -56.5355 0.00250536
24 0.96494 -56.5355 0.00250509
25 0.96494 -56.5355 0.00250485
26 0.96494 -56.5355 0.00250461
27 0.96494 -56.5355 0.00250439
28 0.96494 -56.5355 0.00250417
29 0.96494 -56.5355 0.00250397
30 0.96494 -56.5355 0.00250376
31 0.96494 -56.5355 0.00250358
32 0.96494 -56.5355 0.00250338
33 0.96494 -56.5355 0.00250322
34 0.96494 -56.5355 0.00250304
35 0.96494 -56.5355 0.00250289
36 0.96494 -56.5355 0.00250273
37 0.96494 -56.5355 0.0025026
38 0.96494 -56.5355 0.00250245
39 0.96494 -56.5355 0.00250234
40 0.96494 -56.5355 0.00250221
41 0.96494 -56.5355 0.00250212
42 0.96494 -56.5355 0.00250202
43 0.96494 -56.5355 0.00250195
44 0.96494 -56.5355 0.00250188
45 0.96494 -56.5355 0.00250182
46 0.96494 -56.5355 0.00250176
47 0.96494 -56.5355 0.00250172
48 0.96494 -56.5355 0.00250168
49 0.96494 -56.5355 0.00250165
50 0.96494 -56.5355 0.00250161
51 0.96494 -56.5355 0.00250159
52 0.96494 -56.5355 0.00250156
53 0.96494 -56.5355 0.00250154
54 0.96494 -56.5355 0.00250151
55 0.96494 -56.5355 0.0025015
56 0.96494 -56.5355 0.00250147
57 0.96494 -56.5355 0.00250146
58 0.96494 -56.5355 0.00250142
59 0.96494 -56.5355 0.00250141
60 0.96494 -56.5355 0.00250138
61 0.96494 -56.5355 0.00250136
62 0.96494 -56.5355 0.00250133
63 0.96494 -56.5355 0.00250131
64 0.96494 -56.5355 0.00250127
65 0.96494 -56.5355 0.00250125
66 0.96494 -56.5355 0.00250121
67 0.96494 -56.5355 0.00250118
68 0.96494 -56.5355 0.00250114
69 0.96494 -56.5355 0.00250112
70 0.96494 -56.5355 0.00250108
71 0.96494 -56.5355 0.00250106
72 0.96494 -56.5355 0.00250102
73 0.96494 -56.5355 0.00250101
74 0.96494 -56.5355 0.00250098
75 0.96494 -56.5355 0.00250097
76 0.96494 -56.5355 0.00250095
77 0.96494 -56.5355 0.00250094
78 0.96494 -56.5355 0.00250092
79 0.96494 -56.5355 0.00250092
80 0.96494 -56.5355 0.00250091
81 0.96494 -56.5355 0.0025009
82 0.96494 -56.5355 0.00250089
83 0.96494 -56.5355 0.00250089
84 0.96494 -56.5355 0.00250088
85 0.96494 -56.5355 0.00250088
86 0.96494 -56.5355 0.00250087
87 0.96494 -56.5355 0.00250087
88 0.96494 -56.5355 0.00250086
89 0.96494 -56.5355 0.00250086
90 0.96494 -56.5355 0.00250085
91 0.96494 -56.5355 0.00250086
92 0.96494 -56.5355 0.00250084
93 0.96494 -56.5355 0.00250085
94 0.96494 -56.5355 0.00250084
95 0.96494 -56.5355 0.00250084
96 0.96494 -56.5355 0.00250084
97 0.96494 -56.5355 0.00250084
98 0.96494 -56.5355 0.00250083
99 0.96494 -56.5355 0.00250083
Initial energy of the MPS: -0.345733
# DMRG Sweep # Mid bond EE # Energy # Std #
0 0.00693485 30.2082 5.39169
1 0.703199 31.7418 0.0402762
2 0.696036 31.7489 0.0116505
3 0.715819 31.7499 0.0044042
4 0.718319 31.7501 0.00155407
5 0.750823 31.7501 0.000775043
6 0.713366 31.7501 0.000705313
7 0.770279 31.7501 0.00053822
8 0.811686 31.7502 0.000436813
9 0.866064 31.7502 0.000414812
10 0.905616 31.7502 0.000327357
11 0.936303 31.7502 0.000341047
12 0.94161 31.7502 0.000398627
13 0.93279 31.7502 0.000264856
min energy  # max energy
-56.5355 31.7502
