Initial energy of the MPS: -0.0212782
# DMRG Sweep # Mid bond EE # Energy # Std #
0 0.0100872 -52.7535 13.2022
1 0.754288 -56.5336 0.014599
2 0.935344 -56.5354 0.00335187
3 0.962539 -56.5355 0.00271515
4 0.964611 -56.5355 0.00273221
5 0.964831 -56.5355 0.00269788
6 0.964878 -56.5355 0.00264363
7 0.964899 -56.5355 0.00259949
8 0.964911 -56.5355 0.00257293
9 0.964919 -56.5355 0.00255391
10 0.964925 -56.5355 0.00253701
11 0.964931 -56.5355 0.0025257
12 0.964933 -56.5355 0.0025197
13 0.964935 -56.5355 0.00251584
14 0.964936 -56.5355 0.00251328
15 0.964937 -56.5355 0.00251155
16 0.964937 -56.5355 0.00251002
17 0.964938 -56.5355 0.002509
18 0.964938 -56.5355 0.00250839
19 0.964938 -56.5355 0.00250791
20 0.964938 -56.5355 0.00250748
21 0.964938 -56.5355 0.00250709
22 0.964938 -56.5355 0.00250673
23 0.964938 -56.5355 0.0025064
24 0.964938 -56.5355 0.00250608
25 0.964938 -56.5355 0.00250579
26 0.964938 -56.5355 0.00250551
27 0.964938 -56.5355 0.00250526
28 0.964938 -56.5355 0.00250502
29 0.964938 -56.5355 0.0025048
30 0.964938 -56.5355 0.00250458
31 0.964938 -56.5355 0.00250439
32 0.964938 -56.5355 0.00250419
33 0.964938 -56.5355 0.00250401
34 0.964938 -56.5355 0.00250383
35 0.964938 -56.5355 0.00250368
36 0.964938 -56.5355 0.00250351
37 0.964938 -56.5355 0.00250338
38 0.964938 -56.5355 0.00250323
39 0.964938 -56.5355 0.00250312
40 0.964938 -56.5355 0.00250299
41 0.964938 -56.5355 0.0025029
42 0.964938 -56.5355 0.0025028
43 0.964938 -56.5355 0.00250274
44 0.964938 -56.5355 0.00250265
45 0.964938 -56.5355 0.00250259
46 0.964938 -56.5355 0.00250252
47 0.964938 -56.5355 0.00250246
48 0.964939 -56.5355 0.0025024
49 0.964939 -56.5355 0.00250236
50 0.964939 -56.5355 0.0025023
51 0.964939 -56.5355 0.00250226
52 0.964939 -56.5355 0.00250221
53 0.964939 -56.5355 0.00250216
54 0.964939 -56.5355 0.00250212
55 0.964939 -56.5355 0.00250208
56 0.964939 -56.5355 0.00250203
57 0.964939 -56.5355 0.002502
58 0.964939 -56.5355 0.00250197
59 0.964939 -56.5355 0.00250195
60 0.964939 -56.5355 0.00250192
61 0.964939 -56.5355 0.0025019
62 0.964939 -56.5355 0.00250188
63 0.964939 -56.5355 0.00250186
64 0.964939 -56.5355 0.00250183
65 0.964939 -56.5355 0.00250183
66 0.964939 -56.5355 0.00250181
67 0.964939 -56.5355 0.0025018
68 0.964939 -56.5355 0.00250179
69 0.964939 -56.5355 0.00250178
70 0.964939 -56.5355 0.00250176
71 0.964939 -56.5355 0.00250176
72 0.964939 -56.5355 0.00250175
73 0.964939 -56.5355 0.00250174
74 0.964939 -56.5355 0.00250173
75 0.964939 -56.5355 0.00250173
76 0.964939 -56.5355 0.00250171
77 0.964939 -56.5355 0.00250171
78 0.964939 -56.5355 0.0025017
79 0.964939 -56.5355 0.0025017
80 0.964939 -56.5355 0.00250169
81 0.964939 -56.5355 0.00250169
82 0.964939 -56.5355 0.00250167
83 0.964939 -56.5355 0.00250168
84 0.964939 -56.5355 0.00250166
85 0.964939 -56.5355 0.00250166
86 0.964939 -56.5355 0.00250165
87 0.964939 -56.5355 0.00250166
88 0.964939 -56.5355 0.00250164
89 0.964939 -56.5355 0.00250164
90 0.964939 -56.5355 0.00250163
91 0.964939 -56.5355 0.00250164
92 0.964939 -56.5355 0.00250162
93 0.964939 -56.5355 0.00250162
94 0.964939 -56.5355 0.00250161
95 0.964939 -56.5355 0.00250162
96 0.964939 -56.5355 0.0025016
97 0.964939 -56.5355 0.00250161
98 0.964939 -56.5355 0.0025016
99 0.964939 -56.5355 0.0025016
Initial energy of the MPS: -0.345827
# DMRG Sweep # Mid bond EE # Energy # Std #
0 0.00670287 30.2069 5.39237
1 0.697752 31.7416 0.0408315
2 0.696252 31.7489 0.0116262
3 0.711981 31.7498 0.00408819
4 0.719003 31.75 0.00143624
5 0.784295 31.75 0.000560163
6 0.770833 31.75 0.000273287
min energy  # max energy
-56.5355 31.75
