Initial energy of the MPS: -0.0212578
# DMRG Sweep # Mid bond EE # Energy # Std #
0 0.0100888 -52.7539 13.2023
1 0.754273 -56.5336 0.0146343
2 0.93533 -56.5354 0.00335643
3 0.962543 -56.5355 0.002716
4 0.964609 -56.5355 0.00273215
5 0.96483 -56.5355 0.00269754
6 0.964878 -56.5355 0.00264537
7 0.964898 -56.5355 0.00260234
8 0.96491 -56.5355 0.00257461
9 0.964918 -56.5355 0.00255569
10 0.964923 -56.5355 0.00253912
11 0.964929 -56.5355 0.0025266
12 0.964932 -56.5355 0.00251931
13 0.964935 -56.5355 0.00251503
14 0.964936 -56.5355 0.00251218
15 0.964936 -56.5355 0.00251007
16 0.964937 -56.5355 0.00250879
17 0.964937 -56.5355 0.00250807
18 0.964937 -56.5355 0.00250755
19 0.964937 -56.5355 0.00250712
20 0.964937 -56.5355 0.00250671
21 0.964938 -56.5355 0.00250635
22 0.964938 -56.5355 0.00250599
23 0.964938 -56.5355 0.00250567
24 0.964938 -56.5355 0.00250536
25 0.964938 -56.5355 0.00250507
26 0.964938 -56.5355 0.00250479
27 0.964938 -56.5355 0.00250453
28 0.964938 -56.5355 0.00250428
29 0.964938 -56.5355 0.00250406
30 0.964938 -56.5355 0.00250383
31 0.964938 -56.5355 0.00250363
32 0.964938 -56.5355 0.00250343
33 0.964938 -56.5355 0.00250326
34 0.964938 -56.5355 0.00250309
35 0.964938 -56.5355 0.00250294
36 0.964938 -56.5355 0.00250281
37 0.964938 -56.5355 0.00250268
38 0.964938 -56.5355 0.00250256
39 0.964938 -56.5355 0.00250246
40 0.964938 -56.5355 0.00250236
41 0.964938 -56.5355 0.00250228
42 0.964938 -56.5355 0.00250219
43 0.964938 -56.5355 0.00250213
44 0.964938 -56.5355 0.00250205
45 0.964938 -56.5355 0.00250199
46 0.964938 -56.5355 0.00250192
47 0.964938 -56.5355 0.00250187
48 0.964938 -56.5355 0.00250182
49 0.964938 -56.5355 0.00250177
50 0.964938 -56.5355 0.00250172
51 0.964938 -56.5355 0.00250169
52 0.964938 -56.5355 0.00250165
53 0.964938 -56.5355 0.00250162
54 0.964938 -56.5355 0.00250159
55 0.964938 -56.5355 0.00250157
56 0.964938 -56.5355 0.00250155
57 0.964938 -56.5355 0.00250154
58 0.964938 -56.5355 0.00250152
59 0.964938 -56.5355 0.00250151
60 0.964938 -56.5355 0.00250149
61 0.964938 -56.5355 0.00250149
62 0.964938 -56.5355 0.00250147
63 0.964938 -56.5355 0.00250147
64 0.964938 -56.5355 0.00250145
65 0.964938 -56.5355 0.00250144
66 0.964938 -56.5355 0.00250143
67 0.964938 -56.5355 0.00250143
68 0.964938 -56.5355 0.00250142
69 0.964938 -56.5355 0.00250142
70 0.964938 -56.5355 0.0025014
71 0.964938 -56.5355 0.00250141
72 0.964938 -56.5355 0.0025014
73 0.964938 -56.5355 0.00250139
74 0.964938 -56.5355 0.00250139
75 0.964938 -56.5355 0.00250138
76 0.964938 -56.5355 0.00250138
77 0.964938 -56.5355 0.00250138
78 0.964938 -56.5355 0.00250136
79 0.964938 -56.5355 0.00250136
80 0.964938 -56.5355 0.00250136
81 0.964938 -56.5355 0.00250135
82 0.964938 -56.5355 0.00250135
83 0.964938 -56.5355 0.00250135
84 0.964938 -56.5355 0.00250134
85 0.964938 -56.5355 0.00250134
86 0.964938 -56.5355 0.00250133
87 0.964938 -56.5355 0.00250133
88 0.964938 -56.5355 0.00250132
89 0.964938 -56.5355 0.00250133
90 0.964938 -56.5355 0.00250132
91 0.964938 -56.5355 0.00250132
92 0.964938 -56.5355 0.00250131
93 0.964938 -56.5355 0.00250131
94 0.964938 -56.5355 0.0025013
95 0.964938 -56.5355 0.00250131
96 0.964938 -56.5355 0.0025013
97 0.964938 -56.5355 0.0025013
98 0.964938 -56.5355 0.00250129
99 0.964938 -56.5355 0.0025013
Initial energy of the MPS: -0.345842
# DMRG Sweep # Mid bond EE # Energy # Std #
0 0.00685513 30.2112 5.39244
1 0.698021 31.7414 0.0408966
2 0.696304 31.749 0.0124
3 0.713331 31.7499 0.00403809
4 0.715911 31.75 0.00138164
5 0.754423 31.7501 0.000498647
6 0.699895 31.7501 0.000473165
7 0.762837 31.7501 0.000378908
8 0.778441 31.7501 0.000328631
9 0.851388 31.7501 0.000222995
min energy  # max energy
-56.5355 31.7501
