Initial energy of the MPS: -0.0212224
# DMRG Sweep # Mid bond EE # Energy # Std #
0 0.0100874 -52.7551 13.2026
1 0.754274 -56.5336 0.0145935
2 0.935326 -56.5354 0.00334595
3 0.962548 -56.5355 0.00271817
4 0.964611 -56.5355 0.00273367
5 0.964832 -56.5355 0.00269856
6 0.964879 -56.5355 0.00264506
7 0.964901 -56.5355 0.00259936
8 0.964913 -56.5355 0.00256999
9 0.964921 -56.5355 0.00254967
10 0.964927 -56.5355 0.00253429
11 0.964932 -56.5355 0.00252517
12 0.964934 -56.5355 0.00251948
13 0.964936 -56.5355 0.00251591
14 0.964937 -56.5355 0.00251336
15 0.964938 -56.5355 0.00251056
16 0.964939 -56.5355 0.00250873
17 0.964939 -56.5355 0.00250787
18 0.964939 -56.5355 0.00250735
19 0.964939 -56.5355 0.00250693
20 0.964939 -56.5355 0.00250654
21 0.964939 -56.5355 0.00250621
22 0.964939 -56.5355 0.00250588
23 0.964939 -56.5355 0.0025056
24 0.964939 -56.5355 0.00250532
25 0.964939 -56.5355 0.00250508
26 0.964939 -56.5355 0.00250485
27 0.96494 -56.5355 0.00250465
28 0.96494 -56.5355 0.00250445
29 0.96494 -56.5355 0.00250428
30 0.96494 -56.5355 0.00250412
31 0.96494 -56.5355 0.00250397
32 0.96494 -56.5355 0.00250382
33 0.96494 -56.5355 0.00250368
34 0.96494 -56.5355 0.00250354
35 0.96494 -56.5355 0.00250341
36 0.96494 -56.5355 0.00250327
37 0.96494 -56.5355 0.00250315
38 0.96494 -56.5355 0.00250301
39 0.96494 -56.5355 0.00250288
40 0.96494 -56.5355 0.00250275
41 0.96494 -56.5355 0.00250264
42 0.96494 -56.5355 0.00250251
43 0.96494 -56.5355 0.00250241
44 0.96494 -56.5355 0.00250229
45 0.96494 -56.5355 0.0025022
46 0.96494 -56.5355 0.0025021
47 0.96494 -56.5355 0.00250202
48 0.96494 -56.5355 0.00250193
49 0.96494 -56.5355 0.00250187
50 0.96494 -56.5355 0.00250181
51 0.96494 -56.5355 0.00250176
52 0.96494 -56.5355 0.0025017
53 0.96494 -56.5355 0.00250166
54 0.96494 -56.5355 0.0025016
55 0.96494 -56.5355 0.00250157
56 0.96494 -56.5355 0.00250153
57 0.96494 -56.5355 0.0025015
58 0.96494 -56.5355 0.00250146
59 0.96494 -56.5355 0.00250144
60 0.96494 -56.5355 0.00250141
61 0.96494 -56.5355 0.00250139
62 0.96494 -56.5355 0.00250136
63 0.96494 -56.5355 0.00250136
64 0.96494 -56.5355 0.00250133
65 0.96494 -56.5355 0.00250133
66 0.96494 -56.5355 0.0025013
67 0.96494 -56.5355 0.0025013
68 0.96494 -56.5355 0.00250129
69 0.96494 -56.5355 0.00250128
70 0.96494 -56.5355 0.00250126
71 0.96494 -56.5355 0.00250127
72 0.96494 -56.5355 0.00250125
73 0.96494 -56.5355 0.00250125
74 0.96494 -56.5355 0.00250123
75 0.96494 -56.5355 0.00250124
76 0.96494 -56.5355 0.00250122
77 0.96494 -56.5355 0.00250122
78 0.96494 -56.5355 0.00250121
79 0.96494 -56.5355 0.00250121
80 0.96494 -56.5355 0.00250119
81 0.96494 -56.5355 0.0025012
82 0.96494 -56.5355 0.00250118
83 0.96494 -56.5355 0.00250118
84 0.96494 -56.5355 0.00250117
85 0.96494 -56.5355 0.00250117
86 0.96494 -56.5355 0.00250116
87 0.96494 -56.5355 0.00250116
88 0.96494 -56.5355 0.00250116
89 0.96494 -56.5355 0.00250115
90 0.96494 -56.5355 0.00250114
91 0.96494 -56.5355 0.00250114
92 0.96494 -56.5355 0.00250113
93 0.96494 -56.5355 0.00250114
94 0.96494 -56.5355 0.00250113
95 0.96494 -56.5355 0.00250112
96 0.96494 -56.5355 0.00250112
97 0.96494 -56.5355 0.00250112
98 0.96494 -56.5355 0.00250111
99 0.96494 -56.5355 0.00250112
Initial energy of the MPS: -0.345861
# DMRG Sweep # Mid bond EE # Energy # Std #
0 0.0075228 30.1897 5.39113
1 0.699393 31.741 0.0443914
2 0.695555 31.7488 0.0121609
3 0.718851 31.7497 0.00405672
4 0.708896 31.7498 0.00195792
5 0.749404 31.7499 0.00166992
6 0.851195 31.75 0.00115822
7 0.864139 31.7501 0.00125883
8 0.889039 31.7502 0.00129774
9 0.898231 31.7502 0.000992867
10 0.91105 31.7503 0.000906604
11 0.924427 31.7504 0.000841269
12 0.931032 31.7504 0.00081948
13 0.925834 31.7505 0.00074666
14 0.91637 31.7505 0.00070152
15 0.91903 31.7506 0.000674381
16 0.891244 31.7506 0.000694736
17 0.900043 31.7506 0.000599135
18 0.888359 31.7506 0.000490388
19 0.885822 31.7507 0.000511606
20 0.838226 31.7507 0.0006309
21 0.69602 31.7507 0.00064789
22 0.187555 31.7507 0.000174974
min energy  # max energy
-56.5355 31.7507
