Initial energy of the MPS: -0.0212325
# DMRG Sweep # Mid bond EE # Energy # Std #
0 0.0100877 -52.7545 13.2025
1 0.754263 -56.5336 0.0146211
2 0.935385 -56.5354 0.00334743
3 0.962548 -56.5355 0.00271613
4 0.964609 -56.5355 0.00273293
5 0.964829 -56.5355 0.00269805
6 0.964876 -56.5355 0.00264381
7 0.964898 -56.5355 0.00259819
8 0.96491 -56.5355 0.00257
9 0.964918 -56.5355 0.00255044
10 0.964924 -56.5355 0.00253493
11 0.964929 -56.5355 0.00252497
12 0.964931 -56.5355 0.00251893
13 0.964933 -56.5355 0.0025151
14 0.964934 -56.5355 0.00251203
15 0.964935 -56.5355 0.00250993
16 0.964936 -56.5355 0.00250888
17 0.964936 -56.5355 0.00250828
18 0.964936 -56.5355 0.00250781
19 0.964936 -56.5355 0.0025074
20 0.964936 -56.5355 0.00250701
21 0.964936 -56.5355 0.00250667
22 0.964936 -56.5355 0.00250633
23 0.964936 -56.5355 0.00250603
24 0.964936 -56.5355 0.00250574
25 0.964936 -56.5355 0.00250549
26 0.964936 -56.5355 0.00250523
27 0.964936 -56.5355 0.00250501
28 0.964936 -56.5355 0.0025048
29 0.964936 -56.5355 0.00250461
30 0.964936 -56.5355 0.00250443
31 0.964936 -56.5355 0.00250427
32 0.964936 -56.5355 0.00250411
33 0.964936 -56.5355 0.00250397
34 0.964936 -56.5355 0.00250382
35 0.964936 -56.5355 0.0025037
36 0.964936 -56.5355 0.00250356
37 0.964936 -56.5355 0.00250345
38 0.964936 -56.5355 0.00250334
39 0.964936 -56.5355 0.00250324
40 0.964936 -56.5355 0.00250314
41 0.964936 -56.5355 0.00250306
42 0.964936 -56.5355 0.00250298
43 0.964936 -56.5355 0.00250291
44 0.964936 -56.5355 0.00250284
45 0.964936 -56.5355 0.00250278
46 0.964936 -56.5355 0.00250272
47 0.964936 -56.5355 0.00250267
48 0.964936 -56.5355 0.00250262
49 0.964936 -56.5355 0.00250257
50 0.964936 -56.5355 0.00250252
51 0.964936 -56.5355 0.00250248
52 0.964936 -56.5355 0.00250243
53 0.964936 -56.5355 0.0025024
54 0.964936 -56.5355 0.00250236
55 0.964936 -56.5355 0.00250234
56 0.964936 -56.5355 0.0025023
57 0.964936 -56.5355 0.00250228
58 0.964936 -56.5355 0.00250224
59 0.964936 -56.5355 0.00250223
60 0.964936 -56.5355 0.00250219
61 0.964936 -56.5355 0.00250217
62 0.964936 -56.5355 0.00250212
63 0.964936 -56.5355 0.0025021
64 0.964937 -56.5355 0.00250206
65 0.964937 -56.5355 0.00250203
66 0.964937 -56.5355 0.00250199
67 0.964937 -56.5355 0.00250197
68 0.964937 -56.5355 0.00250193
69 0.964937 -56.5355 0.0025019
70 0.964937 -56.5355 0.00250187
71 0.964937 -56.5355 0.00250185
72 0.964937 -56.5355 0.00250182
73 0.964937 -56.5355 0.00250181
74 0.964937 -56.5355 0.00250179
75 0.964937 -56.5355 0.00250179
76 0.964937 -56.5355 0.00250177
77 0.964937 -56.5355 0.00250176
78 0.964937 -56.5355 0.00250175
79 0.964937 -56.5355 0.00250175
80 0.964937 -56.5355 0.00250174
81 0.964937 -56.5355 0.00250173
82 0.964937 -56.5355 0.00250172
83 0.964937 -56.5355 0.00250172
84 0.964937 -56.5355 0.00250171
85 0.964937 -56.5355 0.00250171
86 0.964937 -56.5355 0.00250171
87 0.964937 -56.5355 0.0025017
88 0.964937 -56.5355 0.00250169
89 0.964937 -56.5355 0.0025017
90 0.964937 -56.5355 0.00250169
91 0.964937 -56.5355 0.00250169
92 0.964937 -56.5355 0.00250167
93 0.964937 -56.5355 0.00250167
94 0.964937 -56.5355 0.00250167
95 0.964937 -56.5355 0.00250167
96 0.964937 -56.5355 0.00250166
97 0.964937 -56.5355 0.00250166
98 0.964937 -56.5355 0.00250166
99 0.964937 -56.5355 0.00250166
Initial energy of the MPS: -0.345816
# DMRG Sweep # Mid bond EE # Energy # Std #
0 0.00668771 30.2039 5.3931
1 0.710765 31.7416 0.0405079
2 0.695322 31.7488 0.0123551
3 0.711921 31.7497 0.00387314
4 0.706049 31.7499 0.00182193
5 0.72106 31.7499 0.00127298
6 0.8074 31.75 0.000937145
7 0.853482 31.75 0.000775823
8 0.926362 31.75 0.000695387
9 0.932241 31.7501 0.000710148
10 0.960808 31.7501 0.000664591
11 0.954803 31.7501 0.000655345
12 0.969091 31.7502 0.000688465
13 0.961128 31.7502 0.000694739
14 0.976566 31.7502 0.000616774
15 0.966568 31.7503 0.000583672
16 0.971481 31.7503 0.00062407
17 0.965293 31.7503 0.0005925
18 0.957133 31.7503 0.000480177
19 0.954842 31.7504 0.000433947
20 0.958495 31.7504 0.000390909
21 0.949492 31.7504 0.000361521
22 0.950976 31.7504 0.00030774
min energy  # max energy
-56.5355 31.7504
