Initial energy of the MPS: -0.021263
# DMRG Sweep # Mid bond EE # Energy # Std #
0 0.010089 -52.754 13.2023
1 0.754111 -56.5336 0.014621
2 0.935156 -56.5354 0.0033571
3 0.962535 -56.5355 0.00271509
4 0.96461 -56.5355 0.00273173
5 0.964832 -56.5355 0.00269665
6 0.964879 -56.5355 0.00264458
7 0.9649 -56.5355 0.00260144
8 0.964912 -56.5355 0.00257353
9 0.96492 -56.5355 0.00255408
10 0.964925 -56.5355 0.00253713
11 0.964931 -56.5355 0.00252479
12 0.964934 -56.5355 0.00251786
13 0.964937 -56.5355 0.00251393
14 0.964938 -56.5355 0.00251111
15 0.964939 -56.5355 0.00250906
16 0.964939 -56.5355 0.00250794
17 0.964939 -56.5355 0.00250728
18 0.964939 -56.5355 0.00250677
19 0.964939 -56.5355 0.00250634
20 0.964939 -56.5355 0.00250593
21 0.96494 -56.5355 0.00250556
22 0.96494 -56.5355 0.00250521
23 0.96494 -56.5355 0.00250489
24 0.96494 -56.5355 0.00250457
25 0.96494 -56.5355 0.00250429
26 0.96494 -56.5355 0.00250401
27 0.96494 -56.5355 0.00250376
28 0.96494 -56.5355 0.00250352
29 0.96494 -56.5355 0.0025033
30 0.96494 -56.5355 0.0025031
31 0.96494 -56.5355 0.00250291
32 0.96494 -56.5355 0.00250274
33 0.96494 -56.5355 0.00250259
34 0.96494 -56.5355 0.00250244
35 0.96494 -56.5355 0.00250232
36 0.96494 -56.5355 0.0025022
37 0.96494 -56.5355 0.00250211
38 0.96494 -56.5355 0.00250201
39 0.96494 -56.5355 0.00250193
40 0.96494 -56.5355 0.00250184
41 0.96494 -56.5355 0.00250179
42 0.96494 -56.5355 0.00250173
43 0.96494 -56.5355 0.00250168
44 0.96494 -56.5355 0.00250162
45 0.96494 -56.5355 0.00250157
46 0.96494 -56.5355 0.00250152
47 0.96494 -56.5355 0.00250148
48 0.96494 -56.5355 0.00250143
49 0.96494 -56.5355 0.00250141
50 0.96494 -56.5355 0.00250136
51 0.96494 -56.5355 0.00250134
52 0.96494 -56.5355 0.00250131
53 0.96494 -56.5355 0.0025013
54 0.96494 -56.5355 0.00250126
55 0.96494 -56.5355 0.00250125
56 0.96494 -56.5355 0.00250123
57 0.96494 -56.5355 0.00250122
58 0.96494 -56.5355 0.00250121
59 0.96494 -56.5355 0.0025012
60 0.96494 -56.5355 0.00250118
61 0.96494 -56.5355 0.00250118
62 0.96494 -56.5355 0.00250116
63 0.96494 -56.5355 0.00250116
64 0.96494 -56.5355 0.00250115
65 0.96494 -56.5355 0.00250115
66 0.96494 -56.5355 0.00250114
67 0.96494 -56.5355 0.00250114
68 0.96494 -56.5355 0.00250112
69 0.96494 -56.5355 0.00250112
70 0.96494 -56.5355 0.00250112
71 0.96494 -56.5355 0.00250111
72 0.96494 -56.5355 0.0025011
73 0.96494 -56.5355 0.0025011
74 0.96494 -56.5355 0.0025011
75 0.96494 -56.5355 0.00250109
76 0.96494 -56.5355 0.00250109
77 0.96494 -56.5355 0.00250109
78 0.96494 -56.5355 0.00250107
79 0.96494 -56.5355 0.00250108
80 0.96494 -56.5355 0.00250107
81 0.96494 -56.5355 0.00250107
82 0.96494 -56.5355 0.00250106
83 0.96494 -56.5355 0.00250107
84 0.96494 -56.5355 0.00250106
85 0.96494 -56.5355 0.00250106
86 0.96494 -56.5355 0.00250105
87 0.96494 -56.5355 0.00250105
88 0.96494 -56.5355 0.00250105
89 0.96494 -56.5355 0.00250105
90 0.96494 -56.5355 0.00250104
91 0.96494 -56.5355 0.00250104
92 0.96494 -56.5355 0.00250103
93 0.96494 -56.5355 0.00250103
94 0.96494 -56.5355 0.00250103
95 0.96494 -56.5355 0.00250103
96 0.96494 -56.5355 0.00250102
97 0.96494 -56.5355 0.00250103
98 0.96494 -56.5355 0.00250102
99 0.96494 -56.5355 0.00250102
Initial energy of the MPS: -0.345809
# DMRG Sweep # Mid bond EE # Energy # Std #
0 0.00648449 30.2074 5.3929
1 0.708588 31.7417 0.0410884
2 0.697121 31.7491 0.011595
3 0.710922 31.75 0.00367877
4 0.719623 31.7501 0.00143238
5 0.723091 31.7502 0.000877141
6 0.743937 31.7502 0.00077489
7 0.832964 31.7502 0.00054756
8 0.856765 31.7502 0.000505117
9 0.903213 31.7502 0.000420166
10 0.919427 31.7503 0.000450314
11 0.925429 31.7503 0.000445057
12 0.927457 31.7503 0.000408749
13 0.925242 31.7503 0.000371003
14 0.917763 31.7503 0.000337624
15 0.902099 31.7503 0.000346867
16 0.884026 31.7503 0.00035615
17 0.839368 31.7503 0.000458488
18 0.763261 31.7503 0.000576555
19 0.560708 31.7503 0.000397136
20 0.288551 31.7503 0.000261349
min energy  # max energy
-56.5355 31.7503
