Initial energy of the MPS: -0.0212016
# DMRG Sweep # Mid bond EE # Energy # Std #
0 0.010087 -52.7555 13.2027
1 0.754079 -56.5336 0.0145518
2 0.935179 -56.5354 0.00334458
3 0.962542 -56.5355 0.00271874
4 0.964609 -56.5355 0.00273694
5 0.964829 -56.5355 0.00270011
6 0.964877 -56.5355 0.00264532
7 0.964899 -56.5355 0.00260076
8 0.964911 -56.5355 0.00257207
9 0.96492 -56.5355 0.00255259
10 0.964925 -56.5355 0.00253782
11 0.96493 -56.5355 0.00252864
12 0.964932 -56.5355 0.00252277
13 0.964934 -56.5355 0.00251865
14 0.964935 -56.5355 0.00251496
15 0.964936 -56.5355 0.00251196
16 0.964937 -56.5355 0.00250977
17 0.964937 -56.5355 0.00250835
18 0.964938 -56.5355 0.00250759
19 0.964938 -56.5355 0.00250707
20 0.964938 -56.5355 0.0025066
21 0.964938 -56.5355 0.00250621
22 0.964938 -56.5355 0.00250585
23 0.964938 -56.5355 0.00250553
24 0.964938 -56.5355 0.00250523
25 0.964938 -56.5355 0.00250498
26 0.964938 -56.5355 0.00250472
27 0.964938 -56.5355 0.00250452
28 0.964938 -56.5355 0.0025043
29 0.964938 -56.5355 0.00250413
30 0.964938 -56.5355 0.00250395
31 0.964938 -56.5355 0.0025038
32 0.964938 -56.5355 0.00250363
33 0.964938 -56.5355 0.0025035
34 0.964938 -56.5355 0.00250335
35 0.964938 -56.5355 0.00250323
36 0.964938 -56.5355 0.00250309
37 0.964938 -56.5355 0.00250298
38 0.964938 -56.5355 0.00250286
39 0.964938 -56.5355 0.00250276
40 0.964938 -56.5355 0.00250264
41 0.964938 -56.5355 0.00250255
42 0.964938 -56.5355 0.00250245
43 0.964938 -56.5355 0.00250237
44 0.964938 -56.5355 0.00250227
45 0.964938 -56.5355 0.0025022
46 0.964938 -56.5355 0.00250212
47 0.964938 -56.5355 0.00250206
48 0.964938 -56.5355 0.00250198
49 0.964938 -56.5355 0.00250194
50 0.964938 -56.5355 0.00250187
51 0.964938 -56.5355 0.00250183
52 0.964938 -56.5355 0.00250178
53 0.964938 -56.5355 0.00250174
54 0.964938 -56.5355 0.00250168
55 0.964938 -56.5355 0.00250165
56 0.964938 -56.5355 0.00250159
57 0.964938 -56.5355 0.00250155
58 0.964938 -56.5355 0.0025015
59 0.964938 -56.5355 0.00250146
60 0.964938 -56.5355 0.0025014
61 0.964938 -56.5355 0.00250136
62 0.964938 -56.5355 0.0025013
63 0.964938 -56.5355 0.00250126
64 0.964938 -56.5355 0.0025012
65 0.964938 -56.5355 0.00250116
66 0.964938 -56.5355 0.00250111
67 0.964938 -56.5355 0.00250108
68 0.964938 -56.5355 0.00250104
69 0.964938 -56.5355 0.00250101
70 0.964938 -56.5355 0.00250098
71 0.964939 -56.5355 0.00250096
72 0.964939 -56.5355 0.00250092
73 0.964939 -56.5355 0.00250092
74 0.964939 -56.5355 0.00250089
75 0.964939 -56.5355 0.00250089
76 0.964939 -56.5355 0.00250087
77 0.964939 -56.5355 0.00250086
78 0.964939 -56.5355 0.00250085
79 0.964939 -56.5355 0.00250084
80 0.964939 -56.5355 0.00250083
81 0.964939 -56.5355 0.00250082
82 0.964939 -56.5355 0.00250081
83 0.964939 -56.5355 0.00250081
84 0.964939 -56.5355 0.0025008
85 0.964939 -56.5355 0.00250079
86 0.964939 -56.5355 0.00250079
87 0.964939 -56.5355 0.00250078
88 0.964939 -56.5355 0.00250077
89 0.964939 -56.5355 0.00250077
90 0.964939 -56.5355 0.00250076
91 0.964939 -56.5355 0.00250076
92 0.964939 -56.5355 0.00250075
93 0.964939 -56.5355 0.00250076
94 0.964939 -56.5355 0.00250074
95 0.964939 -56.5355 0.00250074
96 0.964939 -56.5355 0.00250074
97 0.964939 -56.5355 0.00250073
98 0.964939 -56.5355 0.00250072
99 0.964939 -56.5355 0.00250072
Initial energy of the MPS: -0.345806
# DMRG Sweep # Mid bond EE # Energy # Std #
0 0.00690103 30.2012 5.39195
1 0.702548 31.7416 0.0396944
2 0.696099 31.7488 0.0110711
3 0.715815 31.7497 0.00437317
4 0.711512 31.7499 0.00186727
5 0.729632 31.7499 0.00117294
6 0.768844 31.75 0.000846923
7 0.828684 31.75 0.000579229
8 0.9056 31.75 0.000673008
9 0.911381 31.75 0.000641105
10 0.960497 31.7501 0.000503889
11 0.980551 31.7501 0.000511149
12 1.00534 31.7501 0.000529956
13 0.995897 31.7501 0.000641328
14 0.984276 31.7501 0.000566369
15 0.990105 31.7502 0.000511141
16 0.995874 31.7502 0.000470129
17 0.990043 31.7502 0.000506582
18 0.987508 31.7502 0.00041762
19 0.988479 31.7502 0.000393489
20 0.993346 31.7502 0.000438734
21 0.980002 31.7502 0.000454678
22 0.963423 31.7503 0.000422584
23 0.95226 31.7503 0.000464025
24 0.939965 31.7503 0.000381672
25 0.930722 31.7503 0.000404161
26 0.910984 31.7503 0.00032038
27 0.894954 31.7503 0.000317461
28 0.860988 31.7503 0.000322264
29 0.798324 31.7503 0.000505863
30 0.620714 31.7503 0.000413166
31 0.334839 31.7503 0.000251385
min energy  # max energy
-56.5355 31.7503
