Initial energy of the MPS: -0.0212399
# DMRG Sweep # Mid bond EE # Energy # Std #
0 0.0100896 -52.7558 13.2028
1 0.754211 -56.5336 0.0145966
2 0.935279 -56.5354 0.00335536
3 0.96253 -56.5355 0.00271557
4 0.964606 -56.5355 0.00273395
5 0.964827 -56.5355 0.00270059
6 0.964875 -56.5355 0.00264933
7 0.964895 -56.5355 0.00260808
8 0.964906 -56.5355 0.00258124
9 0.964914 -56.5355 0.0025626
10 0.964919 -56.5355 0.0025446
11 0.964925 -56.5355 0.00252734
12 0.964929 -56.5355 0.00251668
13 0.964933 -56.5355 0.00251285
14 0.964934 -56.5355 0.00251075
15 0.964934 -56.5355 0.00250889
16 0.964935 -56.5355 0.00250781
17 0.964935 -56.5355 0.00250719
18 0.964935 -56.5355 0.00250673
19 0.964935 -56.5355 0.00250635
20 0.964935 -56.5355 0.002506
21 0.964935 -56.5355 0.00250571
22 0.964935 -56.5355 0.00250542
23 0.964935 -56.5355 0.00250516
24 0.964935 -56.5355 0.00250493
25 0.964935 -56.5355 0.00250471
26 0.964935 -56.5355 0.00250451
27 0.964935 -56.5355 0.00250433
28 0.964936 -56.5355 0.00250416
29 0.964936 -56.5355 0.00250402
30 0.964936 -56.5355 0.00250387
31 0.964936 -56.5355 0.00250375
32 0.964936 -56.5355 0.00250362
33 0.964936 -56.5355 0.00250352
34 0.964936 -56.5355 0.00250342
35 0.964936 -56.5355 0.00250334
36 0.964936 -56.5355 0.00250324
37 0.964936 -56.5355 0.00250318
38 0.964936 -56.5355 0.0025031
39 0.964936 -56.5355 0.00250304
40 0.964936 -56.5355 0.00250298
41 0.964936 -56.5355 0.00250293
42 0.964936 -56.5355 0.00250288
43 0.964936 -56.5355 0.00250284
44 0.964936 -56.5355 0.0025028
45 0.964936 -56.5355 0.00250277
46 0.964936 -56.5355 0.00250273
47 0.964936 -56.5355 0.00250271
48 0.964936 -56.5355 0.00250268
49 0.964936 -56.5355 0.00250266
50 0.964936 -56.5355 0.00250263
51 0.964936 -56.5355 0.00250262
52 0.964936 -56.5355 0.00250259
53 0.964936 -56.5355 0.00250257
54 0.964936 -56.5355 0.00250254
55 0.964936 -56.5355 0.00250252
56 0.964936 -56.5355 0.00250249
57 0.964936 -56.5355 0.00250247
58 0.964936 -56.5355 0.00250245
59 0.964936 -56.5355 0.00250242
60 0.964936 -56.5355 0.00250238
61 0.964936 -56.5355 0.00250236
62 0.964936 -56.5355 0.00250233
63 0.964936 -56.5355 0.0025023
64 0.964936 -56.5355 0.00250227
65 0.964936 -56.5355 0.00250225
66 0.964936 -56.5355 0.00250222
67 0.964936 -56.5355 0.0025022
68 0.964936 -56.5355 0.00250218
69 0.964936 -56.5355 0.00250216
70 0.964936 -56.5355 0.00250214
71 0.964936 -56.5355 0.00250214
72 0.964936 -56.5355 0.00250212
73 0.964936 -56.5355 0.00250211
74 0.964936 -56.5355 0.0025021
75 0.964936 -56.5355 0.0025021
76 0.964936 -56.5355 0.00250208
77 0.964936 -56.5355 0.00250208
78 0.964936 -56.5355 0.00250207
79 0.964936 -56.5355 0.00250207
80 0.964936 -56.5355 0.00250206
81 0.964936 -56.5355 0.00250206
82 0.964936 -56.5355 0.00250205
83 0.964936 -56.5355 0.00250204
84 0.964936 -56.5355 0.00250204
85 0.964936 -56.5355 0.00250204
86 0.964936 -56.5355 0.00250203
87 0.964936 -56.5355 0.00250202
88 0.964936 -56.5355 0.00250202
89 0.964936 -56.5355 0.00250201
90 0.964936 -56.5355 0.002502
91 0.964936 -56.5355 0.00250201
92 0.964936 -56.5355 0.002502
93 0.964936 -56.5355 0.00250199
94 0.964936 -56.5355 0.00250199
95 0.964936 -56.5355 0.00250199
96 0.964936 -56.5355 0.00250198
97 0.964936 -56.5355 0.00250198
98 0.964936 -56.5355 0.00250197
99 0.964936 -56.5355 0.00250197
Initial energy of the MPS: -0.345858
# DMRG Sweep # Mid bond EE # Energy # Std #
0 0.00690676 30.2091 5.39244
1 0.699431 31.7417 0.0383748
2 0.695549 31.7488 0.0112946
3 0.707529 31.7497 0.00403118
4 0.703473 31.7499 0.0018782
5 0.719192 31.7499 0.00134064
6 0.800798 31.75 0.00113618
7 0.843073 31.7501 0.000968962
8 0.883522 31.7501 0.00105622
9 0.898279 31.7502 0.00101268
10 0.919821 31.7502 0.000962527
11 0.928182 31.7502 0.000821216
12 0.938447 31.7503 0.000711806
13 0.955773 31.7503 0.000716982
14 0.941772 31.7504 0.000651597
15 0.946221 31.7504 0.000589966
16 0.944234 31.7504 0.000559167
17 0.94178 31.7504 0.000564175
18 0.927701 31.7505 0.000547445
19 0.91817 31.7505 0.000462072
20 0.895614 31.7505 0.000464022
21 0.876449 31.7505 0.000503343
22 0.772923 31.7505 0.000743482
23 0.392541 31.7505 0.00033221
24 0.071736 31.7505 9.69781e-05
min energy  # max energy
-56.5355 31.7505
