Initial energy of the MPS: -0.0212109
# DMRG Sweep # Mid bond EE # Energy # Std #
0 0.0100882 -52.7545 13.2025
1 0.754507 -56.5336 0.0146215
2 0.935458 -56.5354 0.00335209
3 0.962547 -56.5355 0.00271612
4 0.964608 -56.5355 0.00273127
5 0.964828 -56.5355 0.00269674
6 0.964875 -56.5355 0.00264341
7 0.964896 -56.5355 0.00259959
8 0.964908 -56.5355 0.00257194
9 0.964917 -56.5355 0.00255207
10 0.964922 -56.5355 0.0025352
11 0.964928 -56.5355 0.0025244
12 0.96493 -56.5355 0.00251884
13 0.964932 -56.5355 0.00251538
14 0.964933 -56.5355 0.0025125
15 0.964934 -56.5355 0.00251019
16 0.964935 -56.5355 0.00250878
17 0.964935 -56.5355 0.00250801
18 0.964935 -56.5355 0.0025075
19 0.964935 -56.5355 0.00250707
20 0.964935 -56.5355 0.00250667
21 0.964935 -56.5355 0.00250634
22 0.964935 -56.5355 0.00250602
23 0.964935 -56.5355 0.00250574
24 0.964935 -56.5355 0.00250545
25 0.964935 -56.5355 0.00250521
26 0.964935 -56.5355 0.00250498
27 0.964935 -56.5355 0.00250477
28 0.964935 -56.5355 0.00250456
29 0.964935 -56.5355 0.00250438
30 0.964935 -56.5355 0.00250419
31 0.964935 -56.5355 0.00250403
32 0.964935 -56.5355 0.00250385
33 0.964935 -56.5355 0.00250371
34 0.964935 -56.5355 0.00250355
35 0.964935 -56.5355 0.00250342
36 0.964935 -56.5355 0.00250327
37 0.964935 -56.5355 0.00250314
38 0.964935 -56.5355 0.00250302
39 0.964935 -56.5355 0.0025029
40 0.964935 -56.5355 0.00250279
41 0.964935 -56.5355 0.0025027
42 0.964935 -56.5355 0.0025026
43 0.964936 -56.5355 0.00250252
44 0.964936 -56.5355 0.00250244
45 0.964936 -56.5355 0.00250238
46 0.964936 -56.5355 0.00250231
47 0.964936 -56.5355 0.00250227
48 0.964936 -56.5355 0.00250222
49 0.964936 -56.5355 0.00250218
50 0.964936 -56.5355 0.00250213
51 0.964936 -56.5355 0.0025021
52 0.964936 -56.5355 0.00250205
53 0.964936 -56.5355 0.00250202
54 0.964936 -56.5355 0.00250198
55 0.964936 -56.5355 0.00250195
56 0.964936 -56.5355 0.0025019
57 0.964936 -56.5355 0.00250187
58 0.964936 -56.5355 0.00250183
59 0.964936 -56.5355 0.0025018
60 0.964936 -56.5355 0.00250176
61 0.964936 -56.5355 0.00250173
62 0.964936 -56.5355 0.00250169
63 0.964936 -56.5355 0.00250166
64 0.964936 -56.5355 0.00250163
65 0.964936 -56.5355 0.00250161
66 0.964936 -56.5355 0.00250158
67 0.964936 -56.5355 0.00250157
68 0.964936 -56.5355 0.00250155
69 0.964936 -56.5355 0.00250154
70 0.964936 -56.5355 0.00250152
71 0.964936 -56.5355 0.00250152
72 0.964936 -56.5355 0.0025015
73 0.964936 -56.5355 0.0025015
74 0.964936 -56.5355 0.00250148
75 0.964936 -56.5355 0.00250148
76 0.964936 -56.5355 0.00250147
77 0.964936 -56.5355 0.00250146
78 0.964936 -56.5355 0.00250145
79 0.964936 -56.5355 0.00250145
80 0.964936 -56.5355 0.00250144
81 0.964936 -56.5355 0.00250144
82 0.964936 -56.5355 0.00250143
83 0.964936 -56.5355 0.00250143
84 0.964936 -56.5355 0.00250142
85 0.964936 -56.5355 0.00250142
86 0.964936 -56.5355 0.00250142
87 0.964936 -56.5355 0.00250141
88 0.964936 -56.5355 0.00250141
89 0.964936 -56.5355 0.00250141
90 0.964936 -56.5355 0.0025014
91 0.964936 -56.5355 0.00250139
92 0.964936 -56.5355 0.00250139
93 0.964936 -56.5355 0.0025014
94 0.964936 -56.5355 0.00250138
95 0.964936 -56.5355 0.00250138
96 0.964936 -56.5355 0.00250137
97 0.964936 -56.5355 0.00250138
98 0.964936 -56.5355 0.00250137
99 0.964936 -56.5355 0.00250138
Initial energy of the MPS: -0.345836
# DMRG Sweep # Mid bond EE # Energy # Std #
0 0.00710234 30.2053 5.39244
1 0.697156 31.7405 0.0423731
2 0.694253 31.7489 0.0120407
3 0.713577 31.7499 0.00379118
4 0.715955 31.75 0.00140598
5 0.753159 31.75 0.000409752
6 0.698283 31.75 0.000300452
min energy  # max energy
-56.5355 31.75
