Initial energy of the MPS: -0.0212102
# DMRG Sweep # Mid bond EE # Energy # Std #
0 0.0100867 -52.7547 13.2026
1 0.754245 -56.5336 0.0145953
2 0.935296 -56.5354 0.003347
3 0.962541 -56.5355 0.00271973
4 0.964611 -56.5355 0.00273541
5 0.964831 -56.5355 0.00269866
6 0.964879 -56.5355 0.00264354
7 0.964901 -56.5355 0.0025976
8 0.964913 -56.5355 0.00256884
9 0.964921 -56.5355 0.00254893
10 0.964927 -56.5355 0.00253429
11 0.964932 -56.5355 0.00252603
12 0.964933 -56.5355 0.00252106
13 0.964936 -56.5355 0.00251718
14 0.964936 -56.5355 0.00251433
15 0.964937 -56.5355 0.00251153
16 0.964938 -56.5355 0.00250935
17 0.964939 -56.5355 0.00250827
18 0.964939 -56.5355 0.00250768
19 0.964939 -56.5355 0.00250721
20 0.964939 -56.5355 0.00250679
21 0.964939 -56.5355 0.00250642
22 0.964939 -56.5355 0.00250607
23 0.964939 -56.5355 0.00250577
24 0.964939 -56.5355 0.00250548
25 0.964939 -56.5355 0.00250522
26 0.964939 -56.5355 0.00250498
27 0.964939 -56.5355 0.00250478
28 0.964939 -56.5355 0.00250458
29 0.964939 -56.5355 0.00250441
30 0.964939 -56.5355 0.00250424
31 0.964939 -56.5355 0.0025041
32 0.964939 -56.5355 0.00250396
33 0.964939 -56.5355 0.00250383
34 0.964939 -56.5355 0.0025037
35 0.964939 -56.5355 0.00250359
36 0.964939 -56.5355 0.00250347
37 0.964939 -56.5355 0.00250337
38 0.964939 -56.5355 0.00250325
39 0.964939 -56.5355 0.00250316
40 0.964939 -56.5355 0.00250304
41 0.964939 -56.5355 0.00250296
42 0.964939 -56.5355 0.00250285
43 0.96494 -56.5355 0.00250277
44 0.96494 -56.5355 0.00250267
45 0.96494 -56.5355 0.00250259
46 0.96494 -56.5355 0.00250251
47 0.96494 -56.5355 0.00250244
48 0.96494 -56.5355 0.00250236
49 0.96494 -56.5355 0.0025023
50 0.96494 -56.5355 0.00250223
51 0.96494 -56.5355 0.00250217
52 0.96494 -56.5355 0.00250209
53 0.96494 -56.5355 0.00250205
54 0.96494 -56.5355 0.00250197
55 0.96494 -56.5355 0.00250192
56 0.96494 -56.5355 0.00250187
57 0.96494 -56.5355 0.00250183
58 0.96494 -56.5355 0.00250178
59 0.96494 -56.5355 0.00250174
60 0.96494 -56.5355 0.0025017
61 0.96494 -56.5355 0.00250168
62 0.96494 -56.5355 0.00250165
63 0.96494 -56.5355 0.00250163
64 0.96494 -56.5355 0.00250161
65 0.96494 -56.5355 0.0025016
66 0.96494 -56.5355 0.00250158
67 0.96494 -56.5355 0.00250158
68 0.96494 -56.5355 0.00250156
69 0.96494 -56.5355 0.00250155
70 0.96494 -56.5355 0.00250154
71 0.96494 -56.5355 0.00250153
72 0.96494 -56.5355 0.00250152
73 0.96494 -56.5355 0.00250152
74 0.96494 -56.5355 0.0025015
75 0.96494 -56.5355 0.0025015
76 0.96494 -56.5355 0.00250149
77 0.96494 -56.5355 0.00250149
78 0.96494 -56.5355 0.00250148
79 0.96494 -56.5355 0.00250148
80 0.96494 -56.5355 0.00250147
81 0.96494 -56.5355 0.00250147
82 0.96494 -56.5355 0.00250145
83 0.96494 -56.5355 0.00250146
84 0.96494 -56.5355 0.00250145
85 0.96494 -56.5355 0.00250145
86 0.96494 -56.5355 0.00250144
87 0.96494 -56.5355 0.00250144
88 0.96494 -56.5355 0.00250143
89 0.96494 -56.5355 0.00250143
90 0.96494 -56.5355 0.00250142
91 0.96494 -56.5355 0.00250142
92 0.96494 -56.5355 0.00250141
93 0.96494 -56.5355 0.00250141
94 0.96494 -56.5355 0.0025014
95 0.96494 -56.5355 0.0025014
96 0.96494 -56.5355 0.0025014
97 0.96494 -56.5355 0.0025014
98 0.96494 -56.5355 0.00250139
99 0.96494 -56.5355 0.00250139
Initial energy of the MPS: -0.345808
# DMRG Sweep # Mid bond EE # Energy # Std #
0 0.00692964 30.2097 5.39398
1 0.700216 31.7418 0.0409271
2 0.695053 31.749 0.0117842
3 0.70709 31.7498 0.00388458
4 0.71354 31.75 0.00149076
5 0.761667 31.75 0.000350897
6 0.761062 31.75 9.47425e-05
min energy  # max energy
-56.5355 31.75
