Initial energy of the MPS: -0.0212317
# DMRG Sweep # Mid bond EE # Energy # Std #
0 0.0100876 -52.755 13.2026
1 0.754051 -56.5336 0.0145742
2 0.93515 -56.5354 0.00334224
3 0.962542 -56.5355 0.00271504
4 0.964608 -56.5355 0.00273196
5 0.964829 -56.5355 0.00269675
6 0.964877 -56.5355 0.00264317
7 0.964899 -56.5355 0.0025977
8 0.964911 -56.5355 0.00256865
9 0.964919 -56.5355 0.00254863
10 0.964925 -56.5355 0.0025332
11 0.96493 -56.5355 0.002524
12 0.964932 -56.5355 0.00251831
13 0.964934 -56.5355 0.00251502
14 0.964935 -56.5355 0.0025126
15 0.964936 -56.5355 0.00251017
16 0.964937 -56.5355 0.00250834
17 0.964937 -56.5355 0.00250736
18 0.964937 -56.5355 0.00250679
19 0.964937 -56.5355 0.00250636
20 0.964937 -56.5355 0.00250598
21 0.964937 -56.5355 0.00250564
22 0.964937 -56.5355 0.00250532
23 0.964937 -56.5355 0.00250503
24 0.964937 -56.5355 0.00250476
25 0.964937 -56.5355 0.0025045
26 0.964937 -56.5355 0.00250426
27 0.964937 -56.5355 0.00250405
28 0.964937 -56.5355 0.00250384
29 0.964937 -56.5355 0.00250365
30 0.964937 -56.5355 0.00250347
31 0.964937 -56.5355 0.00250331
32 0.964937 -56.5355 0.00250314
33 0.964937 -56.5355 0.00250299
34 0.964937 -56.5355 0.00250284
35 0.964937 -56.5355 0.00250271
36 0.964938 -56.5355 0.00250258
37 0.964938 -56.5355 0.00250246
38 0.964938 -56.5355 0.00250234
39 0.964938 -56.5355 0.00250223
40 0.964938 -56.5355 0.00250212
41 0.964938 -56.5355 0.00250203
42 0.964938 -56.5355 0.00250194
43 0.964938 -56.5355 0.00250186
44 0.964938 -56.5355 0.00250177
45 0.964938 -56.5355 0.00250171
46 0.964938 -56.5355 0.00250163
47 0.964938 -56.5355 0.00250158
48 0.964938 -56.5355 0.00250152
49 0.964938 -56.5355 0.00250147
50 0.964938 -56.5355 0.00250141
51 0.964938 -56.5355 0.00250137
52 0.964938 -56.5355 0.00250132
53 0.964938 -56.5355 0.00250128
54 0.964938 -56.5355 0.00250122
55 0.964938 -56.5355 0.00250118
56 0.964938 -56.5355 0.00250112
57 0.964938 -56.5355 0.00250108
58 0.964938 -56.5355 0.00250102
59 0.964938 -56.5355 0.00250097
60 0.964938 -56.5355 0.00250091
61 0.964938 -56.5355 0.00250087
62 0.964938 -56.5355 0.00250082
63 0.964938 -56.5355 0.00250078
64 0.964938 -56.5355 0.00250074
65 0.964938 -56.5355 0.00250072
66 0.964938 -56.5355 0.00250068
67 0.964938 -56.5355 0.00250066
68 0.964938 -56.5355 0.00250064
69 0.964938 -56.5355 0.00250062
70 0.964938 -56.5355 0.00250061
71 0.964938 -56.5355 0.0025006
72 0.964938 -56.5355 0.00250058
73 0.964938 -56.5355 0.00250058
74 0.964938 -56.5355 0.00250056
75 0.964938 -56.5355 0.00250056
76 0.964938 -56.5355 0.00250055
77 0.964938 -56.5355 0.00250055
78 0.964938 -56.5355 0.00250053
79 0.964938 -56.5355 0.00250053
80 0.964938 -56.5355 0.00250052
81 0.964938 -56.5355 0.00250052
82 0.964938 -56.5355 0.00250051
83 0.964938 -56.5355 0.00250051
84 0.964938 -56.5355 0.0025005
85 0.964938 -56.5355 0.0025005
86 0.964938 -56.5355 0.00250049
87 0.964938 -56.5355 0.00250049
88 0.964938 -56.5355 0.00250049
89 0.964938 -56.5355 0.00250048
90 0.964938 -56.5355 0.00250047
91 0.964938 -56.5355 0.00250047
92 0.964938 -56.5355 0.00250046
93 0.964938 -56.5355 0.00250047
94 0.964938 -56.5355 0.00250046
95 0.964938 -56.5355 0.00250046
96 0.964938 -56.5355 0.00250045
97 0.964938 -56.5355 0.00250045
98 0.964938 -56.5355 0.00250044
99 0.964938 -56.5355 0.00250044
Initial energy of the MPS: -0.345839
# DMRG Sweep # Mid bond EE # Energy # Std #
0 0.00602395 30.2029 5.39283
1 0.706644 31.7417 0.0408857
2 0.696934 31.7488 0.0112839
3 0.71355 31.7498 0.00466064
4 0.711388 31.75 0.00156232
5 0.744073 31.75 0.000490367
6 0.726462 31.75 0.000254371
min energy  # max energy
-56.5355 31.75
