Initial energy of the MPS: -0.0211905
# DMRG Sweep # Mid bond EE # Energy # Std #
0 0.0100872 -52.7558 13.2028
1 0.754156 -56.5336 0.0145677
2 0.935163 -56.5354 0.00334488
3 0.962536 -56.5355 0.00271333
4 0.964607 -56.5355 0.00272983
5 0.964827 -56.5355 0.00269612
6 0.964875 -56.5355 0.00264295
7 0.964896 -56.5355 0.00259814
8 0.964908 -56.5355 0.00257132
9 0.964916 -56.5355 0.00255337
10 0.964922 -56.5355 0.00253757
11 0.964927 -56.5355 0.00252606
12 0.96493 -56.5355 0.00251997
13 0.964932 -56.5355 0.00251645
14 0.964933 -56.5355 0.00251331
15 0.964934 -56.5355 0.00251102
16 0.964935 -56.5355 0.00250938
17 0.964935 -56.5355 0.00250843
18 0.964935 -56.5355 0.00250787
19 0.964935 -56.5355 0.00250745
20 0.964935 -56.5355 0.00250705
21 0.964935 -56.5355 0.00250671
22 0.964935 -56.5355 0.00250638
23 0.964935 -56.5355 0.00250608
24 0.964935 -56.5355 0.00250578
25 0.964935 -56.5355 0.00250551
26 0.964935 -56.5355 0.00250524
27 0.964935 -56.5355 0.00250499
28 0.964935 -56.5355 0.00250473
29 0.964935 -56.5355 0.00250448
30 0.964935 -56.5355 0.00250424
31 0.964935 -56.5355 0.00250399
32 0.964935 -56.5355 0.00250374
33 0.964936 -56.5355 0.00250351
34 0.964936 -56.5355 0.00250326
35 0.964936 -56.5355 0.00250303
36 0.964936 -56.5355 0.00250279
37 0.964936 -56.5355 0.00250257
38 0.964936 -56.5355 0.00250236
39 0.964936 -56.5355 0.00250216
40 0.964936 -56.5355 0.00250196
41 0.964936 -56.5355 0.00250179
42 0.964936 -56.5355 0.00250161
43 0.964936 -56.5355 0.00250146
44 0.964936 -56.5355 0.00250131
45 0.964936 -56.5355 0.00250119
46 0.964936 -56.5355 0.00250107
47 0.964936 -56.5355 0.00250097
48 0.964936 -56.5355 0.00250087
49 0.964936 -56.5355 0.00250079
50 0.964936 -56.5355 0.00250071
51 0.964936 -56.5355 0.00250065
52 0.964936 -56.5355 0.00250059
53 0.964936 -56.5355 0.00250055
54 0.964936 -56.5355 0.0025005
55 0.964936 -56.5355 0.00250047
56 0.964936 -56.5355 0.00250044
57 0.964936 -56.5355 0.00250041
58 0.964936 -56.5355 0.00250038
59 0.964936 -56.5355 0.00250037
60 0.964936 -56.5355 0.00250034
61 0.964936 -56.5355 0.00250033
62 0.964936 -56.5355 0.00250031
63 0.964936 -56.5355 0.00250031
64 0.964936 -56.5355 0.00250029
65 0.964936 -56.5355 0.00250028
66 0.964936 -56.5355 0.00250026
67 0.964936 -56.5355 0.00250026
68 0.964936 -56.5355 0.00250025
69 0.964936 -56.5355 0.00250024
70 0.964936 -56.5355 0.00250023
71 0.964936 -56.5355 0.00250023
72 0.964936 -56.5355 0.00250022
73 0.964936 -56.5355 0.00250022
74 0.964936 -56.5355 0.00250021
75 0.964936 -56.5355 0.0025002
76 0.964936 -56.5355 0.00250019
77 0.964936 -56.5355 0.00250019
78 0.964936 -56.5355 0.00250018
79 0.964936 -56.5355 0.00250018
80 0.964936 -56.5355 0.00250017
81 0.964936 -56.5355 0.00250016
82 0.964936 -56.5355 0.00250015
83 0.964936 -56.5355 0.00250015
84 0.964936 -56.5355 0.00250015
85 0.964936 -56.5355 0.00250014
86 0.964936 -56.5355 0.00250014
87 0.964936 -56.5355 0.00250014
88 0.964936 -56.5355 0.00250013
89 0.964936 -56.5355 0.00250013
90 0.964936 -56.5355 0.00250012
91 0.964936 -56.5355 0.00250012
92 0.964936 -56.5355 0.00250011
93 0.964936 -56.5355 0.00250011
94 0.964936 -56.5355 0.0025001
95 0.964936 -56.5355 0.0025001
96 0.964936 -56.5355 0.0025001
97 0.964936 -56.5355 0.0025001
98 0.964936 -56.5355 0.00250009
99 0.964936 -56.5355 0.00250009
Initial energy of the MPS: -0.345851
# DMRG Sweep # Mid bond EE # Energy # Std #
0 0.00511367 30.2249 5.39349
1 0.708524 31.7414 0.0404684
2 0.698818 31.7488 0.0119159
3 0.719052 31.7497 0.00377234
4 0.707559 31.7499 0.00175837
5 0.715557 31.7499 0.00134003
6 0.809166 31.75 0.000842311
7 0.870488 31.75 0.0007173
8 0.943549 31.75 0.00064413
9 0.960877 31.75 0.000502563
10 0.976939 31.75 0.000534919
11 0.988375 31.7501 0.000608695
12 0.982086 31.7501 0.000635386
13 0.984736 31.7501 0.000681453
14 0.983327 31.7501 0.000625678
15 0.983805 31.7502 0.000497615
16 0.997469 31.7502 0.000530448
17 0.991555 31.7502 0.000528094
18 0.998006 31.7502 0.000541278
19 0.991382 31.7502 0.000499796
20 0.978875 31.7503 0.000511573
21 0.966751 31.7503 0.00052374
22 0.949859 31.7503 0.000433095
23 0.949381 31.7503 0.000381008
24 0.942421 31.7503 0.000358836
25 0.932394 31.7503 0.000353005
26 0.911124 31.7503 0.000338248
27 0.890997 31.7503 0.000285027
min energy  # max energy
-56.5355 31.7503
