Initial energy of the MPS: -0.0212301
# DMRG Sweep # Mid bond EE # Energy # Std #
0 0.0100886 -52.7548 13.2025
1 0.754298 -56.5336 0.0145853
2 0.935264 -56.5354 0.00334531
3 0.962549 -56.5355 0.00271636
4 0.96461 -56.5355 0.0027337
5 0.964831 -56.5355 0.00269869
6 0.964879 -56.5355 0.00264444
7 0.9649 -56.5355 0.00259867
8 0.964912 -56.5355 0.00257023
9 0.964921 -56.5355 0.00255081
10 0.964926 -56.5355 0.00253488
11 0.964931 -56.5355 0.00252469
12 0.964934 -56.5355 0.00251901
13 0.964936 -56.5355 0.0025152
14 0.964937 -56.5355 0.00251188
15 0.964938 -56.5355 0.00250959
16 0.964938 -56.5355 0.00250842
17 0.964939 -56.5355 0.0025078
18 0.964939 -56.5355 0.00250733
19 0.964939 -56.5355 0.00250695
20 0.964939 -56.5355 0.00250658
21 0.964939 -56.5355 0.00250624
22 0.964939 -56.5355 0.00250592
23 0.964939 -56.5355 0.00250562
24 0.964939 -56.5355 0.00250533
25 0.964939 -56.5355 0.00250507
26 0.964939 -56.5355 0.0025048
27 0.964939 -56.5355 0.00250456
28 0.964939 -56.5355 0.00250432
29 0.964939 -56.5355 0.00250411
30 0.964939 -56.5355 0.0025039
31 0.964939 -56.5355 0.00250372
32 0.964939 -56.5355 0.00250353
33 0.964939 -56.5355 0.00250337
34 0.964939 -56.5355 0.0025032
35 0.964939 -56.5355 0.00250305
36 0.964939 -56.5355 0.0025029
37 0.964939 -56.5355 0.00250277
38 0.964939 -56.5355 0.00250263
39 0.964939 -56.5355 0.00250251
40 0.964939 -56.5355 0.0025024
41 0.964939 -56.5355 0.00250229
42 0.964939 -56.5355 0.00250218
43 0.964939 -56.5355 0.0025021
44 0.964939 -56.5355 0.002502
45 0.964939 -56.5355 0.00250193
46 0.964939 -56.5355 0.00250185
47 0.964939 -56.5355 0.00250179
48 0.964939 -56.5355 0.00250172
49 0.964939 -56.5355 0.00250167
50 0.964939 -56.5355 0.00250161
51 0.964939 -56.5355 0.00250157
52 0.964939 -56.5355 0.00250152
53 0.964939 -56.5355 0.00250148
54 0.964939 -56.5355 0.00250142
55 0.964939 -56.5355 0.00250139
56 0.964939 -56.5355 0.00250134
57 0.964939 -56.5355 0.00250132
58 0.964939 -56.5355 0.00250127
59 0.964939 -56.5355 0.00250125
60 0.964939 -56.5355 0.00250122
61 0.964939 -56.5355 0.0025012
62 0.964939 -56.5355 0.00250117
63 0.964939 -56.5355 0.00250116
64 0.964939 -56.5355 0.00250113
65 0.964939 -56.5355 0.00250113
66 0.964939 -56.5355 0.00250111
67 0.964939 -56.5355 0.0025011
68 0.964939 -56.5355 0.00250109
69 0.964939 -56.5355 0.00250109
70 0.964939 -56.5355 0.00250107
71 0.964939 -56.5355 0.00250107
72 0.964939 -56.5355 0.00250106
73 0.964939 -56.5355 0.00250106
74 0.964939 -56.5355 0.00250105
75 0.964939 -56.5355 0.00250105
76 0.964939 -56.5355 0.00250104
77 0.964939 -56.5355 0.00250104
78 0.964939 -56.5355 0.00250103
79 0.964939 -56.5355 0.00250103
80 0.964939 -56.5355 0.00250102
81 0.964939 -56.5355 0.00250102
82 0.964939 -56.5355 0.00250101
83 0.964939 -56.5355 0.00250102
84 0.964939 -56.5355 0.00250101
85 0.964939 -56.5355 0.00250101
86 0.964939 -56.5355 0.002501
87 0.964939 -56.5355 0.002501
88 0.964939 -56.5355 0.00250099
89 0.964939 -56.5355 0.00250099
90 0.964939 -56.5355 0.00250099
91 0.964939 -56.5355 0.00250099
92 0.964939 -56.5355 0.00250098
93 0.964939 -56.5355 0.00250098
94 0.964939 -56.5355 0.00250097
95 0.964939 -56.5355 0.00250098
96 0.964939 -56.5355 0.00250097
97 0.964939 -56.5355 0.00250097
98 0.964939 -56.5355 0.00250097
99 0.964939 -56.5355 0.00250097
Initial energy of the MPS: -0.345794
# DMRG Sweep # Mid bond EE # Energy # Std #
0 0.00490418 30.2132 5.39316
1 0.703809 31.7412 0.0421791
2 0.702943 31.7489 0.0126941
3 0.712036 31.7499 0.0046001
4 0.718854 31.7501 0.00144962
5 0.73541 31.7501 0.000958975
6 0.725046 31.7502 0.000647502
7 0.796839 31.7502 0.000467163
8 0.822266 31.7502 0.000505212
9 0.888875 31.7502 0.000403474
10 0.90172 31.7502 0.000417695
11 0.927072 31.7502 0.000462273
12 0.921762 31.7502 0.000440864
13 0.926112 31.7502 0.000404952
14 0.915348 31.7503 0.00031473
15 0.927426 31.7503 0.000294798
min energy  # max energy
-56.5355 31.7503
