Initial energy of the MPS: -0.0211923
# DMRG Sweep # Mid bond EE # Energy # Std #
0 0.010087 -52.755 13.2026
1 0.754199 -56.5336 0.0145879
2 0.935205 -56.5354 0.00334515
3 0.962538 -56.5355 0.00271467
4 0.964609 -56.5355 0.00273164
5 0.964829 -56.5355 0.00269733
6 0.964877 -56.5355 0.00264267
7 0.964898 -56.5355 0.00259704
8 0.964911 -56.5355 0.00257002
9 0.964919 -56.5355 0.00255066
10 0.964924 -56.5355 0.00253503
11 0.964929 -56.5355 0.00252524
12 0.964931 -56.5355 0.00251897
13 0.964934 -56.5355 0.00251526
14 0.964935 -56.5355 0.00251276
15 0.964935 -56.5355 0.00251003
16 0.964936 -56.5355 0.00250808
17 0.964937 -56.5355 0.0025071
18 0.964937 -56.5355 0.00250654
19 0.964937 -56.5355 0.00250608
20 0.964937 -56.5355 0.00250567
21 0.964937 -56.5355 0.00250531
22 0.964937 -56.5355 0.00250497
23 0.964937 -56.5355 0.00250467
24 0.964937 -56.5355 0.00250439
25 0.964937 -56.5355 0.00250415
26 0.964937 -56.5355 0.00250391
27 0.964937 -56.5355 0.00250372
28 0.964937 -56.5355 0.00250352
29 0.964937 -56.5355 0.00250337
30 0.964937 -56.5355 0.0025032
31 0.964937 -56.5355 0.00250307
32 0.964937 -56.5355 0.00250293
33 0.964937 -56.5355 0.00250282
34 0.964937 -56.5355 0.00250269
35 0.964937 -56.5355 0.00250259
36 0.964937 -56.5355 0.00250248
37 0.964937 -56.5355 0.00250238
38 0.964937 -56.5355 0.00250228
39 0.964937 -56.5355 0.00250219
40 0.964937 -56.5355 0.00250209
41 0.964937 -56.5355 0.00250199
42 0.964937 -56.5355 0.0025019
43 0.964937 -56.5355 0.00250181
44 0.964937 -56.5355 0.00250171
45 0.964937 -56.5355 0.00250164
46 0.964937 -56.5355 0.00250154
47 0.964937 -56.5355 0.00250146
48 0.964937 -56.5355 0.00250138
49 0.964937 -56.5355 0.00250131
50 0.964937 -56.5355 0.00250123
51 0.964937 -56.5355 0.00250118
52 0.964938 -56.5355 0.0025011
53 0.964938 -56.5355 0.00250105
54 0.964938 -56.5355 0.00250099
55 0.964938 -56.5355 0.00250094
56 0.964938 -56.5355 0.00250089
57 0.964938 -56.5355 0.00250086
58 0.964938 -56.5355 0.00250081
59 0.964938 -56.5355 0.00250078
60 0.964938 -56.5355 0.00250075
61 0.964938 -56.5355 0.00250073
62 0.964938 -56.5355 0.0025007
63 0.964938 -56.5355 0.00250069
64 0.964938 -56.5355 0.00250067
65 0.964938 -56.5355 0.00250066
66 0.964938 -56.5355 0.00250064
67 0.964938 -56.5355 0.00250063
68 0.964938 -56.5355 0.00250062
69 0.964938 -56.5355 0.00250061
70 0.964938 -56.5355 0.0025006
71 0.964938 -56.5355 0.0025006
72 0.964938 -56.5355 0.00250059
73 0.964938 -56.5355 0.00250058
74 0.964938 -56.5355 0.00250057
75 0.964938 -56.5355 0.00250058
76 0.964938 -56.5355 0.00250056
77 0.964938 -56.5355 0.00250056
78 0.964938 -56.5355 0.00250055
79 0.964938 -56.5355 0.00250056
80 0.964938 -56.5355 0.00250054
81 0.964938 -56.5355 0.00250055
82 0.964938 -56.5355 0.00250054
83 0.964938 -56.5355 0.00250053
84 0.964938 -56.5355 0.00250053
85 0.964938 -56.5355 0.00250053
86 0.964938 -56.5355 0.00250052
87 0.964938 -56.5355 0.00250052
88 0.964938 -56.5355 0.00250051
89 0.964938 -56.5355 0.00250051
90 0.964938 -56.5355 0.0025005
91 0.964938 -56.5355 0.0025005
92 0.964938 -56.5355 0.00250049
93 0.964938 -56.5355 0.0025005
94 0.964938 -56.5355 0.00250048
95 0.964938 -56.5355 0.00250049
96 0.964938 -56.5355 0.00250048
97 0.964938 -56.5355 0.00250047
98 0.964938 -56.5355 0.00250047
99 0.964938 -56.5355 0.00250047
Initial energy of the MPS: -0.345806
# DMRG Sweep # Mid bond EE # Energy # Std #
0 0.0070129 30.2046 5.39247
1 0.699881 31.7413 0.0397158
2 0.694723 31.749 0.0116041
3 0.705397 31.7499 0.00393783
4 0.715724 31.75 0.00154287
5 0.745329 31.7501 0.000702499
6 0.703928 31.7501 0.000558243
7 0.751482 31.7501 0.000491444
8 0.775577 31.7501 0.00040308
9 0.847998 31.7501 0.000321839
10 0.900689 31.7501 0.00028062
min energy  # max energy
-56.5355 31.7501
