Initial energy of the MPS: -0.0212105
# DMRG Sweep # Mid bond EE # Energy # Std #
0 0.0100882 -52.7551 13.2026
1 0.754396 -56.5336 0.0146228
2 0.935401 -56.5354 0.0033479
3 0.96255 -56.5355 0.00271671
4 0.964608 -56.5355 0.00273288
5 0.964829 -56.5355 0.00269759
6 0.964876 -56.5355 0.0026436
7 0.964898 -56.5355 0.00259827
8 0.96491 -56.5355 0.00257004
9 0.964918 -56.5355 0.00254997
10 0.964924 -56.5355 0.00253424
11 0.964929 -56.5355 0.00252472
12 0.964931 -56.5355 0.00251882
13 0.964933 -56.5355 0.0025152
14 0.964934 -56.5355 0.00251271
15 0.964935 -56.5355 0.00251084
16 0.964935 -56.5355 0.00250928
17 0.964936 -56.5355 0.00250826
18 0.964936 -56.5355 0.00250767
19 0.964936 -56.5355 0.00250723
20 0.964936 -56.5355 0.00250683
21 0.964936 -56.5355 0.00250647
22 0.964936 -56.5355 0.00250611
23 0.964936 -56.5355 0.00250581
24 0.964936 -56.5355 0.0025055
25 0.964936 -56.5355 0.00250524
26 0.964936 -56.5355 0.00250498
27 0.964936 -56.5355 0.00250475
28 0.964936 -56.5355 0.00250453
29 0.964936 -56.5355 0.00250435
30 0.964936 -56.5355 0.00250417
31 0.964936 -56.5355 0.00250401
32 0.964936 -56.5355 0.00250385
33 0.964936 -56.5355 0.00250371
34 0.964936 -56.5355 0.00250357
35 0.964936 -56.5355 0.00250345
36 0.964936 -56.5355 0.00250332
37 0.964936 -56.5355 0.00250321
38 0.964936 -56.5355 0.00250308
39 0.964936 -56.5355 0.00250298
40 0.964936 -56.5355 0.00250287
41 0.964936 -56.5355 0.00250278
42 0.964936 -56.5355 0.00250268
43 0.964936 -56.5355 0.00250259
44 0.964936 -56.5355 0.00250249
45 0.964936 -56.5355 0.00250242
46 0.964936 -56.5355 0.00250233
47 0.964936 -56.5355 0.00250226
48 0.964936 -56.5355 0.00250218
49 0.964937 -56.5355 0.00250212
50 0.964937 -56.5355 0.00250205
51 0.964937 -56.5355 0.002502
52 0.964937 -56.5355 0.00250193
53 0.964937 -56.5355 0.00250189
54 0.964937 -56.5355 0.00250184
55 0.964937 -56.5355 0.0025018
56 0.964937 -56.5355 0.00250175
57 0.964937 -56.5355 0.00250173
58 0.964937 -56.5355 0.00250169
59 0.964937 -56.5355 0.00250167
60 0.964937 -56.5355 0.00250164
61 0.964937 -56.5355 0.00250163
62 0.964937 -56.5355 0.00250161
63 0.964937 -56.5355 0.0025016
64 0.964937 -56.5355 0.00250158
65 0.964937 -56.5355 0.00250158
66 0.964937 -56.5355 0.00250156
67 0.964937 -56.5355 0.00250156
68 0.964937 -56.5355 0.00250155
69 0.964937 -56.5355 0.00250155
70 0.964937 -56.5355 0.00250153
71 0.964937 -56.5355 0.00250153
72 0.964937 -56.5355 0.00250152
73 0.964937 -56.5355 0.00250152
74 0.964937 -56.5355 0.00250151
75 0.964937 -56.5355 0.00250151
76 0.964937 -56.5355 0.0025015
77 0.964937 -56.5355 0.0025015
78 0.964937 -56.5355 0.00250149
79 0.964937 -56.5355 0.00250149
80 0.964937 -56.5355 0.00250148
81 0.964937 -56.5355 0.00250148
82 0.964937 -56.5355 0.00250147
83 0.964937 -56.5355 0.00250147
84 0.964937 -56.5355 0.00250146
85 0.964937 -56.5355 0.00250146
86 0.964937 -56.5355 0.00250145
87 0.964937 -56.5355 0.00250145
88 0.964937 -56.5355 0.00250144
89 0.964937 -56.5355 0.00250144
90 0.964937 -56.5355 0.00250143
91 0.964937 -56.5355 0.00250143
92 0.964937 -56.5355 0.00250142
93 0.964937 -56.5355 0.00250142
94 0.964937 -56.5355 0.00250141
95 0.964937 -56.5355 0.00250142
96 0.964937 -56.5355 0.00250141
97 0.964937 -56.5355 0.00250141
98 0.964937 -56.5355 0.0025014
99 0.964937 -56.5355 0.0025014
Initial energy of the MPS: -0.34581
# DMRG Sweep # Mid bond EE # Energy # Std #
0 0.0076119 30.1974 5.3926
1 0.697386 31.7418 0.038599
2 0.694826 31.7488 0.0118113
3 0.715371 31.7497 0.00403075
4 0.716023 31.7499 0.00206185
5 0.734321 31.7499 0.00124906
6 0.768426 31.75 0.000768847
7 0.824213 31.75 0.000629941
8 0.895754 31.75 0.000567592
9 0.925886 31.75 0.000529354
10 0.977679 31.7501 0.000489077
11 0.989953 31.7501 0.000476623
12 1.00018 31.7501 0.000509352
13 0.99399 31.7501 0.000560893
14 0.994059 31.7501 0.000580071
15 0.994971 31.7502 0.000462081
16 0.999567 31.7502 0.00049543
17 0.990784 31.7502 0.000463108
18 0.994446 31.7502 0.000403619
19 0.987919 31.7502 0.000374717
20 0.986561 31.7502 0.000342938
21 0.985541 31.7502 0.000416199
22 0.97091 31.7503 0.000397243
23 0.94459 31.7503 0.000359332
24 0.93899 31.7503 0.000343988
25 0.922556 31.7503 0.0003319
26 0.914146 31.7503 0.000275816
min energy  # max energy
-56.5355 31.7503
