Initial energy of the MPS: -0.0211638
# DMRG Sweep # Mid bond EE # Energy # Std #
0 0.0100879 -52.7555 13.2028
1 0.754294 -56.5336 0.0145985
2 0.935309 -56.5354 0.00334614
3 0.962546 -56.5355 0.00271436
4 0.964611 -56.5355 0.0027311
5 0.964832 -56.5355 0.00269684
6 0.96488 -56.5355 0.00264352
7 0.964901 -56.5355 0.00259854
8 0.964913 -56.5355 0.00257154
9 0.964921 -56.5355 0.00255311
10 0.964926 -56.5355 0.0025368
11 0.964932 -56.5355 0.00252557
12 0.964934 -56.5355 0.00251985
13 0.964936 -56.5355 0.00251614
14 0.964938 -56.5355 0.00251294
15 0.964938 -56.5355 0.00251075
16 0.964939 -56.5355 0.00250955
17 0.964939 -56.5355 0.00250891
18 0.964939 -56.5355 0.00250844
19 0.964939 -56.5355 0.00250805
20 0.964939 -56.5355 0.00250769
21 0.964939 -56.5355 0.00250737
22 0.964939 -56.5355 0.00250706
23 0.964939 -56.5355 0.00250678
24 0.964939 -56.5355 0.0025065
25 0.964939 -56.5355 0.00250625
26 0.964939 -56.5355 0.00250598
27 0.96494 -56.5355 0.00250574
28 0.96494 -56.5355 0.00250549
29 0.96494 -56.5355 0.00250525
30 0.96494 -56.5355 0.00250501
31 0.96494 -56.5355 0.00250478
32 0.96494 -56.5355 0.00250453
33 0.96494 -56.5355 0.00250429
34 0.96494 -56.5355 0.00250405
35 0.96494 -56.5355 0.00250382
36 0.96494 -56.5355 0.00250359
37 0.96494 -56.5355 0.00250338
38 0.96494 -56.5355 0.00250317
39 0.96494 -56.5355 0.00250298
40 0.96494 -56.5355 0.0025028
41 0.96494 -56.5355 0.00250264
42 0.96494 -56.5355 0.00250249
43 0.96494 -56.5355 0.00250236
44 0.96494 -56.5355 0.00250224
45 0.96494 -56.5355 0.00250214
46 0.96494 -56.5355 0.00250204
47 0.96494 -56.5355 0.00250197
48 0.96494 -56.5355 0.00250188
49 0.96494 -56.5355 0.00250182
50 0.96494 -56.5355 0.00250175
51 0.96494 -56.5355 0.0025017
52 0.96494 -56.5355 0.00250164
53 0.96494 -56.5355 0.0025016
54 0.96494 -56.5355 0.00250154
55 0.96494 -56.5355 0.0025015
56 0.96494 -56.5355 0.00250146
57 0.96494 -56.5355 0.00250143
58 0.96494 -56.5355 0.00250139
59 0.96494 -56.5355 0.00250137
60 0.96494 -56.5355 0.00250133
61 0.96494 -56.5355 0.00250132
62 0.96494 -56.5355 0.00250129
63 0.96494 -56.5355 0.00250129
64 0.96494 -56.5355 0.00250127
65 0.96494 -56.5355 0.00250126
66 0.96494 -56.5355 0.00250124
67 0.96494 -56.5355 0.00250124
68 0.96494 -56.5355 0.00250123
69 0.96494 -56.5355 0.00250123
70 0.96494 -56.5355 0.00250121
71 0.96494 -56.5355 0.00250121
72 0.96494 -56.5355 0.0025012
73 0.96494 -56.5355 0.0025012
74 0.96494 -56.5355 0.00250119
75 0.96494 -56.5355 0.00250119
76 0.96494 -56.5355 0.00250117
77 0.96494 -56.5355 0.00250118
78 0.96494 -56.5355 0.00250116
79 0.96494 -56.5355 0.00250117
80 0.96494 -56.5355 0.00250116
81 0.96494 -56.5355 0.00250116
82 0.96494 -56.5355 0.00250115
83 0.96494 -56.5355 0.00250116
84 0.96494 -56.5355 0.00250114
85 0.96494 -56.5355 0.00250115
86 0.96494 -56.5355 0.00250114
87 0.96494 -56.5355 0.00250114
88 0.96494 -56.5355 0.00250113
89 0.96494 -56.5355 0.00250114
90 0.96494 -56.5355 0.00250112
91 0.96494 -56.5355 0.00250113
92 0.96494 -56.5355 0.00250112
93 0.96494 -56.5355 0.00250113
94 0.96494 -56.5355 0.00250112
95 0.96494 -56.5355 0.00250112
96 0.96494 -56.5355 0.00250111
97 0.96494 -56.5355 0.00250112
98 0.96494 -56.5355 0.00250111
99 0.96494 -56.5355 0.00250111
Initial energy of the MPS: -0.345795
# DMRG Sweep # Mid bond EE # Energy # Std #
0 0.00722965 30.1965 5.39169
1 0.696411 31.7416 0.0422592
2 0.69447 31.7491 0.0119178
3 0.706551 31.75 0.00413403
4 0.716032 31.7502 0.00177671
5 0.710829 31.7503 0.00117286
6 0.746266 31.7503 0.000915425
7 0.797486 31.7504 0.000646792
8 0.828349 31.7504 0.000667599
9 0.868075 31.7504 0.000591323
10 0.8766 31.7504 0.000465589
11 0.891904 31.7504 0.000418574
12 0.899913 31.7505 0.000351979
13 0.90014 31.7505 0.000394347
14 0.877556 31.7505 0.000470333
15 0.819626 31.7505 0.000865246
16 0.616649 31.7505 0.000692383
17 0.19411 31.7505 0.000273733
min energy  # max energy
-56.5355 31.7505
