Initial energy of the MPS: -0.0211932
# DMRG Sweep # Mid bond EE # Energy # Std #
0 0.0100873 -52.7552 13.2026
1 0.754095 -56.5336 0.014583
2 0.935181 -56.5354 0.00334584
3 0.962538 -56.5355 0.00271436
4 0.96461 -56.5355 0.00273074
5 0.96483 -56.5355 0.0026968
6 0.964877 -56.5355 0.00264302
7 0.964899 -56.5355 0.00259766
8 0.964911 -56.5355 0.00257049
9 0.964919 -56.5355 0.00255169
10 0.964925 -56.5355 0.0025361
11 0.96493 -56.5355 0.00252554
12 0.964932 -56.5355 0.00251948
13 0.964934 -56.5355 0.00251536
14 0.964936 -56.5355 0.0025121
15 0.964936 -56.5355 0.00250978
16 0.964937 -56.5355 0.00250818
17 0.964937 -56.5355 0.0025073
18 0.964937 -56.5355 0.00250676
19 0.964937 -56.5355 0.00250632
20 0.964937 -56.5355 0.00250592
21 0.964938 -56.5355 0.00250558
22 0.964938 -56.5355 0.00250526
23 0.964938 -56.5355 0.00250496
24 0.964938 -56.5355 0.00250468
25 0.964938 -56.5355 0.00250444
26 0.964938 -56.5355 0.0025042
27 0.964938 -56.5355 0.00250398
28 0.964938 -56.5355 0.00250378
29 0.964938 -56.5355 0.0025036
30 0.964938 -56.5355 0.00250341
31 0.964938 -56.5355 0.00250326
32 0.964938 -56.5355 0.00250309
33 0.964938 -56.5355 0.00250296
34 0.964938 -56.5355 0.00250281
35 0.964938 -56.5355 0.00250269
36 0.964938 -56.5355 0.00250255
37 0.964938 -56.5355 0.00250244
38 0.964938 -56.5355 0.00250233
39 0.964938 -56.5355 0.00250223
40 0.964938 -56.5355 0.00250212
41 0.964938 -56.5355 0.00250204
42 0.964938 -56.5355 0.00250194
43 0.964938 -56.5355 0.00250188
44 0.964938 -56.5355 0.00250179
45 0.964938 -56.5355 0.00250173
46 0.964938 -56.5355 0.00250166
47 0.964938 -56.5355 0.00250161
48 0.964938 -56.5355 0.00250154
49 0.964938 -56.5355 0.00250149
50 0.964938 -56.5355 0.00250143
51 0.964938 -56.5355 0.00250139
52 0.964938 -56.5355 0.00250133
53 0.964938 -56.5355 0.00250129
54 0.964938 -56.5355 0.00250124
55 0.964938 -56.5355 0.0025012
56 0.964938 -56.5355 0.00250115
57 0.964938 -56.5355 0.00250112
58 0.964938 -56.5355 0.00250106
59 0.964938 -56.5355 0.00250103
60 0.964938 -56.5355 0.00250099
61 0.964938 -56.5355 0.00250095
62 0.964938 -56.5355 0.00250091
63 0.964938 -56.5355 0.00250088
64 0.964938 -56.5355 0.00250084
65 0.964938 -56.5355 0.00250082
66 0.964938 -56.5355 0.00250079
67 0.964938 -56.5355 0.00250076
68 0.964938 -56.5355 0.00250074
69 0.964938 -56.5355 0.00250073
70 0.964938 -56.5355 0.00250071
71 0.964938 -56.5355 0.00250071
72 0.964938 -56.5355 0.00250068
73 0.964938 -56.5355 0.00250068
74 0.964938 -56.5355 0.00250067
75 0.964938 -56.5355 0.00250067
76 0.964938 -56.5355 0.00250065
77 0.964938 -56.5355 0.00250065
78 0.964938 -56.5355 0.00250064
79 0.964938 -56.5355 0.00250064
80 0.964938 -56.5355 0.00250063
81 0.964938 -56.5355 0.00250063
82 0.964938 -56.5355 0.00250062
83 0.964938 -56.5355 0.00250062
84 0.964938 -56.5355 0.00250061
85 0.964938 -56.5355 0.00250061
86 0.964938 -56.5355 0.0025006
87 0.964938 -56.5355 0.00250061
88 0.964938 -56.5355 0.0025006
89 0.964938 -56.5355 0.0025006
90 0.964938 -56.5355 0.00250059
91 0.964938 -56.5355 0.00250059
92 0.964938 -56.5355 0.00250059
93 0.964938 -56.5355 0.00250059
94 0.964938 -56.5355 0.00250058
95 0.964938 -56.5355 0.00250058
96 0.964938 -56.5355 0.00250057
97 0.964938 -56.5355 0.00250057
98 0.964938 -56.5355 0.00250057
99 0.964938 -56.5355 0.00250058
Initial energy of the MPS: -0.345827
# DMRG Sweep # Mid bond EE # Energy # Std #
0 0.00592187 30.2046 5.39286
1 0.705127 31.7422 0.0418629
2 0.696747 31.7491 0.0114614
3 0.714372 31.75 0.00429246
4 0.722279 31.7501 0.00155751
5 0.721967 31.7502 0.00108765
6 0.725249 31.7502 0.000897892
7 0.795456 31.7503 0.000581783
8 0.816272 31.7503 0.000591159
9 0.875679 31.7503 0.000537841
10 0.887662 31.7503 0.000478809
11 0.91602 31.7503 0.000444812
12 0.904029 31.7503 0.000482942
13 0.910008 31.7504 0.000403191
14 0.887071 31.7504 0.00038176
15 0.884773 31.7504 0.000406786
16 0.821698 31.7504 0.00063316
17 0.702173 31.7504 0.000529053
18 0.383884 31.7504 0.000325689
19 0.160071 31.7504 0.000184146
min energy  # max energy
-56.5355 31.7504
