Initial energy of the MPS: -0.021213
# DMRG Sweep # Mid bond EE # Energy # Std #
0 0.0100885 -52.7548 13.2025
1 0.754008 -56.5336 0.0145984
2 0.935176 -56.5354 0.00335247
3 0.962534 -56.5355 0.00271477
4 0.964611 -56.5355 0.0027331
5 0.964832 -56.5355 0.00269938
6 0.964879 -56.5355 0.00264608
7 0.9649 -56.5355 0.00260163
8 0.964912 -56.5355 0.0025748
9 0.96492 -56.5355 0.00255627
10 0.964926 -56.5355 0.00253947
11 0.964931 -56.5355 0.00252737
12 0.964934 -56.5355 0.00252047
13 0.964937 -56.5355 0.0025167
14 0.964938 -56.5355 0.00251376
15 0.964938 -56.5355 0.00251126
16 0.964939 -56.5355 0.00250965
17 0.964939 -56.5355 0.00250877
18 0.964939 -56.5355 0.00250815
19 0.96494 -56.5355 0.00250764
20 0.96494 -56.5355 0.00250715
21 0.96494 -56.5355 0.0025067
22 0.96494 -56.5355 0.00250627
23 0.96494 -56.5355 0.00250588
24 0.96494 -56.5355 0.0025055
25 0.96494 -56.5355 0.00250514
26 0.96494 -56.5355 0.00250481
27 0.96494 -56.5355 0.0025045
28 0.96494 -56.5355 0.00250421
29 0.96494 -56.5355 0.00250395
30 0.96494 -56.5355 0.00250371
31 0.96494 -56.5355 0.00250349
32 0.96494 -56.5355 0.00250328
33 0.96494 -56.5355 0.0025031
34 0.96494 -56.5355 0.00250293
35 0.96494 -56.5355 0.00250278
36 0.96494 -56.5355 0.00250263
37 0.96494 -56.5355 0.00250252
38 0.96494 -56.5355 0.0025024
39 0.96494 -56.5355 0.00250231
40 0.96494 -56.5355 0.00250222
41 0.96494 -56.5355 0.00250215
42 0.96494 -56.5355 0.00250208
43 0.96494 -56.5355 0.00250203
44 0.96494 -56.5355 0.00250197
45 0.96494 -56.5355 0.00250193
46 0.96494 -56.5355 0.00250188
47 0.96494 -56.5355 0.00250185
48 0.96494 -56.5355 0.00250181
49 0.96494 -56.5355 0.00250177
50 0.96494 -56.5355 0.00250173
51 0.96494 -56.5355 0.0025017
52 0.96494 -56.5355 0.00250166
53 0.96494 -56.5355 0.00250162
54 0.96494 -56.5355 0.00250159
55 0.96494 -56.5355 0.00250156
56 0.96494 -56.5355 0.00250152
57 0.96494 -56.5355 0.0025015
58 0.96494 -56.5355 0.00250147
59 0.96494 -56.5355 0.00250145
60 0.96494 -56.5355 0.00250142
61 0.96494 -56.5355 0.00250141
62 0.96494 -56.5355 0.00250139
63 0.96494 -56.5355 0.00250137
64 0.96494 -56.5355 0.00250136
65 0.96494 -56.5355 0.00250135
66 0.96494 -56.5355 0.00250133
67 0.96494 -56.5355 0.00250133
68 0.96494 -56.5355 0.00250131
69 0.96494 -56.5355 0.00250131
70 0.96494 -56.5355 0.0025013
71 0.96494 -56.5355 0.00250129
72 0.96494 -56.5355 0.00250128
73 0.96494 -56.5355 0.00250127
74 0.96494 -56.5355 0.00250126
75 0.96494 -56.5355 0.00250127
76 0.96494 -56.5355 0.00250125
77 0.96494 -56.5355 0.00250125
78 0.96494 -56.5355 0.00250124
79 0.96494 -56.5355 0.00250124
80 0.96494 -56.5355 0.00250123
81 0.96494 -56.5355 0.00250123
82 0.96494 -56.5355 0.00250122
83 0.96494 -56.5355 0.00250121
84 0.96494 -56.5355 0.00250121
85 0.96494 -56.5355 0.0025012
86 0.96494 -56.5355 0.00250119
87 0.96494 -56.5355 0.00250119
88 0.96494 -56.5355 0.00250119
89 0.96494 -56.5355 0.00250119
90 0.96494 -56.5355 0.00250117
91 0.96494 -56.5355 0.00250117
92 0.96494 -56.5355 0.00250117
93 0.96494 -56.5355 0.00250117
94 0.96494 -56.5355 0.00250116
95 0.96494 -56.5355 0.00250116
96 0.96494 -56.5355 0.00250115
97 0.96494 -56.5355 0.00250115
98 0.96494 -56.5355 0.00250114
99 0.96494 -56.5355 0.00250115
Initial energy of the MPS: -0.345786
# DMRG Sweep # Mid bond EE # Energy # Std #
0 0.00587408 30.2145 5.39345
1 0.710961 31.7421 0.0390043
2 0.694997 31.7487 0.0109871
3 0.720236 31.7496 0.00387965
4 0.704779 31.7498 0.00200291
5 0.740584 31.7499 0.00154665
6 0.812963 31.75 0.00130771
7 0.848085 31.7501 0.0012756
8 0.887588 31.7502 0.00112104
9 0.878511 31.7502 0.00122893
10 0.902631 31.7503 0.00103489
11 0.89489 31.7504 0.00102319
12 0.90909 31.7505 0.000940614
13 0.915377 31.7505 0.000871973
14 0.908039 31.7506 0.000756137
15 0.904151 31.7506 0.000696772
16 0.895412 31.7507 0.000681013
17 0.889059 31.7507 0.000621317
18 0.878758 31.7507 0.000562482
19 0.862096 31.7507 0.000663527
20 0.775286 31.7508 0.000946441
21 0.362804 31.7508 0.000335411
22 0.0454231 31.7508 7.72322e-05
min energy  # max energy
-56.5355 31.7508
