Initial energy of the MPS: -0.021245
# DMRG Sweep # Mid bond EE # Energy # Std #
0 0.0100881 -52.7555 13.2027
1 0.754463 -56.5336 0.0146218
2 0.93544 -56.5354 0.00335148
3 0.962545 -56.5355 0.00271509
4 0.964607 -56.5355 0.00273149
5 0.964828 -56.5355 0.00269685
6 0.964875 -56.5355 0.00264388
7 0.964896 -56.5355 0.00260056
8 0.964908 -56.5355 0.00257439
9 0.964916 -56.5355 0.00255618
10 0.964921 -56.5355 0.00253901
11 0.964927 -56.5355 0.00252651
12 0.96493 -56.5355 0.00252013
13 0.964932 -56.5355 0.0025168
14 0.964933 -56.5355 0.00251427
15 0.964934 -56.5355 0.00251222
16 0.964934 -56.5355 0.00251055
17 0.964935 -56.5355 0.00250949
18 0.964935 -56.5355 0.00250883
19 0.964935 -56.5355 0.00250832
20 0.964935 -56.5355 0.00250784
21 0.964935 -56.5355 0.0025074
22 0.964935 -56.5355 0.00250697
23 0.964935 -56.5355 0.00250658
24 0.964935 -56.5355 0.0025062
25 0.964935 -56.5355 0.00250585
26 0.964935 -56.5355 0.00250551
27 0.964935 -56.5355 0.0025052
28 0.964935 -56.5355 0.0025049
29 0.964935 -56.5355 0.00250463
30 0.964935 -56.5355 0.00250435
31 0.964935 -56.5355 0.00250411
32 0.964935 -56.5355 0.00250387
33 0.964935 -56.5355 0.00250366
34 0.964935 -56.5355 0.00250345
35 0.964935 -56.5355 0.00250327
36 0.964935 -56.5355 0.00250309
37 0.964935 -56.5355 0.00250294
38 0.964935 -56.5355 0.00250279
39 0.964935 -56.5355 0.00250268
40 0.964935 -56.5355 0.00250256
41 0.964935 -56.5355 0.00250246
42 0.964935 -56.5355 0.00250236
43 0.964935 -56.5355 0.00250229
44 0.964936 -56.5355 0.00250221
45 0.964936 -56.5355 0.00250215
46 0.964936 -56.5355 0.00250209
47 0.964936 -56.5355 0.00250205
48 0.964936 -56.5355 0.00250199
49 0.964936 -56.5355 0.00250197
50 0.964936 -56.5355 0.00250193
51 0.964936 -56.5355 0.00250191
52 0.964936 -56.5355 0.00250187
53 0.964936 -56.5355 0.00250186
54 0.964936 -56.5355 0.00250183
55 0.964936 -56.5355 0.00250182
56 0.964936 -56.5355 0.00250181
57 0.964936 -56.5355 0.00250179
58 0.964936 -56.5355 0.00250178
59 0.964936 -56.5355 0.00250177
60 0.964936 -56.5355 0.00250175
61 0.964936 -56.5355 0.00250175
62 0.964936 -56.5355 0.00250173
63 0.964936 -56.5355 0.00250173
64 0.964936 -56.5355 0.00250171
65 0.964936 -56.5355 0.00250171
66 0.964936 -56.5355 0.00250169
67 0.964936 -56.5355 0.0025017
68 0.964936 -56.5355 0.00250169
69 0.964936 -56.5355 0.00250169
70 0.964936 -56.5355 0.00250167
71 0.964936 -56.5355 0.00250167
72 0.964936 -56.5355 0.00250166
73 0.964936 -56.5355 0.00250166
74 0.964936 -56.5355 0.00250164
75 0.964936 -56.5355 0.00250165
76 0.964936 -56.5355 0.00250164
77 0.964936 -56.5355 0.00250164
78 0.964936 -56.5355 0.00250163
79 0.964936 -56.5355 0.00250163
80 0.964936 -56.5355 0.00250162
81 0.964936 -56.5355 0.00250162
82 0.964936 -56.5355 0.00250161
83 0.964936 -56.5355 0.00250161
84 0.964936 -56.5355 0.0025016
85 0.964936 -56.5355 0.0025016
86 0.964936 -56.5355 0.00250159
87 0.964936 -56.5355 0.00250159
88 0.964936 -56.5355 0.00250158
89 0.964936 -56.5355 0.00250158
90 0.964936 -56.5355 0.00250157
91 0.964936 -56.5355 0.00250158
92 0.964936 -56.5355 0.00250157
93 0.964936 -56.5355 0.00250157
94 0.964936 -56.5355 0.00250156
95 0.964936 -56.5355 0.00250156
96 0.964936 -56.5355 0.00250155
97 0.964936 -56.5355 0.00250156
98 0.964936 -56.5355 0.00250155
99 0.964936 -56.5355 0.00250155
Initial energy of the MPS: -0.345836
# DMRG Sweep # Mid bond EE # Energy # Std #
0 0.00568732 30.2149 5.3934
1 0.709809 31.742 0.0412522
2 0.698354 31.749 0.0117301
3 0.724131 31.7499 0.00377097
4 0.720839 31.7501 0.00132073
5 0.757536 31.7501 0.000640467
6 0.721904 31.7501 0.000599373
7 0.79208 31.7501 0.000449516
8 0.817195 31.7501 0.000433199
9 0.894366 31.7501 0.000324738
10 0.916184 31.7502 0.000330428
11 0.944799 31.7502 0.000386515
12 0.932626 31.7502 0.000363218
13 0.945275 31.7502 0.000236469
min energy  # max energy
-56.5355 31.7502
