Initial energy of the MPS: -0.021226
# DMRG Sweep # Mid bond EE # Energy # Std #
0 0.010089 -52.7545 13.2026
1 0.754174 -56.5336 0.014564
2 0.935198 -56.5354 0.00334702
3 0.962543 -56.5355 0.00271352
4 0.964609 -56.5355 0.00273106
5 0.964831 -56.5355 0.00269773
6 0.964878 -56.5355 0.00264575
7 0.964899 -56.5355 0.00260169
8 0.964911 -56.5355 0.00257376
9 0.964919 -56.5355 0.0025546
10 0.964924 -56.5355 0.00253756
11 0.96493 -56.5355 0.0025257
12 0.964933 -56.5355 0.00251967
13 0.964935 -56.5355 0.00251587
14 0.964936 -56.5355 0.00251273
15 0.964937 -56.5355 0.00251041
16 0.964938 -56.5355 0.00250871
17 0.964938 -56.5355 0.00250771
18 0.964938 -56.5355 0.00250709
19 0.964938 -56.5355 0.0025066
20 0.964938 -56.5355 0.00250615
21 0.964938 -56.5355 0.00250575
22 0.964938 -56.5355 0.00250537
23 0.964938 -56.5355 0.00250504
24 0.964938 -56.5355 0.00250471
25 0.964938 -56.5355 0.00250441
26 0.964938 -56.5355 0.00250411
27 0.964938 -56.5355 0.00250384
28 0.964938 -56.5355 0.00250358
29 0.964939 -56.5355 0.00250334
30 0.964939 -56.5355 0.00250311
31 0.964939 -56.5355 0.00250289
32 0.964939 -56.5355 0.00250269
33 0.964939 -56.5355 0.00250251
34 0.964939 -56.5355 0.00250232
35 0.964939 -56.5355 0.00250217
36 0.964939 -56.5355 0.00250202
37 0.964939 -56.5355 0.00250189
38 0.964939 -56.5355 0.00250176
39 0.964939 -56.5355 0.00250167
40 0.964939 -56.5355 0.00250155
41 0.964939 -56.5355 0.00250148
42 0.964939 -56.5355 0.0025014
43 0.964939 -56.5355 0.00250134
44 0.964939 -56.5355 0.00250128
45 0.964939 -56.5355 0.00250124
46 0.964939 -56.5355 0.00250118
47 0.964939 -56.5355 0.00250115
48 0.964939 -56.5355 0.0025011
49 0.964939 -56.5355 0.00250107
50 0.964939 -56.5355 0.00250103
51 0.964939 -56.5355 0.002501
52 0.964939 -56.5355 0.00250096
53 0.964939 -56.5355 0.00250093
54 0.964939 -56.5355 0.00250089
55 0.964939 -56.5355 0.00250086
56 0.964939 -56.5355 0.00250082
57 0.964939 -56.5355 0.00250079
58 0.964939 -56.5355 0.00250076
59 0.964939 -56.5355 0.00250074
60 0.964939 -56.5355 0.0025007
61 0.964939 -56.5355 0.00250068
62 0.964939 -56.5355 0.00250065
63 0.964939 -56.5355 0.00250064
64 0.964939 -56.5355 0.00250062
65 0.964939 -56.5355 0.00250061
66 0.964939 -56.5355 0.00250059
67 0.964939 -56.5355 0.00250057
68 0.964939 -56.5355 0.00250056
69 0.964939 -56.5355 0.00250056
70 0.964939 -56.5355 0.00250054
71 0.964939 -56.5355 0.00250054
72 0.964939 -56.5355 0.00250053
73 0.964939 -56.5355 0.00250052
74 0.964939 -56.5355 0.00250051
75 0.964939 -56.5355 0.00250051
76 0.964939 -56.5355 0.0025005
77 0.964939 -56.5355 0.0025005
78 0.964939 -56.5355 0.00250049
79 0.964939 -56.5355 0.00250049
80 0.964939 -56.5355 0.00250048
81 0.964939 -56.5355 0.00250047
82 0.964939 -56.5355 0.00250047
83 0.964939 -56.5355 0.00250046
84 0.964939 -56.5355 0.00250046
85 0.964939 -56.5355 0.00250046
86 0.964939 -56.5355 0.00250045
87 0.964939 -56.5355 0.00250045
88 0.964939 -56.5355 0.00250044
89 0.964939 -56.5355 0.00250044
90 0.964939 -56.5355 0.00250043
91 0.964939 -56.5355 0.00250043
92 0.964939 -56.5355 0.00250043
93 0.964939 -56.5355 0.00250042
94 0.964939 -56.5355 0.00250042
95 0.964939 -56.5355 0.00250042
96 0.964939 -56.5355 0.00250042
97 0.964939 -56.5355 0.00250041
98 0.964939 -56.5355 0.0025004
99 0.964939 -56.5355 0.00250041
Initial energy of the MPS: -0.345791
# DMRG Sweep # Mid bond EE # Energy # Std #
0 0.00477256 30.2122 5.39221
1 0.697195 31.7414 0.0403468
2 0.702652 31.749 0.0118666
3 0.722876 31.7499 0.00404735
4 0.720115 31.75 0.00134385
5 0.76297 31.75 0.000459486
6 0.698666 31.75 0.000384801
7 0.723644 31.7501 0.000299702
min energy  # max energy
-56.5355 31.7501
