Initial energy of the MPS: -0.0212316
# DMRG Sweep # Mid bond EE # Energy # Std #
0 0.0100882 -52.7551 13.2026
1 0.75449 -56.5336 0.0145918
2 0.935393 -56.5354 0.00334382
3 0.962551 -56.5355 0.00271781
4 0.96461 -56.5355 0.00273381
5 0.964831 -56.5355 0.00269774
6 0.964878 -56.5355 0.00264319
7 0.9649 -56.5355 0.00259779
8 0.964912 -56.5355 0.00256906
9 0.964921 -56.5355 0.00254909
10 0.964926 -56.5355 0.002534
11 0.964931 -56.5355 0.00252515
12 0.964933 -56.5355 0.00251964
13 0.964935 -56.5355 0.00251555
14 0.964936 -56.5355 0.00251225
15 0.964937 -56.5355 0.00250958
16 0.964938 -56.5355 0.00250828
17 0.964938 -56.5355 0.00250763
18 0.964938 -56.5355 0.00250715
19 0.964938 -56.5355 0.00250675
20 0.964938 -56.5355 0.00250637
21 0.964938 -56.5355 0.00250603
22 0.964938 -56.5355 0.0025057
23 0.964939 -56.5355 0.00250541
24 0.964939 -56.5355 0.00250512
25 0.964939 -56.5355 0.00250487
26 0.964939 -56.5355 0.00250462
27 0.964939 -56.5355 0.00250441
28 0.964939 -56.5355 0.0025042
29 0.964939 -56.5355 0.00250402
30 0.964939 -56.5355 0.00250385
31 0.964939 -56.5355 0.0025037
32 0.964939 -56.5355 0.00250355
33 0.964939 -56.5355 0.00250342
34 0.964939 -56.5355 0.00250328
35 0.964939 -56.5355 0.00250317
36 0.964939 -56.5355 0.00250305
37 0.964939 -56.5355 0.00250295
38 0.964939 -56.5355 0.00250284
39 0.964939 -56.5355 0.00250275
40 0.964939 -56.5355 0.00250264
41 0.964939 -56.5355 0.00250255
42 0.964939 -56.5355 0.00250245
43 0.964939 -56.5355 0.00250238
44 0.964939 -56.5355 0.00250228
45 0.964939 -56.5355 0.00250221
46 0.964939 -56.5355 0.00250213
47 0.964939 -56.5355 0.00250206
48 0.964939 -56.5355 0.00250198
49 0.964939 -56.5355 0.00250192
50 0.964939 -56.5355 0.00250185
51 0.964939 -56.5355 0.00250179
52 0.964939 -56.5355 0.00250172
53 0.964939 -56.5355 0.00250166
54 0.964939 -56.5355 0.00250159
55 0.964939 -56.5355 0.00250154
56 0.964939 -56.5355 0.00250147
57 0.964939 -56.5355 0.00250142
58 0.964939 -56.5355 0.00250137
59 0.964939 -56.5355 0.00250133
60 0.964939 -56.5355 0.00250128
61 0.964939 -56.5355 0.00250124
62 0.964939 -56.5355 0.0025012
63 0.964939 -56.5355 0.00250118
64 0.964939 -56.5355 0.00250115
65 0.964939 -56.5355 0.00250114
66 0.964939 -56.5355 0.00250111
67 0.964939 -56.5355 0.0025011
68 0.964939 -56.5355 0.00250108
69 0.964939 -56.5355 0.00250108
70 0.964939 -56.5355 0.00250106
71 0.964939 -56.5355 0.00250105
72 0.964939 -56.5355 0.00250104
73 0.964939 -56.5355 0.00250104
74 0.964939 -56.5355 0.00250103
75 0.964939 -56.5355 0.00250103
76 0.964939 -56.5355 0.00250102
77 0.964939 -56.5355 0.00250102
78 0.964939 -56.5355 0.00250101
79 0.964939 -56.5355 0.002501
80 0.964939 -56.5355 0.00250099
81 0.964939 -56.5355 0.002501
82 0.964939 -56.5355 0.00250099
83 0.964939 -56.5355 0.00250098
84 0.964939 -56.5355 0.00250098
85 0.964939 -56.5355 0.00250099
86 0.964939 -56.5355 0.00250097
87 0.964939 -56.5355 0.00250097
88 0.964939 -56.5355 0.00250096
89 0.964939 -56.5355 0.00250097
90 0.964939 -56.5355 0.00250096
91 0.964939 -56.5355 0.00250096
92 0.964939 -56.5355 0.00250096
93 0.964939 -56.5355 0.00250096
94 0.964939 -56.5355 0.00250095
95 0.964939 -56.5355 0.00250095
96 0.964939 -56.5355 0.00250095
97 0.964939 -56.5355 0.00250094
98 0.964939 -56.5355 0.00250094
99 0.964939 -56.5355 0.00250094
Initial energy of the MPS: -0.345788
# DMRG Sweep # Mid bond EE # Energy # Std #
0 0.00669504 30.2049 5.39254
1 0.7023 31.7419 0.0410568
2 0.697432 31.7492 0.0118414
3 0.71023 31.7501 0.0043303
4 0.71562 31.7503 0.00205952
5 0.705427 31.7504 0.0015709
6 0.73912 31.7505 0.000945626
7 0.812935 31.7505 0.000867904
8 0.835977 31.7505 0.000764942
9 0.857152 31.7506 0.00075105
10 0.865472 31.7506 0.000700857
11 0.864209 31.7506 0.000508857
12 0.869678 31.7506 0.000553776
13 0.829476 31.7506 0.000727137
14 0.596812 31.7507 0.000478535
15 0.220782 31.7507 0.000188113
min energy  # max energy
-56.5355 31.7507
