Initial energy of the MPS: -0.02124
# DMRG Sweep # Mid bond EE # Energy # Std #
0 0.0100877 -52.7555 13.2027
1 0.75423 -56.5336 0.014601
2 0.935267 -56.5354 0.00334493
3 0.962544 -56.5355 0.00271458
4 0.964612 -56.5355 0.00273152
5 0.964832 -56.5355 0.00269756
6 0.96488 -56.5355 0.00264389
7 0.964901 -56.5355 0.00259849
8 0.964913 -56.5355 0.00257051
9 0.964921 -56.5355 0.00255078
10 0.964927 -56.5355 0.00253449
11 0.964932 -56.5355 0.00252394
12 0.964934 -56.5355 0.00251816
13 0.964937 -56.5355 0.00251473
14 0.964938 -56.5355 0.00251217
15 0.964938 -56.5355 0.00251022
16 0.964939 -56.5355 0.00250871
17 0.964939 -56.5355 0.00250784
18 0.964939 -56.5355 0.00250731
19 0.964939 -56.5355 0.00250688
20 0.96494 -56.5355 0.00250649
21 0.96494 -56.5355 0.00250614
22 0.96494 -56.5355 0.0025058
23 0.96494 -56.5355 0.0025055
24 0.96494 -56.5355 0.0025052
25 0.96494 -56.5355 0.00250494
26 0.96494 -56.5355 0.00250467
27 0.96494 -56.5355 0.00250444
28 0.96494 -56.5355 0.00250421
29 0.96494 -56.5355 0.00250401
30 0.96494 -56.5355 0.00250381
31 0.96494 -56.5355 0.00250364
32 0.96494 -56.5355 0.00250346
33 0.96494 -56.5355 0.00250332
34 0.96494 -56.5355 0.00250316
35 0.96494 -56.5355 0.00250303
36 0.96494 -56.5355 0.00250288
37 0.96494 -56.5355 0.00250277
38 0.96494 -56.5355 0.00250265
39 0.96494 -56.5355 0.00250255
40 0.96494 -56.5355 0.00250244
41 0.96494 -56.5355 0.00250236
42 0.96494 -56.5355 0.00250227
43 0.96494 -56.5355 0.00250221
44 0.96494 -56.5355 0.00250213
45 0.96494 -56.5355 0.00250207
46 0.96494 -56.5355 0.00250201
47 0.96494 -56.5355 0.00250196
48 0.96494 -56.5355 0.0025019
49 0.96494 -56.5355 0.00250186
50 0.96494 -56.5355 0.00250179
51 0.96494 -56.5355 0.00250175
52 0.96494 -56.5355 0.00250169
53 0.96494 -56.5355 0.00250164
54 0.96494 -56.5355 0.00250157
55 0.96494 -56.5355 0.00250152
56 0.96494 -56.5355 0.00250146
57 0.96494 -56.5355 0.00250141
58 0.96494 -56.5355 0.00250135
59 0.96494 -56.5355 0.00250131
60 0.96494 -56.5355 0.00250127
61 0.96494 -56.5355 0.00250123
62 0.96494 -56.5355 0.00250119
63 0.96494 -56.5355 0.00250117
64 0.96494 -56.5355 0.00250114
65 0.96494 -56.5355 0.00250112
66 0.96494 -56.5355 0.0025011
67 0.96494 -56.5355 0.00250109
68 0.96494 -56.5355 0.00250107
69 0.96494 -56.5355 0.00250107
70 0.96494 -56.5355 0.00250105
71 0.96494 -56.5355 0.00250105
72 0.96494 -56.5355 0.00250103
73 0.96494 -56.5355 0.00250103
74 0.96494 -56.5355 0.00250102
75 0.96494 -56.5355 0.00250102
76 0.96494 -56.5355 0.00250101
77 0.96494 -56.5355 0.00250101
78 0.96494 -56.5355 0.002501
79 0.96494 -56.5355 0.00250099
80 0.96494 -56.5355 0.00250098
81 0.96494 -56.5355 0.00250098
82 0.96494 -56.5355 0.00250098
83 0.96494 -56.5355 0.00250098
84 0.96494 -56.5355 0.00250097
85 0.96494 -56.5355 0.00250097
86 0.96494 -56.5355 0.00250096
87 0.96494 -56.5355 0.00250096
88 0.96494 -56.5355 0.00250096
89 0.96494 -56.5355 0.00250096
90 0.96494 -56.5355 0.00250094
91 0.96494 -56.5355 0.00250095
92 0.96494 -56.5355 0.00250094
93 0.96494 -56.5355 0.00250095
94 0.96494 -56.5355 0.00250094
95 0.96494 -56.5355 0.00250094
96 0.96494 -56.5355 0.00250093
97 0.96494 -56.5355 0.00250093
98 0.96494 -56.5355 0.00250093
99 0.96494 -56.5355 0.00250093
Initial energy of the MPS: -0.345772
# DMRG Sweep # Mid bond EE # Energy # Std #
0 0.0070847 30.1935 5.39053
1 0.69952 31.7417 0.0398085
2 0.697911 31.749 0.0120386
3 0.717687 31.7499 0.00417317
4 0.718102 31.75 0.00147348
5 0.749043 31.7501 0.000596988
6 0.706296 31.7501 0.000491311
7 0.751617 31.7501 0.000448882
8 0.761899 31.7501 0.000385368
9 0.840789 31.7501 0.000366745
10 0.868945 31.7501 0.000299945
min energy  # max energy
-56.5355 31.7501
