Initial energy of the MPS: -0.0212292
# DMRG Sweep # Mid bond EE # Energy # Std #
0 0.010087 -52.754 13.2023
1 0.7544 -56.5336 0.0146281
2 0.935409 -56.5354 0.00334292
3 0.962555 -56.5355 0.00271636
4 0.964612 -56.5355 0.00273656
5 0.96483 -56.5355 0.00270168
6 0.964877 -56.5355 0.00264659
7 0.9649 -56.5355 0.00260237
8 0.964912 -56.5355 0.00257564
9 0.96492 -56.5355 0.00255515
10 0.964925 -56.5355 0.00253782
11 0.964931 -56.5355 0.00252708
12 0.964933 -56.5355 0.00252011
13 0.964935 -56.5355 0.00251602
14 0.964936 -56.5355 0.00251304
15 0.964937 -56.5355 0.00251034
16 0.964938 -56.5355 0.00250851
17 0.964938 -56.5355 0.00250752
18 0.964938 -56.5355 0.0025069
19 0.964938 -56.5355 0.00250639
20 0.964939 -56.5355 0.00250594
21 0.964939 -56.5355 0.00250554
22 0.964939 -56.5355 0.00250517
23 0.964939 -56.5355 0.00250485
24 0.964939 -56.5355 0.00250454
25 0.964939 -56.5355 0.00250428
26 0.964939 -56.5355 0.00250403
27 0.964939 -56.5355 0.00250382
28 0.964939 -56.5355 0.00250361
29 0.964939 -56.5355 0.00250344
30 0.964939 -56.5355 0.00250326
31 0.964939 -56.5355 0.00250312
32 0.964939 -56.5355 0.00250296
33 0.964939 -56.5355 0.00250284
34 0.964939 -56.5355 0.00250272
35 0.964939 -56.5355 0.00250261
36 0.964939 -56.5355 0.00250251
37 0.964939 -56.5355 0.00250242
38 0.964939 -56.5355 0.00250232
39 0.964939 -56.5355 0.00250226
40 0.964939 -56.5355 0.00250218
41 0.964939 -56.5355 0.00250212
42 0.964939 -56.5355 0.00250204
43 0.964939 -56.5355 0.002502
44 0.964939 -56.5355 0.00250193
45 0.964939 -56.5355 0.00250189
46 0.964939 -56.5355 0.00250184
47 0.964939 -56.5355 0.00250179
48 0.964939 -56.5355 0.00250174
49 0.964939 -56.5355 0.00250171
50 0.964939 -56.5355 0.00250166
51 0.964939 -56.5355 0.00250163
52 0.964939 -56.5355 0.00250158
53 0.964939 -56.5355 0.00250155
54 0.964939 -56.5355 0.00250151
55 0.964939 -56.5355 0.00250148
56 0.964939 -56.5355 0.00250144
57 0.964939 -56.5355 0.00250141
58 0.964939 -56.5355 0.00250138
59 0.964939 -56.5355 0.00250135
60 0.964939 -56.5355 0.00250132
61 0.964939 -56.5355 0.0025013
62 0.964939 -56.5355 0.00250128
63 0.964939 -56.5355 0.00250126
64 0.964939 -56.5355 0.00250124
65 0.964939 -56.5355 0.00250123
66 0.964939 -56.5355 0.00250121
67 0.964939 -56.5355 0.00250121
68 0.964939 -56.5355 0.00250119
69 0.964939 -56.5355 0.00250119
70 0.964939 -56.5355 0.00250117
71 0.964939 -56.5355 0.00250117
72 0.964939 -56.5355 0.00250116
73 0.964939 -56.5355 0.00250116
74 0.964939 -56.5355 0.00250115
75 0.964939 -56.5355 0.00250115
76 0.964939 -56.5355 0.00250114
77 0.964939 -56.5355 0.00250114
78 0.964939 -56.5355 0.00250113
79 0.964939 -56.5355 0.00250113
80 0.964939 -56.5355 0.00250112
81 0.964939 -56.5355 0.00250112
82 0.964939 -56.5355 0.00250111
83 0.964939 -56.5355 0.00250111
84 0.964939 -56.5355 0.0025011
85 0.964939 -56.5355 0.0025011
86 0.964939 -56.5355 0.0025011
87 0.964939 -56.5355 0.00250109
88 0.964939 -56.5355 0.00250109
89 0.964939 -56.5355 0.00250109
90 0.964939 -56.5355 0.00250108
91 0.964939 -56.5355 0.00250108
92 0.964939 -56.5355 0.00250107
93 0.964939 -56.5355 0.00250107
94 0.964939 -56.5355 0.00250107
95 0.964939 -56.5355 0.00250107
96 0.964939 -56.5355 0.00250107
97 0.964939 -56.5355 0.00250106
98 0.964939 -56.5355 0.00250105
99 0.964939 -56.5355 0.00250106
Initial energy of the MPS: -0.345833
# DMRG Sweep # Mid bond EE # Energy # Std #
0 0.00707506 30.1993 5.39209
1 0.699119 31.7422 0.0400502
2 0.695291 31.749 0.0113438
3 0.718149 31.7499 0.00404853
4 0.719674 31.75 0.00170082
5 0.791028 31.75 0.000509589
6 0.721021 31.75 0.000315948
7 0.714281 31.7501 0.000266846
min energy  # max energy
-56.5355 31.7501
