Initial energy of the MPS: -0.0212094
# DMRG Sweep # Mid bond EE # Energy # Std #
0 0.0100883 -52.7548 13.2025
1 0.754364 -56.5336 0.0145976
2 0.93533 -56.5354 0.00335779
3 0.962536 -56.5355 0.0027172
4 0.96461 -56.5355 0.00273324
5 0.964831 -56.5355 0.00269824
6 0.964878 -56.5355 0.00264578
7 0.964899 -56.5355 0.00260252
8 0.964911 -56.5355 0.00257459
9 0.964919 -56.5355 0.00255515
10 0.964925 -56.5355 0.00253805
11 0.96493 -56.5355 0.00252508
12 0.964933 -56.5355 0.00251722
13 0.964936 -56.5355 0.00251315
14 0.964937 -56.5355 0.00251064
15 0.964938 -56.5355 0.00250897
16 0.964938 -56.5355 0.00250809
17 0.964938 -56.5355 0.00250754
18 0.964938 -56.5355 0.00250707
19 0.964938 -56.5355 0.00250668
20 0.964939 -56.5355 0.00250629
21 0.964939 -56.5355 0.00250595
22 0.964939 -56.5355 0.00250561
23 0.964939 -56.5355 0.0025053
24 0.964939 -56.5355 0.00250499
25 0.964939 -56.5355 0.00250472
26 0.964939 -56.5355 0.00250443
27 0.964939 -56.5355 0.00250418
28 0.964939 -56.5355 0.00250394
29 0.964939 -56.5355 0.00250371
30 0.964939 -56.5355 0.00250349
31 0.964939 -56.5355 0.00250329
32 0.964939 -56.5355 0.0025031
33 0.964939 -56.5355 0.00250293
34 0.964939 -56.5355 0.00250277
35 0.964939 -56.5355 0.00250264
36 0.964939 -56.5355 0.00250251
37 0.964939 -56.5355 0.0025024
38 0.964939 -56.5355 0.0025023
39 0.964939 -56.5355 0.00250222
40 0.964939 -56.5355 0.00250214
41 0.964939 -56.5355 0.00250208
42 0.964939 -56.5355 0.00250201
43 0.964939 -56.5355 0.00250197
44 0.964939 -56.5355 0.00250191
45 0.964939 -56.5355 0.00250187
46 0.964939 -56.5355 0.00250182
47 0.964939 -56.5355 0.00250179
48 0.964939 -56.5355 0.00250174
49 0.964939 -56.5355 0.0025017
50 0.964939 -56.5355 0.00250167
51 0.964939 -56.5355 0.00250163
52 0.964939 -56.5355 0.00250159
53 0.964939 -56.5355 0.00250157
54 0.964939 -56.5355 0.00250153
55 0.964939 -56.5355 0.00250152
56 0.964939 -56.5355 0.00250149
57 0.964939 -56.5355 0.00250148
58 0.964939 -56.5355 0.00250146
59 0.964939 -56.5355 0.00250145
60 0.964939 -56.5355 0.00250143
61 0.964939 -56.5355 0.00250143
62 0.964939 -56.5355 0.00250141
63 0.964939 -56.5355 0.00250141
64 0.964939 -56.5355 0.00250139
65 0.964939 -56.5355 0.00250139
66 0.964939 -56.5355 0.00250138
67 0.964939 -56.5355 0.00250138
68 0.964939 -56.5355 0.00250136
69 0.964939 -56.5355 0.00250136
70 0.964939 -56.5355 0.00250135
71 0.964939 -56.5355 0.00250135
72 0.964939 -56.5355 0.00250134
73 0.964939 -56.5355 0.00250135
74 0.964939 -56.5355 0.00250133
75 0.964939 -56.5355 0.00250133
76 0.964939 -56.5355 0.00250132
77 0.964939 -56.5355 0.00250132
78 0.964939 -56.5355 0.00250131
79 0.964939 -56.5355 0.00250131
80 0.964939 -56.5355 0.00250131
81 0.964939 -56.5355 0.00250131
82 0.964939 -56.5355 0.00250129
83 0.964939 -56.5355 0.0025013
84 0.964939 -56.5355 0.00250129
85 0.964939 -56.5355 0.00250129
86 0.964939 -56.5355 0.00250128
87 0.964939 -56.5355 0.00250128
88 0.964939 -56.5355 0.00250128
89 0.964939 -56.5355 0.00250128
90 0.964939 -56.5355 0.00250127
91 0.964939 -56.5355 0.00250127
92 0.964939 -56.5355 0.00250126
93 0.964939 -56.5355 0.00250127
94 0.964939 -56.5355 0.00250126
95 0.964939 -56.5355 0.00250126
96 0.964939 -56.5355 0.00250125
97 0.964939 -56.5355 0.00250126
98 0.964939 -56.5355 0.00250125
99 0.964939 -56.5355 0.00250125
Initial energy of the MPS: -0.345809
# DMRG Sweep # Mid bond EE # Energy # Std #
0 0.00645666 30.2177 5.39316
1 0.707992 31.7414 0.0410129
2 0.697338 31.7491 0.0119904
3 0.712955 31.75 0.00399391
4 0.718969 31.7501 0.00129829
5 0.726651 31.7501 0.000879158
6 0.739072 31.7502 0.000638231
7 0.809663 31.7502 0.0004417
8 0.838758 31.7502 0.000500543
9 0.907465 31.7502 0.000354385
10 0.912889 31.7502 0.000353737
11 0.933847 31.7502 0.00043056
12 0.928184 31.7502 0.000452556
13 0.928931 31.7502 0.000333176
14 0.933139 31.7502 0.000299102
min energy  # max energy
-56.5355 31.7502
