Initial energy of the MPS: -0.0212882
# DMRG Sweep # Mid bond EE # Energy # Std #
0 0.0100887 -52.7549 13.2026
1 0.754284 -56.5336 0.0146112
2 0.935325 -56.5354 0.00335241
3 0.962542 -56.5355 0.00271504
4 0.964609 -56.5355 0.00273138
5 0.96483 -56.5355 0.00269677
6 0.964877 -56.5355 0.00264361
7 0.964898 -56.5355 0.00260017
8 0.96491 -56.5355 0.0025741
9 0.964917 -56.5355 0.00255629
10 0.964923 -56.5355 0.00253975
11 0.964929 -56.5355 0.00252741
12 0.964931 -56.5355 0.00252074
13 0.964934 -56.5355 0.00251714
14 0.964935 -56.5355 0.00251446
15 0.964936 -56.5355 0.00251234
16 0.964936 -56.5355 0.00251064
17 0.964936 -56.5355 0.00250958
18 0.964937 -56.5355 0.00250893
19 0.964937 -56.5355 0.00250842
20 0.964937 -56.5355 0.00250794
21 0.964937 -56.5355 0.00250751
22 0.964937 -56.5355 0.00250709
23 0.964937 -56.5355 0.00250671
24 0.964937 -56.5355 0.00250633
25 0.964937 -56.5355 0.00250599
26 0.964937 -56.5355 0.00250565
27 0.964937 -56.5355 0.00250534
28 0.964937 -56.5355 0.00250505
29 0.964937 -56.5355 0.00250477
30 0.964937 -56.5355 0.00250451
31 0.964937 -56.5355 0.00250427
32 0.964937 -56.5355 0.00250403
33 0.964937 -56.5355 0.00250383
34 0.964937 -56.5355 0.00250363
35 0.964937 -56.5355 0.00250346
36 0.964937 -56.5355 0.00250329
37 0.964937 -56.5355 0.00250315
38 0.964937 -56.5355 0.00250301
39 0.964937 -56.5355 0.0025029
40 0.964937 -56.5355 0.00250278
41 0.964937 -56.5355 0.0025027
42 0.964937 -56.5355 0.0025026
43 0.964937 -56.5355 0.00250253
44 0.964937 -56.5355 0.00250245
45 0.964937 -56.5355 0.0025024
46 0.964937 -56.5355 0.00250233
47 0.964937 -56.5355 0.00250228
48 0.964937 -56.5355 0.00250223
49 0.964937 -56.5355 0.00250219
50 0.964937 -56.5355 0.00250215
51 0.964937 -56.5355 0.00250211
52 0.964937 -56.5355 0.00250208
53 0.964937 -56.5355 0.00250206
54 0.964937 -56.5355 0.00250203
55 0.964937 -56.5355 0.00250202
56 0.964937 -56.5355 0.00250199
57 0.964937 -56.5355 0.00250199
58 0.964937 -56.5355 0.00250196
59 0.964937 -56.5355 0.00250196
60 0.964937 -56.5355 0.00250194
61 0.964937 -56.5355 0.00250193
62 0.964937 -56.5355 0.00250191
63 0.964937 -56.5355 0.00250191
64 0.964937 -56.5355 0.00250189
65 0.964937 -56.5355 0.00250189
66 0.964937 -56.5355 0.00250188
67 0.964937 -56.5355 0.00250188
68 0.964937 -56.5355 0.00250187
69 0.964937 -56.5355 0.00250186
70 0.964937 -56.5355 0.00250185
71 0.964937 -56.5355 0.00250185
72 0.964937 -56.5355 0.00250183
73 0.964937 -56.5355 0.00250183
74 0.964937 -56.5355 0.00250182
75 0.964937 -56.5355 0.00250182
76 0.964937 -56.5355 0.00250181
77 0.964937 -56.5355 0.00250181
78 0.964937 -56.5355 0.0025018
79 0.964937 -56.5355 0.0025018
80 0.964937 -56.5355 0.00250179
81 0.964937 -56.5355 0.00250179
82 0.964937 -56.5355 0.00250178
83 0.964937 -56.5355 0.00250178
84 0.964937 -56.5355 0.00250177
85 0.964937 -56.5355 0.00250176
86 0.964937 -56.5355 0.00250176
87 0.964937 -56.5355 0.00250175
88 0.964937 -56.5355 0.00250174
89 0.964937 -56.5355 0.00250175
90 0.964937 -56.5355 0.00250174
91 0.964937 -56.5355 0.00250174
92 0.964937 -56.5355 0.00250173
93 0.964937 -56.5355 0.00250173
94 0.964937 -56.5355 0.00250172
95 0.964937 -56.5355 0.00250172
96 0.964937 -56.5355 0.00250172
97 0.964937 -56.5355 0.00250172
98 0.964937 -56.5355 0.00250171
99 0.964937 -56.5355 0.00250171
Initial energy of the MPS: -0.345811
# DMRG Sweep # Mid bond EE # Energy # Std #
0 0.004871 30.2162 5.3927
1 0.700521 31.7419 0.0402719
2 0.70201 31.7488 0.0125258
3 0.718404 31.7497 0.00407173
4 0.707069 31.7499 0.00154415
5 0.713414 31.7499 0.00101775
6 0.755105 31.75 0.00073089
7 0.806517 31.75 0.000604273
8 0.881494 31.75 0.000471373
9 0.929665 31.75 0.000495756
10 0.952323 31.75 0.000462739
11 0.98092 31.75 0.000460703
12 0.985937 31.75 0.000519887
13 0.989674 31.7501 0.000512127
14 0.991191 31.7501 0.000492397
15 1.00862 31.7501 0.000393545
16 1.01861 31.7501 0.000483743
17 1.00277 31.7501 0.000444485
18 1.00048 31.7501 0.000468567
19 1.00603 31.7501 0.000451363
20 1.00284 31.7502 0.000379863
21 1.00115 31.7502 0.000387154
22 1.0008 31.7502 0.000372978
23 0.998479 31.7502 0.000370035
24 0.990675 31.7502 0.000374564
25 0.983762 31.7502 0.000377189
26 0.969649 31.7502 0.000396129
27 0.956298 31.7502 0.000391357
28 0.939482 31.7502 0.000337247
29 0.930752 31.7502 0.000266354
min energy  # max energy
-56.5355 31.7502
