Initial energy of the MPS: -0.0211984
# DMRG Sweep # Mid bond EE # Energy # Std #
0 0.0100866 -52.7542 13.2024
1 0.754171 -56.5336 0.0146055
2 0.935252 -56.5354 0.00334457
3 0.962546 -56.5355 0.00271825
4 0.964611 -56.5355 0.00273718
5 0.96483 -56.5355 0.00270064
6 0.964878 -56.5355 0.00264472
7 0.9649 -56.5355 0.00260023
8 0.964912 -56.5355 0.00257319
9 0.964921 -56.5355 0.00255307
10 0.964926 -56.5355 0.00253744
11 0.964931 -56.5355 0.00252867
12 0.964932 -56.5355 0.00252245
13 0.964935 -56.5355 0.00251744
14 0.964936 -56.5355 0.00251372
15 0.964937 -56.5355 0.00251038
16 0.964938 -56.5355 0.00250827
17 0.964938 -56.5355 0.00250723
18 0.964939 -56.5355 0.00250657
19 0.964939 -56.5355 0.00250604
20 0.964939 -56.5355 0.00250556
21 0.964939 -56.5355 0.00250514
22 0.964939 -56.5355 0.00250476
23 0.964939 -56.5355 0.00250442
24 0.964939 -56.5355 0.0025041
25 0.964939 -56.5355 0.00250383
26 0.964939 -56.5355 0.00250356
27 0.964939 -56.5355 0.00250334
28 0.964939 -56.5355 0.00250311
29 0.964939 -56.5355 0.00250294
30 0.964939 -56.5355 0.00250275
31 0.964939 -56.5355 0.0025026
32 0.964939 -56.5355 0.00250244
33 0.964939 -56.5355 0.00250231
34 0.964939 -56.5355 0.00250218
35 0.964939 -56.5355 0.00250208
36 0.964939 -56.5355 0.00250196
37 0.964939 -56.5355 0.00250188
38 0.964939 -56.5355 0.00250178
39 0.964939 -56.5355 0.00250172
40 0.964939 -56.5355 0.00250163
41 0.964939 -56.5355 0.00250158
42 0.964939 -56.5355 0.00250151
43 0.964939 -56.5355 0.00250146
44 0.964939 -56.5355 0.0025014
45 0.964939 -56.5355 0.00250136
46 0.964939 -56.5355 0.00250131
47 0.964939 -56.5355 0.00250127
48 0.964939 -56.5355 0.00250122
49 0.964939 -56.5355 0.00250118
50 0.964939 -56.5355 0.00250113
51 0.964939 -56.5355 0.00250109
52 0.964939 -56.5355 0.00250105
53 0.964939 -56.5355 0.00250102
54 0.964939 -56.5355 0.00250097
55 0.964939 -56.5355 0.00250094
56 0.964939 -56.5355 0.0025009
57 0.964939 -56.5355 0.00250088
58 0.964939 -56.5355 0.00250084
59 0.964939 -56.5355 0.00250082
60 0.964939 -56.5355 0.00250079
61 0.964939 -56.5355 0.00250077
62 0.964939 -56.5355 0.00250074
63 0.964939 -56.5355 0.00250074
64 0.964939 -56.5355 0.00250071
65 0.964939 -56.5355 0.00250071
66 0.964939 -56.5355 0.00250068
67 0.964939 -56.5355 0.00250069
68 0.964939 -56.5355 0.00250067
69 0.964939 -56.5355 0.00250067
70 0.964939 -56.5355 0.00250065
71 0.964939 -56.5355 0.00250065
72 0.964939 -56.5355 0.00250064
73 0.964939 -56.5355 0.00250065
74 0.964939 -56.5355 0.00250064
75 0.964939 -56.5355 0.00250064
76 0.964939 -56.5355 0.00250063
77 0.964939 -56.5355 0.00250063
78 0.964939 -56.5355 0.00250061
79 0.964939 -56.5355 0.00250062
80 0.964939 -56.5355 0.00250061
81 0.964939 -56.5355 0.00250061
82 0.964939 -56.5355 0.00250061
83 0.964939 -56.5355 0.00250061
84 0.964939 -56.5355 0.0025006
85 0.964939 -56.5355 0.0025006
86 0.964939 -56.5355 0.00250059
87 0.964939 -56.5355 0.0025006
88 0.964939 -56.5355 0.00250058
89 0.964939 -56.5355 0.00250059
90 0.964939 -56.5355 0.00250058
91 0.964939 -56.5355 0.00250058
92 0.964939 -56.5355 0.00250057
93 0.964939 -56.5355 0.00250058
94 0.964939 -56.5355 0.00250057
95 0.964939 -56.5355 0.00250057
96 0.964939 -56.5355 0.00250057
97 0.964939 -56.5355 0.00250057
98 0.964939 -56.5355 0.00250056
99 0.964939 -56.5355 0.00250056
Initial energy of the MPS: -0.345754
# DMRG Sweep # Mid bond EE # Energy # Std #
0 0.00624358 30.2052 5.39238
1 0.706149 31.7415 0.0421711
2 0.697262 31.7488 0.0118001
3 0.713707 31.7497 0.00437645
4 0.71769 31.7499 0.00158293
5 0.731082 31.7499 0.00112122
6 0.776319 31.75 0.000725105
7 0.838289 31.75 0.000583249
8 0.907631 31.75 0.000556167
9 0.933911 31.75 0.000524445
10 0.975729 31.75 0.000576059
11 0.984536 31.7501 0.000617165
12 0.991058 31.7501 0.000490581
13 1.00723 31.7501 0.000429785
14 1.01319 31.7501 0.000426139
15 1.01813 31.7501 0.000428565
16 1.01828 31.7501 0.000458214
17 1.00769 31.7502 0.000501215
18 1.00202 31.7502 0.000428483
19 1.00392 31.7502 0.000408335
20 0.996333 31.7502 0.000378508
21 1.0001 31.7502 0.000384743
22 0.983348 31.7502 0.000379135
23 0.982032 31.7502 0.00034311
24 0.96682 31.7502 0.000309387
min energy  # max energy
-56.5355 31.7502
