Initial energy of the MPS: -0.0212685
# DMRG Sweep # Mid bond EE # Energy # Std #
0 0.0100889 -52.7551 13.2027
1 0.754175 -56.5336 0.0145803
2 0.935209 -56.5354 0.00335024
3 0.96254 -56.5355 0.00271457
4 0.96461 -56.5355 0.00273099
5 0.964832 -56.5355 0.00269693
6 0.964879 -56.5355 0.00264398
7 0.9649 -56.5355 0.0025999
8 0.964912 -56.5355 0.0025738
9 0.964919 -56.5355 0.00255594
10 0.964925 -56.5355 0.00253881
11 0.964931 -56.5355 0.00252662
12 0.964934 -56.5355 0.0025205
13 0.964936 -56.5355 0.00251684
14 0.964937 -56.5355 0.00251372
15 0.964938 -56.5355 0.00251131
16 0.964938 -56.5355 0.00250952
17 0.964939 -56.5355 0.00250846
18 0.964939 -56.5355 0.00250783
19 0.964939 -56.5355 0.00250734
20 0.964939 -56.5355 0.00250688
21 0.964939 -56.5355 0.00250647
22 0.964939 -56.5355 0.00250607
23 0.964939 -56.5355 0.0025057
24 0.964939 -56.5355 0.00250534
25 0.964939 -56.5355 0.00250502
26 0.964939 -56.5355 0.00250469
27 0.964939 -56.5355 0.0025044
28 0.964939 -56.5355 0.00250411
29 0.964939 -56.5355 0.00250385
30 0.964939 -56.5355 0.00250359
31 0.964939 -56.5355 0.00250336
32 0.964939 -56.5355 0.00250313
33 0.964939 -56.5355 0.00250293
34 0.964939 -56.5355 0.00250273
35 0.96494 -56.5355 0.00250257
36 0.96494 -56.5355 0.0025024
37 0.96494 -56.5355 0.00250227
38 0.96494 -56.5355 0.00250212
39 0.96494 -56.5355 0.00250202
40 0.96494 -56.5355 0.00250191
41 0.96494 -56.5355 0.00250182
42 0.96494 -56.5355 0.00250173
43 0.96494 -56.5355 0.00250167
44 0.96494 -56.5355 0.0025016
45 0.96494 -56.5355 0.00250155
46 0.96494 -56.5355 0.00250148
47 0.96494 -56.5355 0.00250144
48 0.96494 -56.5355 0.00250138
49 0.96494 -56.5355 0.00250135
50 0.96494 -56.5355 0.00250129
51 0.96494 -56.5355 0.00250127
52 0.96494 -56.5355 0.00250122
53 0.96494 -56.5355 0.00250119
54 0.96494 -56.5355 0.00250115
55 0.96494 -56.5355 0.00250112
56 0.96494 -56.5355 0.00250109
57 0.96494 -56.5355 0.00250107
58 0.96494 -56.5355 0.00250104
59 0.96494 -56.5355 0.00250103
60 0.96494 -56.5355 0.00250101
61 0.96494 -56.5355 0.002501
62 0.96494 -56.5355 0.00250098
63 0.96494 -56.5355 0.00250098
64 0.96494 -56.5355 0.00250096
65 0.96494 -56.5355 0.00250096
66 0.96494 -56.5355 0.00250094
67 0.96494 -56.5355 0.00250094
68 0.96494 -56.5355 0.00250093
69 0.96494 -56.5355 0.00250093
70 0.96494 -56.5355 0.00250092
71 0.96494 -56.5355 0.00250092
72 0.96494 -56.5355 0.0025009
73 0.96494 -56.5355 0.00250091
74 0.96494 -56.5355 0.0025009
75 0.96494 -56.5355 0.0025009
76 0.96494 -56.5355 0.00250089
77 0.96494 -56.5355 0.00250089
78 0.96494 -56.5355 0.00250088
79 0.96494 -56.5355 0.00250088
80 0.96494 -56.5355 0.00250088
81 0.96494 -56.5355 0.00250087
82 0.96494 -56.5355 0.00250087
83 0.96494 -56.5355 0.00250086
84 0.96494 -56.5355 0.00250086
85 0.96494 -56.5355 0.00250086
86 0.96494 -56.5355 0.00250085
87 0.96494 -56.5355 0.00250085
88 0.96494 -56.5355 0.00250084
89 0.96494 -56.5355 0.00250084
90 0.96494 -56.5355 0.00250084
91 0.96494 -56.5355 0.00250084
92 0.96494 -56.5355 0.00250083
93 0.96494 -56.5355 0.00250083
94 0.96494 -56.5355 0.00250083
95 0.96494 -56.5355 0.00250083
96 0.96494 -56.5355 0.00250082
97 0.96494 -56.5355 0.00250082
98 0.96494 -56.5355 0.00250082
99 0.96494 -56.5355 0.00250082
Initial energy of the MPS: -0.34581
# DMRG Sweep # Mid bond EE # Energy # Std #
0 0.00685676 30.2033 5.39293
1 0.698289 31.7414 0.0399974
2 0.698433 31.7488 0.0114159
3 0.713487 31.7497 0.00420073
4 0.70731 31.7499 0.00182365
5 0.717088 31.7499 0.00115855
6 0.765789 31.75 0.000840161
7 0.832998 31.75 0.000620603
8 0.916333 31.75 0.000694411
9 0.940079 31.75 0.000484831
10 0.982069 31.7501 0.000475701
11 0.986432 31.7501 0.000575588
12 0.987941 31.7501 0.000592637
13 0.989336 31.7501 0.000577474
14 0.994434 31.7501 0.000595797
15 0.986977 31.7502 0.00051355
16 0.99685 31.7502 0.000449406
17 0.993634 31.7502 0.000439635
18 0.990767 31.7502 0.000472595
19 0.986205 31.7502 0.00043305
20 0.98009 31.7502 0.000355599
21 0.973659 31.7503 0.000367792
22 0.97892 31.7503 0.000424512
23 0.954098 31.7503 0.000447702
24 0.932329 31.7503 0.000406947
25 0.91411 31.7503 0.000316562
26 0.919425 31.7503 0.000243362
min energy  # max energy
-56.5355 31.7503
