Initial energy of the MPS: -0.0212781
# DMRG Sweep # Mid bond EE # Energy # Std #
0 0.0100884 -52.7545 13.2025
1 0.754656 -56.5336 0.0146276
2 0.935471 -56.5354 0.0033523
3 0.962545 -56.5355 0.00271564
4 0.964606 -56.5355 0.00273076
5 0.964826 -56.5355 0.00269593
6 0.964874 -56.5355 0.0026432
7 0.964895 -56.5355 0.00259994
8 0.964907 -56.5355 0.0025733
9 0.964915 -56.5355 0.00255497
10 0.96492 -56.5355 0.00253854
11 0.964926 -56.5355 0.00252682
12 0.964928 -56.5355 0.00252062
13 0.964931 -56.5355 0.00251659
14 0.964932 -56.5355 0.00251353
15 0.964932 -56.5355 0.00251153
16 0.964933 -56.5355 0.00250992
17 0.964933 -56.5355 0.00250894
18 0.964933 -56.5355 0.00250832
19 0.964934 -56.5355 0.00250785
20 0.964934 -56.5355 0.00250741
21 0.964934 -56.5355 0.00250703
22 0.964934 -56.5355 0.00250665
23 0.964934 -56.5355 0.00250632
24 0.964934 -56.5355 0.002506
25 0.964934 -56.5355 0.00250571
26 0.964934 -56.5355 0.00250542
27 0.964934 -56.5355 0.00250516
28 0.964934 -56.5355 0.00250491
29 0.964934 -56.5355 0.00250469
30 0.964934 -56.5355 0.00250446
31 0.964934 -56.5355 0.00250425
32 0.964934 -56.5355 0.00250404
33 0.964934 -56.5355 0.00250386
34 0.964934 -56.5355 0.00250367
35 0.964934 -56.5355 0.0025035
36 0.964934 -56.5355 0.00250332
37 0.964934 -56.5355 0.00250317
38 0.964934 -56.5355 0.00250302
39 0.964934 -56.5355 0.00250289
40 0.964934 -56.5355 0.00250274
41 0.964934 -56.5355 0.00250262
42 0.964934 -56.5355 0.00250251
43 0.964934 -56.5355 0.00250241
44 0.964934 -56.5355 0.0025023
45 0.964934 -56.5355 0.00250223
46 0.964934 -56.5355 0.00250214
47 0.964934 -56.5355 0.00250209
48 0.964934 -56.5355 0.00250201
49 0.964934 -56.5355 0.00250197
50 0.964934 -56.5355 0.00250192
51 0.964934 -56.5355 0.00250188
52 0.964934 -56.5355 0.00250184
53 0.964934 -56.5355 0.00250182
54 0.964934 -56.5355 0.00250178
55 0.964934 -56.5355 0.00250177
56 0.964934 -56.5355 0.00250174
57 0.964934 -56.5355 0.00250174
58 0.964934 -56.5355 0.00250171
59 0.964934 -56.5355 0.00250171
60 0.964934 -56.5355 0.00250168
61 0.964934 -56.5355 0.00250167
62 0.964934 -56.5355 0.00250166
63 0.964934 -56.5355 0.00250165
64 0.964934 -56.5355 0.00250164
65 0.964934 -56.5355 0.00250164
66 0.964934 -56.5355 0.00250162
67 0.964934 -56.5355 0.00250161
68 0.964934 -56.5355 0.0025016
69 0.964934 -56.5355 0.0025016
70 0.964934 -56.5355 0.00250159
71 0.964934 -56.5355 0.00250159
72 0.964934 -56.5355 0.00250157
73 0.964934 -56.5355 0.00250157
74 0.964934 -56.5355 0.00250156
75 0.964934 -56.5355 0.00250156
76 0.964934 -56.5355 0.00250155
77 0.964934 -56.5355 0.00250155
78 0.964934 -56.5355 0.00250154
79 0.964934 -56.5355 0.00250154
80 0.964934 -56.5355 0.00250152
81 0.964934 -56.5355 0.00250153
82 0.964934 -56.5355 0.00250152
83 0.964934 -56.5355 0.00250151
84 0.964934 -56.5355 0.00250151
85 0.964934 -56.5355 0.00250151
86 0.964934 -56.5355 0.0025015
87 0.964934 -56.5355 0.0025015
88 0.964934 -56.5355 0.00250149
89 0.964934 -56.5355 0.00250149
90 0.964934 -56.5355 0.00250148
91 0.964934 -56.5355 0.00250149
92 0.964934 -56.5355 0.00250148
93 0.964934 -56.5355 0.00250148
94 0.964934 -56.5355 0.00250147
95 0.964934 -56.5355 0.00250147
96 0.964934 -56.5355 0.00250146
97 0.964934 -56.5355 0.00250146
98 0.964934 -56.5355 0.00250146
99 0.964934 -56.5355 0.00250146
Initial energy of the MPS: -0.345785
# DMRG Sweep # Mid bond EE # Energy # Std #
0 0.00702677 30.2066 5.39294
1 0.697945 31.7414 0.0416426
2 0.698106 31.7491 0.0118067
3 0.706041 31.75 0.00397341
4 0.716256 31.7501 0.00147595
5 0.715973 31.7502 0.000775883
6 0.74204 31.7502 0.000757969
7 0.795361 31.7502 0.000590079
8 0.837751 31.7502 0.000526852
9 0.894797 31.7503 0.000427534
10 0.914174 31.7503 0.000389706
11 0.930795 31.7503 0.000432497
12 0.928176 31.7503 0.000439797
13 0.915744 31.7503 0.000478697
14 0.909462 31.7503 0.000343978
15 0.905502 31.7503 0.000309931
min energy  # max energy
-56.5355 31.7503
