Initial energy of the MPS: -0.0212501
# DMRG Sweep # Mid bond EE # Energy # Std #
0 0.0100889 -52.7544 13.2024
1 0.754206 -56.5336 0.0145887
2 0.935246 -56.5354 0.00335097
3 0.962542 -56.5355 0.00271497
4 0.96461 -56.5355 0.00273181
5 0.964832 -56.5355 0.0026987
6 0.964879 -56.5355 0.00264679
7 0.9649 -56.5355 0.00260171
8 0.964912 -56.5355 0.00257439
9 0.96492 -56.5355 0.00255588
10 0.964925 -56.5355 0.00253887
11 0.964931 -56.5355 0.00252608
12 0.964934 -56.5355 0.00251925
13 0.964936 -56.5355 0.00251559
14 0.964937 -56.5355 0.00251298
15 0.964938 -56.5355 0.002511
16 0.964939 -56.5355 0.00250941
17 0.964939 -56.5355 0.00250844
18 0.964939 -56.5355 0.00250783
19 0.964939 -56.5355 0.00250735
20 0.964939 -56.5355 0.0025069
21 0.964939 -56.5355 0.00250651
22 0.964939 -56.5355 0.00250613
23 0.964939 -56.5355 0.00250579
24 0.964939 -56.5355 0.00250545
25 0.964939 -56.5355 0.00250516
26 0.964939 -56.5355 0.00250486
27 0.964939 -56.5355 0.00250459
28 0.964939 -56.5355 0.00250433
29 0.964939 -56.5355 0.00250409
30 0.964939 -56.5355 0.00250387
31 0.964939 -56.5355 0.00250366
32 0.964939 -56.5355 0.00250346
33 0.96494 -56.5355 0.00250329
34 0.96494 -56.5355 0.00250312
35 0.96494 -56.5355 0.00250297
36 0.96494 -56.5355 0.00250283
37 0.96494 -56.5355 0.00250271
38 0.96494 -56.5355 0.0025026
39 0.96494 -56.5355 0.00250252
40 0.96494 -56.5355 0.00250243
41 0.96494 -56.5355 0.00250237
42 0.96494 -56.5355 0.0025023
43 0.96494 -56.5355 0.00250226
44 0.96494 -56.5355 0.0025022
45 0.96494 -56.5355 0.00250217
46 0.96494 -56.5355 0.00250213
47 0.96494 -56.5355 0.00250211
48 0.96494 -56.5355 0.00250208
49 0.96494 -56.5355 0.00250206
50 0.96494 -56.5355 0.00250202
51 0.96494 -56.5355 0.002502
52 0.96494 -56.5355 0.00250198
53 0.96494 -56.5355 0.00250196
54 0.96494 -56.5355 0.00250192
55 0.96494 -56.5355 0.0025019
56 0.96494 -56.5355 0.00250187
57 0.96494 -56.5355 0.00250184
58 0.96494 -56.5355 0.0025018
59 0.96494 -56.5355 0.00250178
60 0.96494 -56.5355 0.00250175
61 0.96494 -56.5355 0.00250172
62 0.96494 -56.5355 0.00250169
63 0.96494 -56.5355 0.00250168
64 0.96494 -56.5355 0.00250165
65 0.96494 -56.5355 0.00250163
66 0.96494 -56.5355 0.00250161
67 0.96494 -56.5355 0.0025016
68 0.96494 -56.5355 0.00250158
69 0.96494 -56.5355 0.00250158
70 0.96494 -56.5355 0.00250156
71 0.96494 -56.5355 0.00250157
72 0.96494 -56.5355 0.00250155
73 0.96494 -56.5355 0.00250155
74 0.96494 -56.5355 0.00250154
75 0.96494 -56.5355 0.00250154
76 0.96494 -56.5355 0.00250153
77 0.96494 -56.5355 0.00250152
78 0.96494 -56.5355 0.00250151
79 0.96494 -56.5355 0.00250151
80 0.96494 -56.5355 0.0025015
81 0.96494 -56.5355 0.00250151
82 0.96494 -56.5355 0.00250149
83 0.96494 -56.5355 0.00250149
84 0.96494 -56.5355 0.00250148
85 0.96494 -56.5355 0.00250148
86 0.96494 -56.5355 0.00250147
87 0.96494 -56.5355 0.00250147
88 0.96494 -56.5355 0.00250146
89 0.96494 -56.5355 0.00250146
90 0.96494 -56.5355 0.00250145
91 0.96494 -56.5355 0.00250146
92 0.96494 -56.5355 0.00250144
93 0.96494 -56.5355 0.00250145
94 0.96494 -56.5355 0.00250144
95 0.96494 -56.5355 0.00250144
96 0.96494 -56.5355 0.00250143
97 0.96494 -56.5355 0.00250143
98 0.96494 -56.5355 0.00250142
99 0.96494 -56.5355 0.00250142
Initial energy of the MPS: -0.345819
# DMRG Sweep # Mid bond EE # Energy # Std #
0 0.00705 30.2079 5.39317
1 0.696165 31.742 0.0407918
2 0.696426 31.7491 0.0120629
3 0.712238 31.75 0.00433202
4 0.716947 31.7502 0.00179698
5 0.712842 31.7503 0.00128851
6 0.743261 31.7504 0.000929036
7 0.808497 31.7504 0.000739181
8 0.835714 31.7505 0.000718114
9 0.870793 31.7505 0.000607432
10 0.876981 31.7505 0.000565253
11 0.879105 31.7505 0.0004511
12 0.890839 31.7505 0.000466902
13 0.877918 31.7505 0.000481318
14 0.841254 31.7506 0.000625927
15 0.625459 31.7506 0.000634478
16 0.242516 31.7506 0.000297105
min energy  # max energy
-56.5355 31.7506
