Initial energy of the MPS: -0.0212216
# DMRG Sweep # Mid bond EE # Energy # Std #
0 0.0100863 -52.7551 13.2026
1 0.754087 -56.5336 0.0145839
2 0.935223 -56.5354 0.00334371
3 0.962547 -56.5355 0.00271607
4 0.96461 -56.5355 0.00273548
5 0.964828 -56.5355 0.00269943
6 0.964876 -56.5355 0.00264364
7 0.964898 -56.5355 0.00259866
8 0.964911 -56.5355 0.0025706
9 0.964919 -56.5355 0.00254978
10 0.964925 -56.5355 0.00253307
11 0.96493 -56.5355 0.00252402
12 0.964932 -56.5355 0.00251895
13 0.964933 -56.5355 0.00251478
14 0.964935 -56.5355 0.00251065
15 0.964936 -56.5355 0.00250785
16 0.964936 -56.5355 0.00250645
17 0.964937 -56.5355 0.00250571
18 0.964937 -56.5355 0.00250517
19 0.964937 -56.5355 0.00250472
20 0.964937 -56.5355 0.00250433
21 0.964937 -56.5355 0.002504
22 0.964937 -56.5355 0.0025037
23 0.964937 -56.5355 0.00250344
24 0.964937 -56.5355 0.00250319
25 0.964937 -56.5355 0.00250298
26 0.964937 -56.5355 0.00250277
27 0.964937 -56.5355 0.00250259
28 0.964937 -56.5355 0.00250241
29 0.964937 -56.5355 0.00250226
30 0.964937 -56.5355 0.00250212
31 0.964937 -56.5355 0.002502
32 0.964937 -56.5355 0.00250188
33 0.964937 -56.5355 0.00250179
34 0.964937 -56.5355 0.00250169
35 0.964937 -56.5355 0.00250161
36 0.964937 -56.5355 0.00250153
37 0.964937 -56.5355 0.00250148
38 0.964937 -56.5355 0.00250141
39 0.964937 -56.5355 0.00250137
40 0.964937 -56.5355 0.00250131
41 0.964937 -56.5355 0.00250128
42 0.964937 -56.5355 0.00250124
43 0.964937 -56.5355 0.00250122
44 0.964937 -56.5355 0.00250118
45 0.964937 -56.5355 0.00250116
46 0.964937 -56.5355 0.00250113
47 0.964937 -56.5355 0.00250111
48 0.964937 -56.5355 0.00250108
49 0.964937 -56.5355 0.00250107
50 0.964937 -56.5355 0.00250104
51 0.964937 -56.5355 0.00250102
52 0.964937 -56.5355 0.00250099
53 0.964937 -56.5355 0.00250097
54 0.964937 -56.5355 0.00250094
55 0.964937 -56.5355 0.00250091
56 0.964937 -56.5355 0.00250088
57 0.964937 -56.5355 0.00250087
58 0.964937 -56.5355 0.00250084
59 0.964937 -56.5355 0.00250082
60 0.964937 -56.5355 0.0025008
61 0.964937 -56.5355 0.00250078
62 0.964937 -56.5355 0.00250076
63 0.964937 -56.5355 0.00250075
64 0.964937 -56.5355 0.00250073
65 0.964937 -56.5355 0.00250072
66 0.964937 -56.5355 0.0025007
67 0.964937 -56.5355 0.00250068
68 0.964937 -56.5355 0.00250066
69 0.964937 -56.5355 0.00250065
70 0.964937 -56.5355 0.00250062
71 0.964937 -56.5355 0.0025006
72 0.964937 -56.5355 0.00250057
73 0.964937 -56.5355 0.00250056
74 0.964937 -56.5355 0.00250053
75 0.964937 -56.5355 0.00250052
76 0.964937 -56.5355 0.00250049
77 0.964937 -56.5355 0.00250047
78 0.964937 -56.5355 0.00250044
79 0.964937 -56.5355 0.00250043
80 0.964937 -56.5355 0.00250042
81 0.964937 -56.5355 0.00250041
82 0.964937 -56.5355 0.0025004
83 0.964937 -56.5355 0.00250039
84 0.964937 -56.5355 0.00250037
85 0.964937 -56.5355 0.00250038
86 0.964937 -56.5355 0.00250036
87 0.964937 -56.5355 0.00250036
88 0.964937 -56.5355 0.00250035
89 0.964937 -56.5355 0.00250035
90 0.964937 -56.5355 0.00250034
91 0.964937 -56.5355 0.00250034
92 0.964937 -56.5355 0.00250033
93 0.964937 -56.5355 0.00250034
94 0.964937 -56.5355 0.00250033
95 0.964937 -56.5355 0.00250033
96 0.964937 -56.5355 0.00250031
97 0.964937 -56.5355 0.00250032
98 0.964937 -56.5355 0.00250032
99 0.964937 -56.5355 0.00250031
Initial energy of the MPS: -0.345829
# DMRG Sweep # Mid bond EE # Energy # Std #
0 0.00554584 30.2143 5.39315
1 0.711363 31.7416 0.0396399
2 0.695893 31.7487 0.0117543
3 0.708238 31.7497 0.00373171
4 0.698312 31.7499 0.00212452
5 0.717552 31.7499 0.00168911
6 0.81231 31.75 0.00120001
7 0.846847 31.7501 0.00101224
8 0.893561 31.7501 0.00123104
9 0.89454 31.7502 0.00112268
10 0.918051 31.7503 0.000919952
11 0.917303 31.7503 0.000822107
12 0.931911 31.7504 0.000791878
13 0.928087 31.7504 0.000733736
14 0.940565 31.7505 0.000651298
15 0.932631 31.7505 0.000611083
16 0.941257 31.7505 0.000601886
17 0.915365 31.7506 0.000557254
18 0.922039 31.7506 0.000499966
19 0.902652 31.7506 0.000470176
20 0.901093 31.7506 0.000480287
21 0.842676 31.7506 0.000805937
22 0.733219 31.7506 0.000761119
23 0.162725 31.7506 0.000173001
min energy  # max energy
-56.5355 31.7506
