Initial energy of the MPS: -0.0212893
# DMRG Sweep # Mid bond EE # Energy # Std #
0 0.0100878 -52.755 13.2026
1 0.754114 -56.5336 0.0145667
2 0.935146 -56.5354 0.00335388
3 0.962529 -56.5355 0.00271533
4 0.964607 -56.5355 0.00273205
5 0.964828 -56.5355 0.00269768
6 0.964876 -56.5355 0.00264491
7 0.964897 -56.5355 0.00260189
8 0.964908 -56.5355 0.002574
9 0.964917 -56.5355 0.00255348
10 0.964923 -56.5355 0.0025362
11 0.964928 -56.5355 0.00252503
12 0.964931 -56.5355 0.00251917
13 0.964933 -56.5355 0.00251539
14 0.964934 -56.5355 0.00251199
15 0.964935 -56.5355 0.00250972
16 0.964935 -56.5355 0.00250841
17 0.964936 -56.5355 0.00250755
18 0.964936 -56.5355 0.0025069
19 0.964936 -56.5355 0.00250644
20 0.964936 -56.5355 0.00250601
21 0.964936 -56.5355 0.00250564
22 0.964936 -56.5355 0.00250527
23 0.964936 -56.5355 0.00250495
24 0.964936 -56.5355 0.00250462
25 0.964936 -56.5355 0.00250433
26 0.964936 -56.5355 0.00250404
27 0.964936 -56.5355 0.00250378
28 0.964936 -56.5355 0.00250351
29 0.964936 -56.5355 0.00250328
30 0.964936 -56.5355 0.00250303
31 0.964936 -56.5355 0.00250281
32 0.964936 -56.5355 0.0025026
33 0.964936 -56.5355 0.00250241
34 0.964936 -56.5355 0.00250221
35 0.964936 -56.5355 0.00250204
36 0.964936 -56.5355 0.00250187
37 0.964937 -56.5355 0.00250174
38 0.964937 -56.5355 0.0025016
39 0.964937 -56.5355 0.00250148
40 0.964937 -56.5355 0.00250137
41 0.964937 -56.5355 0.00250128
42 0.964937 -56.5355 0.00250119
43 0.964937 -56.5355 0.00250112
44 0.964937 -56.5355 0.00250105
45 0.964937 -56.5355 0.00250099
46 0.964937 -56.5355 0.00250092
47 0.964937 -56.5355 0.00250089
48 0.964937 -56.5355 0.00250083
49 0.964937 -56.5355 0.0025008
50 0.964937 -56.5355 0.00250075
51 0.964937 -56.5355 0.00250073
52 0.964937 -56.5355 0.00250069
53 0.964937 -56.5355 0.00250067
54 0.964937 -56.5355 0.00250064
55 0.964937 -56.5355 0.00250063
56 0.964937 -56.5355 0.00250061
57 0.964937 -56.5355 0.00250059
58 0.964937 -56.5355 0.00250057
59 0.964937 -56.5355 0.00250057
60 0.964937 -56.5355 0.00250055
61 0.964937 -56.5355 0.00250054
62 0.964937 -56.5355 0.00250053
63 0.964937 -56.5355 0.00250053
64 0.964937 -56.5355 0.00250051
65 0.964937 -56.5355 0.00250051
66 0.964937 -56.5355 0.00250049
67 0.964937 -56.5355 0.00250049
68 0.964937 -56.5355 0.00250048
69 0.964937 -56.5355 0.00250048
70 0.964937 -56.5355 0.00250046
71 0.964937 -56.5355 0.00250046
72 0.964937 -56.5355 0.00250045
73 0.964937 -56.5355 0.00250045
74 0.964937 -56.5355 0.00250044
75 0.964937 -56.5355 0.00250044
76 0.964937 -56.5355 0.00250043
77 0.964937 -56.5355 0.00250043
78 0.964937 -56.5355 0.00250042
79 0.964937 -56.5355 0.00250041
80 0.964937 -56.5355 0.0025004
81 0.964937 -56.5355 0.00250041
82 0.964937 -56.5355 0.00250039
83 0.964937 -56.5355 0.0025004
84 0.964937 -56.5355 0.00250038
85 0.964937 -56.5355 0.00250038
86 0.964937 -56.5355 0.00250037
87 0.964937 -56.5355 0.00250038
88 0.964937 -56.5355 0.00250036
89 0.964937 -56.5355 0.00250037
90 0.964937 -56.5355 0.00250036
91 0.964937 -56.5355 0.00250036
92 0.964937 -56.5355 0.00250035
93 0.964937 -56.5355 0.00250035
94 0.964937 -56.5355 0.00250034
95 0.964937 -56.5355 0.00250035
96 0.964937 -56.5355 0.00250033
97 0.964937 -56.5355 0.00250033
98 0.964937 -56.5355 0.00250032
99 0.964937 -56.5355 0.00250033
Initial energy of the MPS: -0.345857
# DMRG Sweep # Mid bond EE # Energy # Std #
0 0.00725386 30.1881 5.3902
1 0.698484 31.7417 0.0414308
2 0.694507 31.7488 0.0118387
3 0.715241 31.7497 0.00400489
4 0.710041 31.7499 0.00190654
5 0.730413 31.7499 0.00135501
6 0.827497 31.75 0.00120798
7 0.848025 31.7501 0.00115194
8 0.89951 31.7501 0.000969715
9 0.911712 31.7502 0.000868279
10 0.929701 31.7502 0.000773574
11 0.927638 31.7503 0.000799047
12 0.943561 31.7503 0.000756154
13 0.946268 31.7504 0.00067982
14 0.955093 31.7504 0.000580074
15 0.954878 31.7504 0.000614785
16 0.932306 31.7505 0.000606045
17 0.932164 31.7505 0.000560372
18 0.924636 31.7505 0.000527894
19 0.916737 31.7505 0.000464546
20 0.902099 31.7505 0.000419968
21 0.879095 31.7506 0.000450466
22 0.822311 31.7506 0.000557493
23 0.621591 31.7506 0.000460578
24 0.22041 31.7506 0.000186268
min energy  # max energy
-56.5355 31.7506
