Initial energy of the MPS: -0.0212143
# DMRG Sweep # Mid bond EE # Energy # Std #
0 0.0100872 -52.7556 13.2027
1 0.754304 -56.5336 0.0145922
2 0.935296 -56.5354 0.00334365
3 0.962545 -56.5355 0.00271492
4 0.964612 -56.5355 0.00273232
5 0.964832 -56.5355 0.00269799
6 0.964879 -56.5355 0.00264353
7 0.964901 -56.5355 0.00259793
8 0.964913 -56.5355 0.00257035
9 0.964921 -56.5355 0.00255071
10 0.964927 -56.5355 0.00253491
11 0.964932 -56.5355 0.00252488
12 0.964934 -56.5355 0.00251897
13 0.964936 -56.5355 0.00251553
14 0.964937 -56.5355 0.00251286
15 0.964938 -56.5355 0.0025107
16 0.964939 -56.5355 0.00250899
17 0.964939 -56.5355 0.00250783
18 0.964939 -56.5355 0.00250717
19 0.964939 -56.5355 0.00250668
20 0.964939 -56.5355 0.00250625
21 0.964939 -56.5355 0.00250585
22 0.964939 -56.5355 0.00250548
23 0.964939 -56.5355 0.00250514
24 0.964939 -56.5355 0.00250483
25 0.964939 -56.5355 0.00250455
26 0.964939 -56.5355 0.00250429
27 0.964939 -56.5355 0.00250405
28 0.964939 -56.5355 0.00250384
29 0.96494 -56.5355 0.00250365
30 0.96494 -56.5355 0.00250347
31 0.96494 -56.5355 0.00250331
32 0.96494 -56.5355 0.00250316
33 0.96494 -56.5355 0.00250302
34 0.96494 -56.5355 0.00250288
35 0.96494 -56.5355 0.00250277
36 0.96494 -56.5355 0.00250264
37 0.96494 -56.5355 0.00250254
38 0.96494 -56.5355 0.00250242
39 0.96494 -56.5355 0.00250233
40 0.96494 -56.5355 0.00250222
41 0.96494 -56.5355 0.00250213
42 0.96494 -56.5355 0.00250204
43 0.96494 -56.5355 0.00250197
44 0.96494 -56.5355 0.00250188
45 0.96494 -56.5355 0.00250183
46 0.96494 -56.5355 0.00250175
47 0.96494 -56.5355 0.00250171
48 0.96494 -56.5355 0.00250164
49 0.96494 -56.5355 0.00250161
50 0.96494 -56.5355 0.00250155
51 0.96494 -56.5355 0.00250152
52 0.96494 -56.5355 0.00250147
53 0.96494 -56.5355 0.00250144
54 0.96494 -56.5355 0.00250139
55 0.96494 -56.5355 0.00250136
56 0.96494 -56.5355 0.0025013
57 0.96494 -56.5355 0.00250126
58 0.96494 -56.5355 0.00250121
59 0.96494 -56.5355 0.00250117
60 0.96494 -56.5355 0.00250112
61 0.96494 -56.5355 0.00250108
62 0.96494 -56.5355 0.00250103
63 0.96494 -56.5355 0.002501
64 0.96494 -56.5355 0.00250095
65 0.96494 -56.5355 0.00250092
66 0.96494 -56.5355 0.00250088
67 0.96494 -56.5355 0.00250085
68 0.96494 -56.5355 0.00250082
69 0.96494 -56.5355 0.0025008
70 0.96494 -56.5355 0.00250078
71 0.96494 -56.5355 0.00250077
72 0.96494 -56.5355 0.00250074
73 0.96494 -56.5355 0.00250074
74 0.96494 -56.5355 0.00250072
75 0.96494 -56.5355 0.00250072
76 0.96494 -56.5355 0.0025007
77 0.96494 -56.5355 0.0025007
78 0.96494 -56.5355 0.00250069
79 0.96494 -56.5355 0.00250069
80 0.96494 -56.5355 0.00250067
81 0.96494 -56.5355 0.00250067
82 0.96494 -56.5355 0.00250066
83 0.96494 -56.5355 0.00250066
84 0.96494 -56.5355 0.00250065
85 0.96494 -56.5355 0.00250065
86 0.96494 -56.5355 0.00250064
87 0.96494 -56.5355 0.00250064
88 0.96494 -56.5355 0.00250063
89 0.96494 -56.5355 0.00250063
90 0.96494 -56.5355 0.00250062
91 0.96494 -56.5355 0.00250062
92 0.96494 -56.5355 0.00250062
93 0.96494 -56.5355 0.00250061
94 0.96494 -56.5355 0.0025006
95 0.96494 -56.5355 0.00250061
96 0.96494 -56.5355 0.0025006
97 0.96494 -56.5355 0.0025006
98 0.96494 -56.5355 0.00250059
99 0.96494 -56.5355 0.00250059
Initial energy of the MPS: -0.345754
# DMRG Sweep # Mid bond EE # Energy # Std #
0 0.00490607 30.2223 5.39255
1 0.703319 31.7416 0.0409805
2 0.704522 31.7488 0.0119381
3 0.731618 31.7498 0.00392068
4 0.715371 31.7499 0.00141481
5 0.764519 31.75 0.000770036
6 0.778624 31.75 0.000398089
7 0.827952 31.75 0.000424638
8 0.917365 31.75 0.000275816
min energy  # max energy
-56.5355 31.75
