Initial energy of the MPS: -0.02124
# DMRG Sweep # Mid bond EE # Energy # Std #
0 0.0100867 -52.7551 13.2026
1 0.754155 -56.5336 0.0145714
2 0.935257 -56.5354 0.0033411
3 0.962546 -56.5355 0.00271586
4 0.964612 -56.5355 0.00273576
5 0.964831 -56.5355 0.00270044
6 0.964878 -56.5355 0.00264522
7 0.9649 -56.5355 0.00260018
8 0.964913 -56.5355 0.00257219
9 0.964921 -56.5355 0.00255276
10 0.964926 -56.5355 0.00253756
11 0.964931 -56.5355 0.00252826
12 0.964933 -56.5355 0.00252148
13 0.964936 -56.5355 0.0025166
14 0.964936 -56.5355 0.00251343
15 0.964937 -56.5355 0.00251134
16 0.964938 -56.5355 0.00250948
17 0.964938 -56.5355 0.00250791
18 0.964939 -56.5355 0.00250706
19 0.964939 -56.5355 0.00250654
20 0.964939 -56.5355 0.00250611
21 0.964939 -56.5355 0.00250573
22 0.964939 -56.5355 0.00250537
23 0.964939 -56.5355 0.00250506
24 0.964939 -56.5355 0.00250476
25 0.964939 -56.5355 0.00250449
26 0.964939 -56.5355 0.00250424
27 0.964939 -56.5355 0.00250401
28 0.964939 -56.5355 0.00250378
29 0.964939 -56.5355 0.00250359
30 0.964939 -56.5355 0.00250339
31 0.964939 -56.5355 0.00250322
32 0.964939 -56.5355 0.00250304
33 0.964939 -56.5355 0.00250289
34 0.964939 -56.5355 0.00250272
35 0.964939 -56.5355 0.00250259
36 0.964939 -56.5355 0.00250245
37 0.964939 -56.5355 0.00250234
38 0.96494 -56.5355 0.00250222
39 0.96494 -56.5355 0.00250213
40 0.96494 -56.5355 0.00250202
41 0.96494 -56.5355 0.00250194
42 0.96494 -56.5355 0.00250187
43 0.96494 -56.5355 0.0025018
44 0.96494 -56.5355 0.00250172
45 0.96494 -56.5355 0.00250167
46 0.96494 -56.5355 0.00250161
47 0.96494 -56.5355 0.00250156
48 0.96494 -56.5355 0.0025015
49 0.96494 -56.5355 0.00250147
50 0.96494 -56.5355 0.00250142
51 0.96494 -56.5355 0.00250139
52 0.96494 -56.5355 0.00250134
53 0.96494 -56.5355 0.00250131
54 0.96494 -56.5355 0.00250127
55 0.96494 -56.5355 0.00250125
56 0.96494 -56.5355 0.0025012
57 0.96494 -56.5355 0.00250118
58 0.96494 -56.5355 0.00250114
59 0.96494 -56.5355 0.00250112
60 0.96494 -56.5355 0.00250108
61 0.96494 -56.5355 0.00250106
62 0.96494 -56.5355 0.00250103
63 0.96494 -56.5355 0.00250102
64 0.96494 -56.5355 0.00250099
65 0.96494 -56.5355 0.00250098
66 0.96494 -56.5355 0.00250096
67 0.96494 -56.5355 0.00250095
68 0.96494 -56.5355 0.00250094
69 0.96494 -56.5355 0.00250094
70 0.96494 -56.5355 0.00250092
71 0.96494 -56.5355 0.00250092
72 0.96494 -56.5355 0.00250091
73 0.96494 -56.5355 0.00250091
74 0.96494 -56.5355 0.0025009
75 0.96494 -56.5355 0.0025009
76 0.96494 -56.5355 0.00250088
77 0.96494 -56.5355 0.00250089
78 0.96494 -56.5355 0.00250088
79 0.96494 -56.5355 0.00250088
80 0.96494 -56.5355 0.00250087
81 0.96494 -56.5355 0.00250088
82 0.96494 -56.5355 0.00250086
83 0.96494 -56.5355 0.00250087
84 0.96494 -56.5355 0.00250086
85 0.96494 -56.5355 0.00250086
86 0.96494 -56.5355 0.00250085
87 0.96494 -56.5355 0.00250085
88 0.96494 -56.5355 0.00250084
89 0.96494 -56.5355 0.00250085
90 0.96494 -56.5355 0.00250084
91 0.96494 -56.5355 0.00250084
92 0.96494 -56.5355 0.00250083
93 0.96494 -56.5355 0.00250083
94 0.96494 -56.5355 0.00250083
95 0.96494 -56.5355 0.00250083
96 0.96494 -56.5355 0.00250082
97 0.96494 -56.5355 0.00250082
98 0.96494 -56.5355 0.00250081
99 0.96494 -56.5355 0.00250082
Initial energy of the MPS: -0.345782
# DMRG Sweep # Mid bond EE # Energy # Std #
0 0.00559871 30.202 5.39131
1 0.707778 31.7422 0.0392864
2 0.697344 31.7492 0.0113774
3 0.715003 31.75 0.00392992
4 0.721514 31.7502 0.00170319
5 0.719448 31.7503 0.00106712
6 0.749004 31.7503 0.000797219
7 0.814981 31.7503 0.000632546
8 0.850138 31.7503 0.000574328
9 0.883391 31.7504 0.000541629
10 0.893242 31.7504 0.000449222
11 0.908874 31.7504 0.000373625
12 0.909507 31.7504 0.000415455
13 0.909058 31.7504 0.000406465
14 0.884949 31.7504 0.000462806
15 0.837974 31.7504 0.00077767
16 0.733029 31.7504 0.00107869
17 0.387798 31.7504 0.000473202
18 0.124789 31.7504 0.000217211
min energy  # max energy
-56.5355 31.7504
