Initial energy of the MPS: -0.0212452
# DMRG Sweep # Mid bond EE # Energy # Std #
0 0.0100852 -52.7549 13.2025
1 0.754256 -56.5336 0.0145882
2 0.935306 -56.5354 0.00334493
3 0.962542 -56.5355 0.00271875
4 0.964611 -56.5355 0.00273815
5 0.964829 -56.5355 0.002701
6 0.964877 -56.5355 0.00264526
7 0.964899 -56.5355 0.00260047
8 0.964911 -56.5355 0.00257355
9 0.964919 -56.5355 0.00255384
10 0.964925 -56.5355 0.00253672
11 0.964931 -56.5355 0.00252561
12 0.964932 -56.5355 0.00251964
13 0.964935 -56.5355 0.00251613
14 0.964935 -56.5355 0.0025131
15 0.964936 -56.5355 0.00251024
16 0.964937 -56.5355 0.00250809
17 0.964937 -56.5355 0.00250687
18 0.964938 -56.5355 0.00250616
19 0.964938 -56.5355 0.00250562
20 0.964938 -56.5355 0.00250514
21 0.964938 -56.5355 0.00250474
22 0.964938 -56.5355 0.00250436
23 0.964938 -56.5355 0.00250406
24 0.964938 -56.5355 0.00250376
25 0.964938 -56.5355 0.00250351
26 0.964938 -56.5355 0.00250328
27 0.964938 -56.5355 0.00250308
28 0.964938 -56.5355 0.00250288
29 0.964938 -56.5355 0.00250272
30 0.964938 -56.5355 0.00250256
31 0.964938 -56.5355 0.00250243
32 0.964938 -56.5355 0.00250229
33 0.964938 -56.5355 0.00250218
34 0.964938 -56.5355 0.00250207
35 0.964938 -56.5355 0.00250197
36 0.964938 -56.5355 0.00250187
37 0.964938 -56.5355 0.00250179
38 0.964938 -56.5355 0.0025017
39 0.964938 -56.5355 0.00250164
40 0.964938 -56.5355 0.00250156
41 0.964938 -56.5355 0.0025015
42 0.964938 -56.5355 0.00250143
43 0.964938 -56.5355 0.00250137
44 0.964938 -56.5355 0.00250131
45 0.964938 -56.5355 0.00250126
46 0.964938 -56.5355 0.0025012
47 0.964938 -56.5355 0.00250115
48 0.964938 -56.5355 0.00250109
49 0.964938 -56.5355 0.00250104
50 0.964938 -56.5355 0.00250097
51 0.964938 -56.5355 0.00250093
52 0.964938 -56.5355 0.00250087
53 0.964938 -56.5355 0.00250084
54 0.964938 -56.5355 0.00250079
55 0.964938 -56.5355 0.00250076
56 0.964938 -56.5355 0.00250073
57 0.964938 -56.5355 0.00250071
58 0.964938 -56.5355 0.00250068
59 0.964938 -56.5355 0.00250066
60 0.964938 -56.5355 0.00250064
61 0.964938 -56.5355 0.00250064
62 0.964938 -56.5355 0.00250062
63 0.964938 -56.5355 0.00250062
64 0.964938 -56.5355 0.0025006
65 0.964938 -56.5355 0.0025006
66 0.964938 -56.5355 0.00250058
67 0.964938 -56.5355 0.00250058
68 0.964938 -56.5355 0.00250057
69 0.964938 -56.5355 0.00250057
70 0.964938 -56.5355 0.00250056
71 0.964938 -56.5355 0.00250056
72 0.964938 -56.5355 0.00250055
73 0.964938 -56.5355 0.00250055
74 0.964938 -56.5355 0.00250054
75 0.964938 -56.5355 0.00250054
76 0.964938 -56.5355 0.00250053
77 0.964938 -56.5355 0.00250054
78 0.964938 -56.5355 0.00250052
79 0.964938 -56.5355 0.00250052
80 0.964938 -56.5355 0.00250051
81 0.964938 -56.5355 0.00250052
82 0.964938 -56.5355 0.00250051
83 0.964938 -56.5355 0.00250051
84 0.964938 -56.5355 0.0025005
85 0.964938 -56.5355 0.00250051
86 0.964938 -56.5355 0.0025005
87 0.964938 -56.5355 0.0025005
88 0.964938 -56.5355 0.0025005
89 0.964938 -56.5355 0.00250049
90 0.964938 -56.5355 0.00250049
91 0.964938 -56.5355 0.00250049
92 0.964938 -56.5355 0.00250048
93 0.964938 -56.5355 0.00250048
94 0.964938 -56.5355 0.00250047
95 0.964938 -56.5355 0.00250048
96 0.964938 -56.5355 0.00250047
97 0.964938 -56.5355 0.00250047
98 0.964938 -56.5355 0.00250046
99 0.964938 -56.5355 0.00250047
Initial energy of the MPS: -0.345867
# DMRG Sweep # Mid bond EE # Energy # Std #
0 0.0062647 30.2076 5.39205
1 0.71165 31.7421 0.0403191
2 0.696839 31.7489 0.011756
3 0.713846 31.7497 0.003901
4 0.706793 31.7499 0.0017001
5 0.713089 31.7499 0.00127148
6 0.794943 31.75 0.000782031
7 0.856698 31.75 0.000701625
8 0.91836 31.75 0.000842771
9 0.922281 31.7501 0.000637086
10 0.95899 31.7501 0.00073482
11 0.963482 31.7501 0.000667721
12 0.968447 31.7501 0.000701686
13 0.974214 31.7502 0.00071071
14 0.975895 31.7502 0.000640187
15 0.974123 31.7502 0.000550324
16 0.970659 31.7503 0.000587989
17 0.965904 31.7503 0.000545789
18 0.968692 31.7503 0.000525488
19 0.958987 31.7503 0.00046855
20 0.952784 31.7503 0.000447814
21 0.950609 31.7503 0.000426807
22 0.943622 31.7504 0.000374072
23 0.937439 31.7504 0.000343263
24 0.922204 31.7504 0.000323952
25 0.907365 31.7504 0.000338822
26 0.864552 31.7504 0.00044562
27 0.774333 31.7504 0.00063106
28 0.516728 31.7504 0.000395142
29 0.252341 31.7504 0.00025802
min energy  # max energy
-56.5355 31.7504
