Initial energy of the MPS: -0.0212082
# DMRG Sweep # Mid bond EE # Energy # Std #
0 0.010087 -52.7554 13.2026
1 0.754275 -56.5336 0.0145986
2 0.935261 -56.5354 0.00334366
3 0.962544 -56.5355 0.00271854
4 0.96461 -56.5355 0.00273645
5 0.96483 -56.5355 0.0026993
6 0.964877 -56.5355 0.00264384
7 0.9649 -56.5355 0.00259853
8 0.964912 -56.5355 0.00257124
9 0.96492 -56.5355 0.00255191
10 0.964925 -56.5355 0.00253649
11 0.96493 -56.5355 0.00252706
12 0.964932 -56.5355 0.00252054
13 0.964935 -56.5355 0.00251638
14 0.964935 -56.5355 0.00251411
15 0.964936 -56.5355 0.00251204
16 0.964937 -56.5355 0.00250953
17 0.964937 -56.5355 0.0025077
18 0.964938 -56.5355 0.00250683
19 0.964938 -56.5355 0.00250626
20 0.964938 -56.5355 0.0025058
21 0.964938 -56.5355 0.00250539
22 0.964938 -56.5355 0.00250502
23 0.964938 -56.5355 0.00250467
24 0.964938 -56.5355 0.00250435
25 0.964938 -56.5355 0.00250406
26 0.964938 -56.5355 0.00250378
27 0.964938 -56.5355 0.00250354
28 0.964938 -56.5355 0.0025033
29 0.964938 -56.5355 0.00250309
30 0.964938 -56.5355 0.00250289
31 0.964938 -56.5355 0.00250272
32 0.964938 -56.5355 0.00250254
33 0.964938 -56.5355 0.00250239
34 0.964939 -56.5355 0.00250224
35 0.964939 -56.5355 0.00250212
36 0.964939 -56.5355 0.00250198
37 0.964939 -56.5355 0.00250188
38 0.964939 -56.5355 0.00250176
39 0.964939 -56.5355 0.00250167
40 0.964939 -56.5355 0.00250156
41 0.964939 -56.5355 0.00250148
42 0.964939 -56.5355 0.00250139
43 0.964939 -56.5355 0.00250131
44 0.964939 -56.5355 0.00250122
45 0.964939 -56.5355 0.00250116
46 0.964939 -56.5355 0.00250108
47 0.964939 -56.5355 0.00250102
48 0.964939 -56.5355 0.00250094
49 0.964939 -56.5355 0.00250089
50 0.964939 -56.5355 0.00250083
51 0.964939 -56.5355 0.00250078
52 0.964939 -56.5355 0.00250072
53 0.964939 -56.5355 0.00250068
54 0.964939 -56.5355 0.00250063
55 0.964939 -56.5355 0.00250059
56 0.964939 -56.5355 0.00250055
57 0.964939 -56.5355 0.00250052
58 0.964939 -56.5355 0.00250049
59 0.964939 -56.5355 0.00250047
60 0.964939 -56.5355 0.00250044
61 0.964939 -56.5355 0.00250042
62 0.964939 -56.5355 0.0025004
63 0.964939 -56.5355 0.00250039
64 0.964939 -56.5355 0.00250036
65 0.964939 -56.5355 0.00250036
66 0.964939 -56.5355 0.00250034
67 0.964939 -56.5355 0.00250034
68 0.964939 -56.5355 0.00250033
69 0.964939 -56.5355 0.00250032
70 0.964939 -56.5355 0.00250031
71 0.964939 -56.5355 0.00250031
72 0.964939 -56.5355 0.0025003
73 0.964939 -56.5355 0.00250029
74 0.964939 -56.5355 0.00250028
75 0.964939 -56.5355 0.00250028
76 0.964939 -56.5355 0.00250027
77 0.964939 -56.5355 0.00250027
78 0.964939 -56.5355 0.00250026
79 0.964939 -56.5355 0.00250026
80 0.964939 -56.5355 0.00250025
81 0.964939 -56.5355 0.00250025
82 0.964939 -56.5355 0.00250024
83 0.964939 -56.5355 0.00250025
84 0.964939 -56.5355 0.00250023
85 0.964939 -56.5355 0.00250024
86 0.964939 -56.5355 0.00250023
87 0.964939 -56.5355 0.00250023
88 0.964939 -56.5355 0.00250022
89 0.964939 -56.5355 0.00250022
90 0.964939 -56.5355 0.00250021
91 0.964939 -56.5355 0.00250021
92 0.964939 -56.5355 0.0025002
93 0.964939 -56.5355 0.00250021
94 0.964939 -56.5355 0.0025002
95 0.964939 -56.5355 0.0025002
96 0.964939 -56.5355 0.00250019
97 0.964939 -56.5355 0.00250019
98 0.964939 -56.5355 0.00250018
99 0.964939 -56.5355 0.00250019
Initial energy of the MPS: -0.34578
# DMRG Sweep # Mid bond EE # Energy # Std #
0 0.00559089 30.2043 5.39246
1 0.706874 31.7423 0.0391375
2 0.69683 31.7491 0.0118572
3 0.708627 31.75 0.00374395
4 0.719389 31.7501 0.00146017
5 0.725823 31.7502 0.000818542
6 0.749873 31.7502 0.000678435
7 0.828256 31.7502 0.000456716
8 0.869193 31.7502 0.000410589
9 0.915777 31.7502 0.000402269
10 0.922796 31.7502 0.000417201
11 0.929217 31.7502 0.00046248
12 0.929021 31.7503 0.000464078
13 0.924042 31.7503 0.000370038
14 0.922901 31.7503 0.000312293
15 0.920553 31.7503 0.000331165
16 0.909321 31.7503 0.000338246
17 0.875815 31.7503 0.000455045
18 0.833258 31.7503 0.000687913
19 0.663658 31.7503 0.000603802
20 0.394577 31.7503 0.000317625
21 0.203306 31.7503 0.000191264
min energy  # max energy
-56.5355 31.7503
