Initial energy of the MPS: -0.0212298
# DMRG Sweep # Mid bond EE # Energy # Std #
0 0.0100885 -52.7554 13.2026
1 0.754131 -56.5336 0.0145911
2 0.93522 -56.5354 0.00335052
3 0.962537 -56.5355 0.00271432
4 0.964611 -56.5355 0.00273143
5 0.964832 -56.5355 0.00269763
6 0.96488 -56.5355 0.00264523
7 0.964901 -56.5355 0.00260132
8 0.964912 -56.5355 0.00257479
9 0.96492 -56.5355 0.00255651
10 0.964926 -56.5355 0.00253977
11 0.964931 -56.5355 0.0025278
12 0.964934 -56.5355 0.00252093
13 0.964937 -56.5355 0.00251681
14 0.964938 -56.5355 0.00251379
15 0.964938 -56.5355 0.00251133
16 0.964939 -56.5355 0.00250959
17 0.964939 -56.5355 0.00250863
18 0.96494 -56.5355 0.00250801
19 0.96494 -56.5355 0.00250753
20 0.96494 -56.5355 0.00250707
21 0.96494 -56.5355 0.00250665
22 0.96494 -56.5355 0.00250625
23 0.96494 -56.5355 0.00250588
24 0.96494 -56.5355 0.00250552
25 0.96494 -56.5355 0.00250519
26 0.96494 -56.5355 0.00250487
27 0.96494 -56.5355 0.00250458
28 0.96494 -56.5355 0.0025043
29 0.96494 -56.5355 0.00250404
30 0.96494 -56.5355 0.0025038
31 0.96494 -56.5355 0.00250357
32 0.96494 -56.5355 0.00250337
33 0.96494 -56.5355 0.00250318
34 0.96494 -56.5355 0.002503
35 0.96494 -56.5355 0.00250285
36 0.96494 -56.5355 0.0025027
37 0.96494 -56.5355 0.00250257
38 0.96494 -56.5355 0.00250245
39 0.96494 -56.5355 0.00250235
40 0.96494 -56.5355 0.00250225
41 0.96494 -56.5355 0.00250218
42 0.96494 -56.5355 0.0025021
43 0.96494 -56.5355 0.00250205
44 0.96494 -56.5355 0.00250198
45 0.96494 -56.5355 0.00250194
46 0.96494 -56.5355 0.00250188
47 0.96494 -56.5355 0.00250184
48 0.96494 -56.5355 0.00250179
49 0.96494 -56.5355 0.00250176
50 0.96494 -56.5355 0.00250171
51 0.96494 -56.5355 0.00250168
52 0.96494 -56.5355 0.00250164
53 0.96494 -56.5355 0.00250161
54 0.96494 -56.5355 0.00250157
55 0.96494 -56.5355 0.00250155
56 0.96494 -56.5355 0.00250152
57 0.96494 -56.5355 0.00250151
58 0.96494 -56.5355 0.00250148
59 0.96494 -56.5355 0.00250147
60 0.96494 -56.5355 0.00250146
61 0.96494 -56.5355 0.00250145
62 0.96494 -56.5355 0.00250143
63 0.96494 -56.5355 0.00250142
64 0.96494 -56.5355 0.0025014
65 0.96494 -56.5355 0.00250141
66 0.96494 -56.5355 0.00250139
67 0.96494 -56.5355 0.00250139
68 0.96494 -56.5355 0.00250137
69 0.96494 -56.5355 0.00250137
70 0.96494 -56.5355 0.00250136
71 0.96494 -56.5355 0.00250136
72 0.96494 -56.5355 0.00250135
73 0.96494 -56.5355 0.00250134
74 0.96494 -56.5355 0.00250134
75 0.96494 -56.5355 0.00250133
76 0.96494 -56.5355 0.00250132
77 0.96494 -56.5355 0.00250133
78 0.96494 -56.5355 0.00250131
79 0.96494 -56.5355 0.00250132
80 0.96494 -56.5355 0.0025013
81 0.96494 -56.5355 0.0025013
82 0.96494 -56.5355 0.00250129
83 0.96494 -56.5355 0.00250129
84 0.96494 -56.5355 0.00250129
85 0.96494 -56.5355 0.00250128
86 0.96494 -56.5355 0.00250127
87 0.96494 -56.5355 0.00250127
88 0.96494 -56.5355 0.00250127
89 0.96494 -56.5355 0.00250127
90 0.96494 -56.5355 0.00250126
91 0.96494 -56.5355 0.00250126
92 0.96494 -56.5355 0.00250125
93 0.96494 -56.5355 0.00250125
94 0.96494 -56.5355 0.00250125
95 0.96494 -56.5355 0.00250125
96 0.96494 -56.5355 0.00250123
97 0.96494 -56.5355 0.00250124
98 0.96494 -56.5355 0.00250123
99 0.96494 -56.5355 0.00250123
Initial energy of the MPS: -0.345819
# DMRG Sweep # Mid bond EE # Energy # Std #
0 0.00732819 30.2009 5.3918
1 0.702705 31.7417 0.0399153
2 0.694937 31.7489 0.0121186
3 0.723714 31.7498 0.00356987
4 0.722363 31.75 0.00131027
5 0.788116 31.75 0.000494021
6 0.807978 31.75 0.000272865
min energy  # max energy
-56.5355 31.75
