Initial energy of the MPS: -0.0212056
# DMRG Sweep # Mid bond EE # Energy # Std #
0 0.0100869 -52.7546 13.2025
1 0.754291 -56.5336 0.0145853
2 0.935372 -56.5354 0.00334121
3 0.962554 -56.5355 0.00271699
4 0.964612 -56.5355 0.00273737
5 0.964831 -56.5355 0.00270254
6 0.964878 -56.5355 0.00264651
7 0.964901 -56.5355 0.00260084
8 0.964913 -56.5355 0.00257293
9 0.964921 -56.5355 0.00255351
10 0.964926 -56.5355 0.00253895
11 0.964931 -56.5355 0.00253037
12 0.964933 -56.5355 0.00252416
13 0.964936 -56.5355 0.00251861
14 0.964937 -56.5355 0.00251431
15 0.964938 -56.5355 0.00251157
16 0.964939 -56.5355 0.0025094
17 0.964939 -56.5355 0.00250796
18 0.964939 -56.5355 0.00250722
19 0.964939 -56.5355 0.00250669
20 0.964939 -56.5355 0.00250625
21 0.964939 -56.5355 0.00250586
22 0.964939 -56.5355 0.0025055
23 0.96494 -56.5355 0.00250519
24 0.96494 -56.5355 0.0025049
25 0.96494 -56.5355 0.00250464
26 0.96494 -56.5355 0.00250439
27 0.96494 -56.5355 0.00250418
28 0.96494 -56.5355 0.00250397
29 0.96494 -56.5355 0.00250379
30 0.96494 -56.5355 0.00250361
31 0.96494 -56.5355 0.00250344
32 0.96494 -56.5355 0.00250328
33 0.96494 -56.5355 0.00250314
34 0.96494 -56.5355 0.00250299
35 0.96494 -56.5355 0.00250286
36 0.96494 -56.5355 0.00250272
37 0.96494 -56.5355 0.0025026
38 0.96494 -56.5355 0.00250248
39 0.96494 -56.5355 0.00250238
40 0.96494 -56.5355 0.00250227
41 0.96494 -56.5355 0.00250218
42 0.96494 -56.5355 0.00250208
43 0.96494 -56.5355 0.00250201
44 0.96494 -56.5355 0.00250194
45 0.96494 -56.5355 0.00250188
46 0.96494 -56.5355 0.00250181
47 0.96494 -56.5355 0.00250178
48 0.96494 -56.5355 0.00250172
49 0.96494 -56.5355 0.00250169
50 0.96494 -56.5355 0.00250164
51 0.96494 -56.5355 0.00250162
52 0.96494 -56.5355 0.00250158
53 0.96494 -56.5355 0.00250156
54 0.96494 -56.5355 0.00250153
55 0.96494 -56.5355 0.00250151
56 0.96494 -56.5355 0.00250149
57 0.96494 -56.5355 0.00250147
58 0.96494 -56.5355 0.00250144
59 0.96494 -56.5355 0.00250142
60 0.96494 -56.5355 0.00250139
61 0.96494 -56.5355 0.00250137
62 0.96494 -56.5355 0.00250135
63 0.96494 -56.5355 0.00250132
64 0.96494 -56.5355 0.0025013
65 0.96494 -56.5355 0.00250128
66 0.96494 -56.5355 0.00250125
67 0.96494 -56.5355 0.00250124
68 0.96494 -56.5355 0.00250122
69 0.96494 -56.5355 0.0025012
70 0.96494 -56.5355 0.00250118
71 0.96494 -56.5355 0.00250117
72 0.96494 -56.5355 0.00250116
73 0.96494 -56.5355 0.00250115
74 0.96494 -56.5355 0.00250113
75 0.96494 -56.5355 0.00250113
76 0.96494 -56.5355 0.00250112
77 0.96494 -56.5355 0.00250112
78 0.96494 -56.5355 0.00250111
79 0.96494 -56.5355 0.00250111
80 0.96494 -56.5355 0.0025011
81 0.96494 -56.5355 0.0025011
82 0.96494 -56.5355 0.00250109
83 0.96494 -56.5355 0.00250109
84 0.96494 -56.5355 0.00250108
85 0.96494 -56.5355 0.00250109
86 0.96494 -56.5355 0.00250108
87 0.96494 -56.5355 0.00250108
88 0.96494 -56.5355 0.00250107
89 0.96494 -56.5355 0.00250107
90 0.96494 -56.5355 0.00250107
91 0.96494 -56.5355 0.00250107
92 0.96494 -56.5355 0.00250106
93 0.96494 -56.5355 0.00250107
94 0.96494 -56.5355 0.00250105
95 0.96494 -56.5355 0.00250105
96 0.96494 -56.5355 0.00250106
97 0.96494 -56.5355 0.00250105
98 0.96494 -56.5355 0.00250104
99 0.96494 -56.5355 0.00250104
Initial energy of the MPS: -0.34579
# DMRG Sweep # Mid bond EE # Energy # Std #
0 0.0071086 30.1984 5.39241
1 0.702734 31.7414 0.0417532
2 0.694886 31.7489 0.011712
3 0.709635 31.7499 0.00439075
4 0.715449 31.75 0.00165226
5 0.759676 31.75 0.000543274
6 0.699247 31.7501 0.000378081
7 0.708153 31.7501 0.000334634
8 0.745477 31.7501 0.000259383
min energy  # max energy
-56.5355 31.7501
