Initial energy of the MPS: -0.0212226
# DMRG Sweep # Mid bond EE # Energy # Std #
0 0.0100865 -52.7543 13.2024
1 0.754119 -56.5336 0.0145927
2 0.935279 -56.5354 0.00334411
3 0.96255 -56.5355 0.00271588
4 0.964613 -56.5355 0.00273564
5 0.964831 -56.5355 0.00269951
6 0.964879 -56.5355 0.00264334
7 0.964901 -56.5355 0.00259888
8 0.964913 -56.5355 0.00257304
9 0.964922 -56.5355 0.00255361
10 0.964927 -56.5355 0.00253688
11 0.964932 -56.5355 0.00252677
12 0.964934 -56.5355 0.00252043
13 0.964936 -56.5355 0.002516
14 0.964937 -56.5355 0.00251268
15 0.964938 -56.5355 0.00251011
16 0.964939 -56.5355 0.00250846
17 0.964939 -56.5355 0.00250756
18 0.964939 -56.5355 0.00250696
19 0.964939 -56.5355 0.00250647
20 0.96494 -56.5355 0.00250603
21 0.96494 -56.5355 0.00250565
22 0.96494 -56.5355 0.00250529
23 0.96494 -56.5355 0.00250499
24 0.96494 -56.5355 0.00250469
25 0.96494 -56.5355 0.00250443
26 0.96494 -56.5355 0.00250417
27 0.96494 -56.5355 0.00250394
28 0.96494 -56.5355 0.00250372
29 0.96494 -56.5355 0.00250354
30 0.96494 -56.5355 0.00250334
31 0.96494 -56.5355 0.00250319
32 0.96494 -56.5355 0.00250303
33 0.96494 -56.5355 0.0025029
34 0.96494 -56.5355 0.00250278
35 0.96494 -56.5355 0.00250268
36 0.96494 -56.5355 0.00250257
37 0.96494 -56.5355 0.0025025
38 0.96494 -56.5355 0.00250241
39 0.96494 -56.5355 0.00250235
40 0.96494 -56.5355 0.00250229
41 0.96494 -56.5355 0.00250224
42 0.96494 -56.5355 0.00250218
43 0.96494 -56.5355 0.00250215
44 0.96494 -56.5355 0.0025021
45 0.96494 -56.5355 0.00250206
46 0.96494 -56.5355 0.00250202
47 0.96494 -56.5355 0.00250199
48 0.96494 -56.5355 0.00250195
49 0.96494 -56.5355 0.00250191
50 0.96494 -56.5355 0.00250188
51 0.96494 -56.5355 0.00250185
52 0.96494 -56.5355 0.00250182
53 0.96494 -56.5355 0.00250181
54 0.96494 -56.5355 0.00250177
55 0.96494 -56.5355 0.00250176
56 0.96494 -56.5355 0.00250174
57 0.96494 -56.5355 0.00250173
58 0.96494 -56.5355 0.00250171
59 0.96494 -56.5355 0.0025017
60 0.96494 -56.5355 0.00250168
61 0.96494 -56.5355 0.00250167
62 0.96494 -56.5355 0.00250165
63 0.96494 -56.5355 0.00250164
64 0.96494 -56.5355 0.00250162
65 0.96494 -56.5355 0.0025016
66 0.96494 -56.5355 0.00250158
67 0.96494 -56.5355 0.00250156
68 0.96494 -56.5355 0.00250153
69 0.96494 -56.5355 0.00250151
70 0.96494 -56.5355 0.00250148
71 0.96494 -56.5355 0.00250146
72 0.96494 -56.5355 0.00250142
73 0.96494 -56.5355 0.0025014
74 0.96494 -56.5355 0.00250137
75 0.96494 -56.5355 0.00250136
76 0.96494 -56.5355 0.00250133
77 0.96494 -56.5355 0.00250132
78 0.96494 -56.5355 0.0025013
79 0.96494 -56.5355 0.00250129
80 0.96494 -56.5355 0.00250127
81 0.96494 -56.5355 0.00250127
82 0.96494 -56.5355 0.00250125
83 0.96494 -56.5355 0.00250126
84 0.96494 -56.5355 0.00250124
85 0.96494 -56.5355 0.00250124
86 0.96494 -56.5355 0.00250123
87 0.96494 -56.5355 0.00250123
88 0.96494 -56.5355 0.00250122
89 0.96494 -56.5355 0.00250122
90 0.96494 -56.5355 0.00250121
91 0.96494 -56.5355 0.00250121
92 0.96494 -56.5355 0.0025012
93 0.96494 -56.5355 0.00250121
94 0.96494 -56.5355 0.0025012
95 0.96494 -56.5355 0.0025012
96 0.96494 -56.5355 0.00250119
97 0.96494 -56.5355 0.00250119
98 0.96494 -56.5355 0.00250118
99 0.96494 -56.5355 0.00250119
Initial energy of the MPS: -0.345814
# DMRG Sweep # Mid bond EE # Energy # Std #
0 0.00641368 30.216 5.39295
1 0.713024 31.7413 0.0425684
2 0.695869 31.7489 0.0118138
3 0.710848 31.7497 0.00374943
4 0.706714 31.7499 0.00170662
5 0.728024 31.7499 0.00119295
6 0.795506 31.75 0.000735721
7 0.859318 31.75 0.000568635
8 0.927946 31.75 0.000713942
9 0.92601 31.75 0.000542325
10 0.963405 31.75 0.000503527
11 0.976927 31.7501 0.000602967
12 0.979679 31.7501 0.0006644
13 0.97795 31.7501 0.000710686
14 0.98698 31.7501 0.00060211
15 0.992287 31.7502 0.000511503
16 0.995514 31.7502 0.000514895
17 0.99432 31.7502 0.00053965
18 0.985752 31.7502 0.000526097
19 0.990887 31.7502 0.000486776
20 0.979309 31.7503 0.000427174
21 0.978195 31.7503 0.000440876
22 0.966378 31.7503 0.000441342
23 0.958901 31.7503 0.000425718
24 0.931556 31.7503 0.000414348
25 0.921659 31.7503 0.000397446
26 0.891927 31.7503 0.000349029
27 0.8792 31.7503 0.000261018
min energy  # max energy
-56.5355 31.7503
