Initial energy of the MPS: -0.02126
# DMRG Sweep # Mid bond EE # Energy # Std #
0 0.0100882 -52.7552 13.2026
1 0.75433 -56.5336 0.014601
2 0.935327 -56.5354 0.00334941
3 0.962547 -56.5355 0.00271505
4 0.964611 -56.5355 0.00273086
5 0.964832 -56.5355 0.00269542
6 0.964879 -56.5355 0.00264232
7 0.9649 -56.5355 0.00259883
8 0.964912 -56.5355 0.00257286
9 0.96492 -56.5355 0.00255522
10 0.964926 -56.5355 0.00253893
11 0.964931 -56.5355 0.0025271
12 0.964934 -56.5355 0.00252099
13 0.964936 -56.5355 0.00251704
14 0.964937 -56.5355 0.00251369
15 0.964938 -56.5355 0.00251157
16 0.964938 -56.5355 0.00250987
17 0.964939 -56.5355 0.00250874
18 0.964939 -56.5355 0.00250809
19 0.964939 -56.5355 0.00250761
20 0.964939 -56.5355 0.00250721
21 0.964939 -56.5355 0.00250686
22 0.964939 -56.5355 0.00250651
23 0.964939 -56.5355 0.00250621
24 0.964939 -56.5355 0.00250591
25 0.964939 -56.5355 0.00250563
26 0.964939 -56.5355 0.00250536
27 0.964939 -56.5355 0.0025051
28 0.964939 -56.5355 0.00250484
29 0.964939 -56.5355 0.0025046
30 0.964939 -56.5355 0.00250435
31 0.964939 -56.5355 0.00250411
32 0.964939 -56.5355 0.00250387
33 0.964939 -56.5355 0.00250364
34 0.96494 -56.5355 0.00250341
35 0.96494 -56.5355 0.0025032
36 0.96494 -56.5355 0.002503
37 0.96494 -56.5355 0.00250281
38 0.96494 -56.5355 0.00250263
39 0.96494 -56.5355 0.00250247
40 0.96494 -56.5355 0.00250233
41 0.96494 -56.5355 0.00250219
42 0.96494 -56.5355 0.00250206
43 0.96494 -56.5355 0.00250197
44 0.96494 -56.5355 0.00250186
45 0.96494 -56.5355 0.00250178
46 0.96494 -56.5355 0.00250169
47 0.96494 -56.5355 0.00250163
48 0.96494 -56.5355 0.00250156
49 0.96494 -56.5355 0.00250151
50 0.96494 -56.5355 0.00250146
51 0.96494 -56.5355 0.00250143
52 0.96494 -56.5355 0.00250139
53 0.96494 -56.5355 0.00250136
54 0.96494 -56.5355 0.00250133
55 0.96494 -56.5355 0.00250131
56 0.96494 -56.5355 0.00250128
57 0.96494 -56.5355 0.00250128
58 0.96494 -56.5355 0.00250125
59 0.96494 -56.5355 0.00250125
60 0.96494 -56.5355 0.00250123
61 0.96494 -56.5355 0.00250122
62 0.96494 -56.5355 0.00250121
63 0.96494 -56.5355 0.0025012
64 0.96494 -56.5355 0.00250118
65 0.96494 -56.5355 0.00250118
66 0.96494 -56.5355 0.00250117
67 0.96494 -56.5355 0.00250117
68 0.96494 -56.5355 0.00250116
69 0.96494 -56.5355 0.00250115
70 0.96494 -56.5355 0.00250114
71 0.96494 -56.5355 0.00250114
72 0.96494 -56.5355 0.00250113
73 0.96494 -56.5355 0.00250113
74 0.96494 -56.5355 0.00250112
75 0.96494 -56.5355 0.00250111
76 0.96494 -56.5355 0.00250111
77 0.96494 -56.5355 0.00250111
78 0.96494 -56.5355 0.00250109
79 0.96494 -56.5355 0.00250109
80 0.96494 -56.5355 0.00250109
81 0.96494 -56.5355 0.00250109
82 0.96494 -56.5355 0.00250108
83 0.96494 -56.5355 0.00250108
84 0.96494 -56.5355 0.00250107
85 0.96494 -56.5355 0.00250107
86 0.96494 -56.5355 0.00250106
87 0.96494 -56.5355 0.00250106
88 0.96494 -56.5355 0.00250106
89 0.96494 -56.5355 0.00250106
90 0.96494 -56.5355 0.00250105
91 0.96494 -56.5355 0.00250105
92 0.96494 -56.5355 0.00250104
93 0.96494 -56.5355 0.00250104
94 0.96494 -56.5355 0.00250104
95 0.96494 -56.5355 0.00250103
96 0.96494 -56.5355 0.00250103
97 0.96494 -56.5355 0.00250103
98 0.96494 -56.5355 0.00250102
99 0.96494 -56.5355 0.00250102
Initial energy of the MPS: -0.345809
# DMRG Sweep # Mid bond EE # Energy # Std #
0 0.006053 30.2156 5.39276
1 0.709171 31.742 0.0408405
2 0.697336 31.7489 0.0114942
3 0.718401 31.7498 0.0041778
4 0.713017 31.7499 0.00141996
5 0.721169 31.7499 0.00100392
6 0.79226 31.75 0.00065028
7 0.851765 31.75 0.000502652
8 0.935465 31.75 0.000509783
9 0.956034 31.75 0.000451198
10 0.995303 31.75 0.000492616
11 0.997814 31.75 0.000539795
12 1.00499 31.7501 0.000492026
13 1.00769 31.7501 0.000431578
14 1.02295 31.7501 0.000443032
15 1.02746 31.7501 0.000476658
16 1.03421 31.7501 0.000492108
17 1.01886 31.7501 0.000440623
18 1.02304 31.7501 0.000396234
19 1.02157 31.7502 0.000400767
20 1.02892 31.7502 0.000398504
21 1.01957 31.7502 0.000385635
22 1.01801 31.7502 0.000353476
23 1.0065 31.7502 0.000354693
24 1.00769 31.7502 0.000331812
25 0.989026 31.7502 0.000344307
26 0.987968 31.7502 0.000316448
27 0.965173 31.7502 0.000321591
28 0.962411 31.7502 0.000303853
min energy  # max energy
-56.5355 31.7502
