Initial energy of the MPS: -0.0212466
# DMRG Sweep # Mid bond EE # Energy # Std #
0 0.0100866 -52.7545 13.2025
1 0.754246 -56.5336 0.014588
2 0.935285 -56.5354 0.00334777
3 0.962539 -56.5355 0.00271615
4 0.964611 -56.5355 0.00273267
5 0.96483 -56.5355 0.00269734
6 0.964878 -56.5355 0.00264211
7 0.9649 -56.5355 0.00259659
8 0.964912 -56.5355 0.00256939
9 0.96492 -56.5355 0.0025499
10 0.964926 -56.5355 0.00253461
11 0.964931 -56.5355 0.00252532
12 0.964933 -56.5355 0.00251948
13 0.964935 -56.5355 0.00251587
14 0.964936 -56.5355 0.00251384
15 0.964936 -56.5355 0.00251161
16 0.964938 -56.5355 0.00250921
17 0.964938 -56.5355 0.00250775
18 0.964938 -56.5355 0.00250702
19 0.964938 -56.5355 0.00250653
20 0.964938 -56.5355 0.00250608
21 0.964938 -56.5355 0.00250569
22 0.964938 -56.5355 0.00250533
23 0.964938 -56.5355 0.00250502
24 0.964938 -56.5355 0.00250471
25 0.964939 -56.5355 0.00250445
26 0.964939 -56.5355 0.0025042
27 0.964939 -56.5355 0.00250399
28 0.964939 -56.5355 0.00250378
29 0.964939 -56.5355 0.0025036
30 0.964939 -56.5355 0.00250342
31 0.964939 -56.5355 0.00250328
32 0.964939 -56.5355 0.00250312
33 0.964939 -56.5355 0.00250299
34 0.964939 -56.5355 0.00250285
35 0.964939 -56.5355 0.00250273
36 0.964939 -56.5355 0.0025026
37 0.964939 -56.5355 0.00250249
38 0.964939 -56.5355 0.00250237
39 0.964939 -56.5355 0.00250228
40 0.964939 -56.5355 0.00250217
41 0.964939 -56.5355 0.00250209
42 0.964939 -56.5355 0.002502
43 0.964939 -56.5355 0.00250193
44 0.964939 -56.5355 0.00250185
45 0.964939 -56.5355 0.0025018
46 0.964939 -56.5355 0.00250174
47 0.964939 -56.5355 0.00250169
48 0.964939 -56.5355 0.00250164
49 0.964939 -56.5355 0.00250161
50 0.964939 -56.5355 0.00250156
51 0.964939 -56.5355 0.00250154
52 0.964939 -56.5355 0.0025015
53 0.964939 -56.5355 0.00250147
54 0.964939 -56.5355 0.00250143
55 0.964939 -56.5355 0.0025014
56 0.964939 -56.5355 0.00250137
57 0.964939 -56.5355 0.00250134
58 0.964939 -56.5355 0.0025013
59 0.964939 -56.5355 0.00250127
60 0.964939 -56.5355 0.00250122
61 0.964939 -56.5355 0.0025012
62 0.964939 -56.5355 0.00250115
63 0.964939 -56.5355 0.00250112
64 0.964939 -56.5355 0.00250108
65 0.964939 -56.5355 0.00250105
66 0.964939 -56.5355 0.00250101
67 0.964939 -56.5355 0.00250098
68 0.964939 -56.5355 0.00250094
69 0.964939 -56.5355 0.00250091
70 0.964939 -56.5355 0.00250088
71 0.964939 -56.5355 0.00250086
72 0.964939 -56.5355 0.00250083
73 0.964939 -56.5355 0.00250082
74 0.964939 -56.5355 0.00250079
75 0.964939 -56.5355 0.00250078
76 0.964939 -56.5355 0.00250076
77 0.964939 -56.5355 0.00250076
78 0.964939 -56.5355 0.00250074
79 0.964939 -56.5355 0.00250073
80 0.964939 -56.5355 0.00250073
81 0.964939 -56.5355 0.00250072
82 0.964939 -56.5355 0.00250071
83 0.964939 -56.5355 0.00250071
84 0.964939 -56.5355 0.0025007
85 0.964939 -56.5355 0.0025007
86 0.964939 -56.5355 0.0025007
87 0.964939 -56.5355 0.0025007
88 0.964939 -56.5355 0.00250068
89 0.964939 -56.5355 0.00250068
90 0.964939 -56.5355 0.00250068
91 0.964939 -56.5355 0.00250068
92 0.964939 -56.5355 0.00250067
93 0.964939 -56.5355 0.00250067
94 0.964939 -56.5355 0.00250067
95 0.964939 -56.5355 0.00250067
96 0.964939 -56.5355 0.00250066
97 0.964939 -56.5355 0.00250066
98 0.964939 -56.5355 0.00250065
99 0.964939 -56.5355 0.00250066
Initial energy of the MPS: -0.345827
# DMRG Sweep # Mid bond EE # Energy # Std #
0 0.00749209 30.1825 5.39144
1 0.69561 31.7414 0.0425146
2 0.695618 31.7488 0.011494
3 0.704571 31.7497 0.00375916
4 0.710368 31.7499 0.00181289
5 0.737416 31.75 0.00141018
6 0.821068 31.75 0.00109541
7 0.839301 31.7501 0.00107468
8 0.900884 31.7501 0.000885329
9 0.905269 31.7502 0.000908411
10 0.92277 31.7502 0.000741595
11 0.931123 31.7503 0.000701148
12 0.943748 31.7503 0.000717926
13 0.947867 31.7504 0.000652874
14 0.950387 31.7504 0.000625676
15 0.951407 31.7504 0.000588482
16 0.943327 31.7505 0.000522804
17 0.944446 31.7505 0.000470131
18 0.925219 31.7505 0.000439208
19 0.922392 31.7505 0.000424568
20 0.911397 31.7505 0.000377587
21 0.898881 31.7505 0.00039862
22 0.865675 31.7505 0.000462232
23 0.790556 31.7506 0.000771177
24 0.457245 31.7506 0.000409185
25 0.0873979 31.7506 0.00011992
min energy  # max energy
-56.5355 31.7506
