Initial energy of the MPS: -0.021188
# DMRG Sweep # Mid bond EE # Energy # Std #
0 0.0100865 -52.7549 13.2026
1 0.754352 -56.5336 0.0145883
2 0.935306 -56.5354 0.00334274
3 0.962547 -56.5355 0.00271518
4 0.964612 -56.5355 0.0027364
5 0.96483 -56.5355 0.0027012
6 0.964877 -56.5355 0.00264559
7 0.9649 -56.5355 0.00260028
8 0.964912 -56.5355 0.00257231
9 0.96492 -56.5355 0.00255152
10 0.964926 -56.5355 0.00253351
11 0.964932 -56.5355 0.00252292
12 0.964933 -56.5355 0.00251782
13 0.964936 -56.5355 0.00251454
14 0.964936 -56.5355 0.00251144
15 0.964937 -56.5355 0.00250863
16 0.964938 -56.5355 0.00250679
17 0.964938 -56.5355 0.00250582
18 0.964938 -56.5355 0.0025052
19 0.964939 -56.5355 0.00250471
20 0.964939 -56.5355 0.00250429
21 0.964939 -56.5355 0.00250394
22 0.964939 -56.5355 0.00250362
23 0.964939 -56.5355 0.00250335
24 0.964939 -56.5355 0.0025031
25 0.964939 -56.5355 0.00250289
26 0.964939 -56.5355 0.00250269
27 0.964939 -56.5355 0.00250252
28 0.964939 -56.5355 0.00250236
29 0.964939 -56.5355 0.00250222
30 0.964939 -56.5355 0.00250208
31 0.964939 -56.5355 0.00250196
32 0.964939 -56.5355 0.00250184
33 0.964939 -56.5355 0.00250174
34 0.964939 -56.5355 0.00250164
35 0.964939 -56.5355 0.00250156
36 0.964939 -56.5355 0.00250145
37 0.964939 -56.5355 0.00250139
38 0.964939 -56.5355 0.00250132
39 0.964939 -56.5355 0.00250125
40 0.964939 -56.5355 0.00250118
41 0.964939 -56.5355 0.00250113
42 0.964939 -56.5355 0.00250107
43 0.964939 -56.5355 0.00250103
44 0.964939 -56.5355 0.00250097
45 0.964939 -56.5355 0.00250093
46 0.964939 -56.5355 0.00250088
47 0.964939 -56.5355 0.00250083
48 0.964939 -56.5355 0.00250078
49 0.964939 -56.5355 0.00250073
50 0.964939 -56.5355 0.00250068
51 0.964939 -56.5355 0.00250063
52 0.964939 -56.5355 0.00250058
53 0.964939 -56.5355 0.00250054
54 0.964939 -56.5355 0.00250049
55 0.964939 -56.5355 0.00250046
56 0.964939 -56.5355 0.00250042
57 0.964939 -56.5355 0.0025004
58 0.964939 -56.5355 0.00250036
59 0.964939 -56.5355 0.00250035
60 0.964939 -56.5355 0.00250033
61 0.964939 -56.5355 0.00250032
62 0.964939 -56.5355 0.00250029
63 0.964939 -56.5355 0.00250029
64 0.964939 -56.5355 0.00250027
65 0.964939 -56.5355 0.00250027
66 0.964939 -56.5355 0.00250026
67 0.964939 -56.5355 0.00250025
68 0.964939 -56.5355 0.00250024
69 0.964939 -56.5355 0.00250024
70 0.964939 -56.5355 0.00250023
71 0.964939 -56.5355 0.00250023
72 0.964939 -56.5355 0.00250022
73 0.964939 -56.5355 0.00250022
74 0.964939 -56.5355 0.00250021
75 0.964939 -56.5355 0.00250021
76 0.964939 -56.5355 0.0025002
77 0.964939 -56.5355 0.0025002
78 0.964939 -56.5355 0.00250019
79 0.964939 -56.5355 0.00250019
80 0.964939 -56.5355 0.00250018
81 0.964939 -56.5355 0.00250019
82 0.964939 -56.5355 0.00250018
83 0.964939 -56.5355 0.00250018
84 0.964939 -56.5355 0.00250017
85 0.964939 -56.5355 0.00250018
86 0.964939 -56.5355 0.00250017
87 0.964939 -56.5355 0.00250017
88 0.964939 -56.5355 0.00250016
89 0.964939 -56.5355 0.00250017
90 0.964939 -56.5355 0.00250015
91 0.964939 -56.5355 0.00250016
92 0.964939 -56.5355 0.00250015
93 0.964939 -56.5355 0.00250015
94 0.964939 -56.5355 0.00250014
95 0.964939 -56.5355 0.00250015
96 0.964939 -56.5355 0.00250014
97 0.964939 -56.5355 0.00250014
98 0.964939 -56.5355 0.00250013
99 0.964939 -56.5355 0.00250013
Initial energy of the MPS: -0.345745
# DMRG Sweep # Mid bond EE # Energy # Std #
0 0.00520639 30.2106 5.39153
1 0.711196 31.7412 0.0407662
2 0.701219 31.7488 0.0119096
3 0.724537 31.7497 0.00387039
4 0.707594 31.7499 0.0014927
5 0.710074 31.7499 0.00134221
6 0.800068 31.75 0.000814607
7 0.873923 31.75 0.00060401
8 0.939083 31.75 0.000646528
9 0.92729 31.75 0.000761382
10 0.950592 31.7501 0.000740376
11 0.95698 31.7501 0.000640894
12 0.98156 31.7501 0.000552995
13 0.982495 31.7501 0.000559501
14 0.999436 31.7502 0.000516063
15 0.993452 31.7502 0.00054348
16 0.990411 31.7502 0.000547306
17 0.981313 31.7502 0.000495878
18 0.982318 31.7503 0.000441822
19 0.98248 31.7503 0.00040809
20 0.976459 31.7503 0.000418513
21 0.96971 31.7503 0.000426648
22 0.960429 31.7503 0.000424431
23 0.94758 31.7503 0.000413174
24 0.931715 31.7503 0.000388471
25 0.919553 31.7503 0.000383357
26 0.896094 31.7504 0.000387077
27 0.870066 31.7504 0.000321182
28 0.826448 31.7504 0.000424855
29 0.573261 31.7504 0.000298107
min energy  # max energy
-56.5355 31.7504
