Initial energy of the MPS: -0.0212046
# DMRG Sweep # Mid bond EE # Energy # Std #
0 0.0100861 -52.755 13.2026
1 0.754263 -56.5336 0.014601
2 0.935301 -56.5354 0.00334939
3 0.962538 -56.5355 0.00271747
4 0.964612 -56.5355 0.00273372
5 0.964831 -56.5355 0.00269678
6 0.964878 -56.5355 0.00264118
7 0.9649 -56.5355 0.00259681
8 0.964912 -56.5355 0.00257125
9 0.96492 -56.5355 0.00255267
10 0.964926 -56.5355 0.0025369
11 0.964931 -56.5355 0.00252714
12 0.964932 -56.5355 0.00252131
13 0.964935 -56.5355 0.00251729
14 0.964936 -56.5355 0.00251429
15 0.964937 -56.5355 0.00251156
16 0.964938 -56.5355 0.0025093
17 0.964938 -56.5355 0.00250791
18 0.964938 -56.5355 0.00250713
19 0.964938 -56.5355 0.00250655
20 0.964938 -56.5355 0.00250602
21 0.964938 -56.5355 0.00250556
22 0.964939 -56.5355 0.00250513
23 0.964939 -56.5355 0.00250476
24 0.964939 -56.5355 0.00250441
25 0.964939 -56.5355 0.0025041
26 0.964939 -56.5355 0.00250383
27 0.964939 -56.5355 0.00250359
28 0.964939 -56.5355 0.00250336
29 0.964939 -56.5355 0.00250317
30 0.964939 -56.5355 0.00250299
31 0.964939 -56.5355 0.00250283
32 0.964939 -56.5355 0.00250267
33 0.964939 -56.5355 0.00250253
34 0.964939 -56.5355 0.00250239
35 0.964939 -56.5355 0.00250227
36 0.964939 -56.5355 0.00250215
37 0.964939 -56.5355 0.00250206
38 0.964939 -56.5355 0.00250195
39 0.964939 -56.5355 0.00250187
40 0.964939 -56.5355 0.00250179
41 0.964939 -56.5355 0.00250172
42 0.964939 -56.5355 0.00250165
43 0.964939 -56.5355 0.00250159
44 0.964939 -56.5355 0.00250152
45 0.964939 -56.5355 0.00250148
46 0.964939 -56.5355 0.00250143
47 0.964939 -56.5355 0.00250139
48 0.964939 -56.5355 0.00250134
49 0.964939 -56.5355 0.00250132
50 0.964939 -56.5355 0.00250128
51 0.964939 -56.5355 0.00250125
52 0.964939 -56.5355 0.00250121
53 0.964939 -56.5355 0.00250118
54 0.964939 -56.5355 0.00250114
55 0.964939 -56.5355 0.00250112
56 0.964939 -56.5355 0.00250108
57 0.964939 -56.5355 0.00250105
58 0.964939 -56.5355 0.00250102
59 0.964939 -56.5355 0.002501
60 0.964939 -56.5355 0.00250097
61 0.964939 -56.5355 0.00250095
62 0.964939 -56.5355 0.00250093
63 0.964939 -56.5355 0.00250092
64 0.964939 -56.5355 0.0025009
65 0.964939 -56.5355 0.00250089
66 0.964939 -56.5355 0.00250087
67 0.964939 -56.5355 0.00250088
68 0.964939 -56.5355 0.00250085
69 0.964939 -56.5355 0.00250085
70 0.964939 -56.5355 0.00250084
71 0.964939 -56.5355 0.00250084
72 0.964939 -56.5355 0.00250083
73 0.964939 -56.5355 0.00250082
74 0.964939 -56.5355 0.00250082
75 0.964939 -56.5355 0.00250081
76 0.964939 -56.5355 0.00250081
77 0.964939 -56.5355 0.00250081
78 0.964939 -56.5355 0.0025008
79 0.964939 -56.5355 0.00250079
80 0.964939 -56.5355 0.00250079
81 0.964939 -56.5355 0.00250078
82 0.964939 -56.5355 0.00250078
83 0.964939 -56.5355 0.00250078
84 0.964939 -56.5355 0.00250077
85 0.964939 -56.5355 0.00250077
86 0.964939 -56.5355 0.00250077
87 0.964939 -56.5355 0.00250076
88 0.964939 -56.5355 0.00250076
89 0.964939 -56.5355 0.00250076
90 0.964939 -56.5355 0.00250075
91 0.964939 -56.5355 0.00250075
92 0.964939 -56.5355 0.00250074
93 0.964939 -56.5355 0.00250074
94 0.964939 -56.5355 0.00250074
95 0.964939 -56.5355 0.00250073
96 0.964939 -56.5355 0.00250073
97 0.964939 -56.5355 0.00250073
98 0.964939 -56.5355 0.00250072
99 0.964939 -56.5355 0.00250073
Initial energy of the MPS: -0.345802
# DMRG Sweep # Mid bond EE # Energy # Std #
0 0.0068406 30.2085 5.3922
1 0.702912 31.7411 0.0432315
2 0.697801 31.7492 0.0124919
3 0.707796 31.7501 0.00382666
4 0.717824 31.7503 0.00174298
5 0.718766 31.7503 0.00115075
6 0.75995 31.7504 0.000857545
7 0.826476 31.7504 0.000652225
8 0.855127 31.7504 0.000679601
9 0.876784 31.7505 0.0006223
10 0.882087 31.7505 0.000548765
11 0.890235 31.7505 0.000481742
12 0.887272 31.7505 0.000508118
13 0.881729 31.7505 0.000451177
14 0.822976 31.7505 0.000757675
15 0.661719 31.7505 0.000744914
16 0.281398 31.7505 0.000359956
17 0.0829974 31.7505 0.000121295
min energy  # max energy
-56.5355 31.7505
