Initial energy of the MPS: -0.0212136
# DMRG Sweep # Mid bond EE # Energy # Std #
0 0.0100876 -52.754 13.2024
1 0.75453 -56.5336 0.0146378
2 0.935487 -56.5354 0.00334486
3 0.962555 -56.5355 0.00271722
4 0.964609 -56.5355 0.00273672
5 0.964827 -56.5355 0.00270054
6 0.964875 -56.5355 0.00264494
7 0.964897 -56.5355 0.00260123
8 0.964909 -56.5355 0.00257496
9 0.964917 -56.5355 0.00255519
10 0.964922 -56.5355 0.00253958
11 0.964927 -56.5355 0.00253029
12 0.964929 -56.5355 0.0025236
13 0.964932 -56.5355 0.00251894
14 0.964933 -56.5355 0.00251534
15 0.964934 -56.5355 0.00251283
16 0.964934 -56.5355 0.00251085
17 0.964935 -56.5355 0.00250927
18 0.964935 -56.5355 0.00250839
19 0.964935 -56.5355 0.00250777
20 0.964935 -56.5355 0.00250725
21 0.964935 -56.5355 0.00250678
22 0.964935 -56.5355 0.00250633
23 0.964935 -56.5355 0.00250592
24 0.964936 -56.5355 0.00250554
25 0.964936 -56.5355 0.00250519
26 0.964936 -56.5355 0.00250486
27 0.964936 -56.5355 0.00250456
28 0.964936 -56.5355 0.00250428
29 0.964936 -56.5355 0.00250403
30 0.964936 -56.5355 0.00250379
31 0.964936 -56.5355 0.00250358
32 0.964936 -56.5355 0.00250338
33 0.964936 -56.5355 0.00250321
34 0.964936 -56.5355 0.00250304
35 0.964936 -56.5355 0.0025029
36 0.964936 -56.5355 0.00250276
37 0.964936 -56.5355 0.00250264
38 0.964936 -56.5355 0.00250253
39 0.964936 -56.5355 0.00250243
40 0.964936 -56.5355 0.00250234
41 0.964936 -56.5355 0.00250227
42 0.964936 -56.5355 0.00250219
43 0.964936 -56.5355 0.00250213
44 0.964936 -56.5355 0.00250205
45 0.964936 -56.5355 0.002502
46 0.964936 -56.5355 0.00250195
47 0.964936 -56.5355 0.00250191
48 0.964936 -56.5355 0.00250185
49 0.964936 -56.5355 0.00250182
50 0.964936 -56.5355 0.00250178
51 0.964936 -56.5355 0.00250175
52 0.964936 -56.5355 0.00250171
53 0.964936 -56.5355 0.00250168
54 0.964936 -56.5355 0.00250165
55 0.964936 -56.5355 0.00250162
56 0.964936 -56.5355 0.00250158
57 0.964936 -56.5355 0.00250155
58 0.964936 -56.5355 0.00250152
59 0.964936 -56.5355 0.00250149
60 0.964936 -56.5355 0.00250145
61 0.964936 -56.5355 0.00250143
62 0.964936 -56.5355 0.0025014
63 0.964936 -56.5355 0.00250138
64 0.964936 -56.5355 0.00250136
65 0.964936 -56.5355 0.00250134
66 0.964936 -56.5355 0.00250132
67 0.964936 -56.5355 0.00250131
68 0.964936 -56.5355 0.00250129
69 0.964936 -56.5355 0.00250129
70 0.964936 -56.5355 0.00250127
71 0.964936 -56.5355 0.00250127
72 0.964936 -56.5355 0.00250126
73 0.964936 -56.5355 0.00250126
74 0.964936 -56.5355 0.00250125
75 0.964936 -56.5355 0.00250124
76 0.964936 -56.5355 0.00250124
77 0.964936 -56.5355 0.00250123
78 0.964936 -56.5355 0.00250122
79 0.964936 -56.5355 0.00250123
80 0.964936 -56.5355 0.00250121
81 0.964936 -56.5355 0.00250122
82 0.964936 -56.5355 0.00250121
83 0.964936 -56.5355 0.00250121
84 0.964936 -56.5355 0.0025012
85 0.964936 -56.5355 0.0025012
86 0.964936 -56.5355 0.0025012
87 0.964936 -56.5355 0.0025012
88 0.964936 -56.5355 0.00250119
89 0.964936 -56.5355 0.00250119
90 0.964936 -56.5355 0.00250118
91 0.964936 -56.5355 0.00250119
92 0.964936 -56.5355 0.00250118
93 0.964936 -56.5355 0.00250118
94 0.964936 -56.5355 0.00250116
95 0.964936 -56.5355 0.00250117
96 0.964936 -56.5355 0.00250116
97 0.964936 -56.5355 0.00250117
98 0.964936 -56.5355 0.00250115
99 0.964936 -56.5355 0.00250116
Initial energy of the MPS: -0.345774
# DMRG Sweep # Mid bond EE # Energy # Std #
0 0.00489102 30.2142 5.39201
1 0.702993 31.742 0.0394465
2 0.703259 31.749 0.0112281
3 0.71836 31.7499 0.00453356
4 0.724109 31.7501 0.00160728
5 0.744421 31.7501 0.000862415
6 0.730476 31.7502 0.00070094
7 0.806262 31.7502 0.000546684
8 0.817846 31.7502 0.000483951
9 0.895127 31.7502 0.000411426
10 0.910912 31.7502 0.000424569
11 0.929437 31.7502 0.000361737
12 0.928127 31.7502 0.000395719
13 0.92372 31.7502 0.000387135
14 0.905629 31.7503 0.000402229
15 0.89827 31.7503 0.00030973
min energy  # max energy
-56.5355 31.7503
