Initial energy of the MPS: -0.0211927
# DMRG Sweep # Mid bond EE # Energy # Std #
0 0.010088 -52.7547 13.2025
1 0.754328 -56.5336 0.0145826
2 0.935265 -56.5354 0.00334925
3 0.962542 -56.5355 0.00271482
4 0.964612 -56.5355 0.0027302
5 0.964832 -56.5355 0.00269608
6 0.96488 -56.5355 0.00264322
7 0.964901 -56.5355 0.00259974
8 0.964913 -56.5355 0.00257275
9 0.964921 -56.5355 0.00255306
10 0.964926 -56.5355 0.00253564
11 0.964932 -56.5355 0.00252422
12 0.964934 -56.5355 0.00251879
13 0.964936 -56.5355 0.0025153
14 0.964938 -56.5355 0.00251232
15 0.964938 -56.5355 0.00251011
16 0.964939 -56.5355 0.00250856
17 0.964939 -56.5355 0.0025077
18 0.964939 -56.5355 0.00250715
19 0.964939 -56.5355 0.00250671
20 0.964939 -56.5355 0.0025063
21 0.964939 -56.5355 0.00250595
22 0.964939 -56.5355 0.00250561
23 0.96494 -56.5355 0.0025053
24 0.96494 -56.5355 0.00250501
25 0.96494 -56.5355 0.00250475
26 0.96494 -56.5355 0.00250449
27 0.96494 -56.5355 0.00250426
28 0.96494 -56.5355 0.00250403
29 0.96494 -56.5355 0.00250383
30 0.96494 -56.5355 0.00250362
31 0.96494 -56.5355 0.00250344
32 0.96494 -56.5355 0.00250325
33 0.96494 -56.5355 0.00250309
34 0.96494 -56.5355 0.00250291
35 0.96494 -56.5355 0.00250276
36 0.96494 -56.5355 0.0025026
37 0.96494 -56.5355 0.00250246
38 0.96494 -56.5355 0.00250231
39 0.96494 -56.5355 0.00250219
40 0.96494 -56.5355 0.00250206
41 0.96494 -56.5355 0.00250195
42 0.96494 -56.5355 0.00250184
43 0.96494 -56.5355 0.00250174
44 0.96494 -56.5355 0.00250164
45 0.96494 -56.5355 0.00250155
46 0.96494 -56.5355 0.00250147
47 0.96494 -56.5355 0.0025014
48 0.96494 -56.5355 0.00250132
49 0.96494 -56.5355 0.00250127
50 0.96494 -56.5355 0.00250121
51 0.96494 -56.5355 0.00250117
52 0.96494 -56.5355 0.00250112
53 0.96494 -56.5355 0.00250109
54 0.96494 -56.5355 0.00250105
55 0.96494 -56.5355 0.00250103
56 0.96494 -56.5355 0.002501
57 0.96494 -56.5355 0.00250099
58 0.96494 -56.5355 0.00250096
59 0.96494 -56.5355 0.00250095
60 0.96494 -56.5355 0.00250093
61 0.96494 -56.5355 0.00250093
62 0.96494 -56.5355 0.00250091
63 0.96494 -56.5355 0.00250091
64 0.96494 -56.5355 0.0025009
65 0.96494 -56.5355 0.00250089
66 0.96494 -56.5355 0.00250088
67 0.96494 -56.5355 0.00250087
68 0.96494 -56.5355 0.00250086
69 0.96494 -56.5355 0.00250086
70 0.96494 -56.5355 0.00250085
71 0.96494 -56.5355 0.00250086
72 0.96494 -56.5355 0.00250084
73 0.96494 -56.5355 0.00250084
74 0.96494 -56.5355 0.00250083
75 0.96494 -56.5355 0.00250083
76 0.96494 -56.5355 0.00250082
77 0.96494 -56.5355 0.00250082
78 0.96494 -56.5355 0.00250082
79 0.96494 -56.5355 0.00250081
80 0.96494 -56.5355 0.00250081
81 0.96494 -56.5355 0.00250081
82 0.96494 -56.5355 0.0025008
83 0.96494 -56.5355 0.0025008
84 0.96494 -56.5355 0.00250079
85 0.96494 -56.5355 0.00250079
86 0.96494 -56.5355 0.00250079
87 0.96494 -56.5355 0.00250079
88 0.96494 -56.5355 0.00250078
89 0.96494 -56.5355 0.00250078
90 0.96494 -56.5355 0.00250077
91 0.96494 -56.5355 0.00250077
92 0.96494 -56.5355 0.00250077
93 0.96494 -56.5355 0.00250077
94 0.96494 -56.5355 0.00250076
95 0.96494 -56.5355 0.00250076
96 0.96494 -56.5355 0.00250076
97 0.96494 -56.5355 0.00250076
98 0.96494 -56.5355 0.00250075
99 0.96494 -56.5355 0.00250075
Initial energy of the MPS: -0.345827
# DMRG Sweep # Mid bond EE # Energy # Std #
0 0.00699024 30.2067 5.39174
1 0.701628 31.7412 0.0417844
2 0.695389 31.7488 0.0126696
3 0.712423 31.7498 0.00453743
4 0.717456 31.75 0.00179401
5 0.749358 31.7501 0.000813781
6 0.70399 31.7501 0.000596361
7 0.758299 31.7501 0.000477401
8 0.792577 31.7501 0.000400889
9 0.889956 31.7501 0.000267086
min energy  # max energy
-56.5355 31.7501
