Initial energy of the MPS: -0.0212107
# DMRG Sweep # Mid bond EE # Energy # Std #
0 0.0100888 -52.7543 13.2025
1 0.75453 -56.5336 0.0146137
2 0.935438 -56.5354 0.00334908
3 0.962548 -56.5355 0.0027148
4 0.964606 -56.5355 0.00273175
5 0.964826 -56.5355 0.00269773
6 0.964874 -56.5355 0.00264499
7 0.964895 -56.5355 0.00260075
8 0.964906 -56.5355 0.00257343
9 0.964914 -56.5355 0.00255464
10 0.96492 -56.5355 0.00253784
11 0.964926 -56.5355 0.00252611
12 0.964928 -56.5355 0.00251952
13 0.964931 -56.5355 0.00251537
14 0.964932 -56.5355 0.00251269
15 0.964932 -56.5355 0.00251076
16 0.964933 -56.5355 0.00250927
17 0.964933 -56.5355 0.00250842
18 0.964933 -56.5355 0.00250784
19 0.964933 -56.5355 0.00250738
20 0.964933 -56.5355 0.00250696
21 0.964933 -56.5355 0.0025066
22 0.964934 -56.5355 0.00250625
23 0.964934 -56.5355 0.00250594
24 0.964934 -56.5355 0.00250564
25 0.964934 -56.5355 0.00250536
26 0.964934 -56.5355 0.0025051
27 0.964934 -56.5355 0.00250486
28 0.964934 -56.5355 0.00250462
29 0.964934 -56.5355 0.00250441
30 0.964934 -56.5355 0.00250419
31 0.964934 -56.5355 0.00250399
32 0.964934 -56.5355 0.00250379
33 0.964934 -56.5355 0.00250361
34 0.964934 -56.5355 0.00250342
35 0.964934 -56.5355 0.00250327
36 0.964934 -56.5355 0.0025031
37 0.964934 -56.5355 0.00250296
38 0.964934 -56.5355 0.00250281
39 0.964934 -56.5355 0.00250269
40 0.964934 -56.5355 0.00250258
41 0.964934 -56.5355 0.00250248
42 0.964934 -56.5355 0.00250238
43 0.964934 -56.5355 0.0025023
44 0.964934 -56.5355 0.00250222
45 0.964934 -56.5355 0.00250216
46 0.964934 -56.5355 0.00250209
47 0.964934 -56.5355 0.00250204
48 0.964934 -56.5355 0.00250199
49 0.964934 -56.5355 0.00250194
50 0.964934 -56.5355 0.00250189
51 0.964934 -56.5355 0.00250186
52 0.964934 -56.5355 0.00250182
53 0.964934 -56.5355 0.0025018
54 0.964934 -56.5355 0.00250177
55 0.964934 -56.5355 0.00250176
56 0.964934 -56.5355 0.00250173
57 0.964934 -56.5355 0.00250172
58 0.964934 -56.5355 0.00250169
59 0.964934 -56.5355 0.00250169
60 0.964934 -56.5355 0.00250167
61 0.964934 -56.5355 0.00250166
62 0.964934 -56.5355 0.00250164
63 0.964934 -56.5355 0.00250164
64 0.964934 -56.5355 0.00250163
65 0.964934 -56.5355 0.00250162
66 0.964934 -56.5355 0.00250161
67 0.964934 -56.5355 0.0025016
68 0.964934 -56.5355 0.0025016
69 0.964934 -56.5355 0.00250159
70 0.964934 -56.5355 0.00250158
71 0.964934 -56.5355 0.00250158
72 0.964934 -56.5355 0.00250157
73 0.964934 -56.5355 0.00250157
74 0.964934 -56.5355 0.00250155
75 0.964934 -56.5355 0.00250156
76 0.964934 -56.5355 0.00250154
77 0.964934 -56.5355 0.00250155
78 0.964934 -56.5355 0.00250154
79 0.964934 -56.5355 0.00250154
80 0.964934 -56.5355 0.00250153
81 0.964934 -56.5355 0.00250153
82 0.964934 -56.5355 0.00250152
83 0.964934 -56.5355 0.00250151
84 0.964934 -56.5355 0.00250152
85 0.964934 -56.5355 0.00250151
86 0.964934 -56.5355 0.00250151
87 0.964934 -56.5355 0.0025015
88 0.964934 -56.5355 0.00250149
89 0.964934 -56.5355 0.00250149
90 0.964934 -56.5355 0.00250149
91 0.964934 -56.5355 0.00250148
92 0.964934 -56.5355 0.00250148
93 0.964934 -56.5355 0.00250148
94 0.964934 -56.5355 0.00250148
95 0.964934 -56.5355 0.00250148
96 0.964934 -56.5355 0.00250147
97 0.964934 -56.5355 0.00250147
98 0.964934 -56.5355 0.00250146
99 0.964934 -56.5355 0.00250146
Initial energy of the MPS: -0.345842
# DMRG Sweep # Mid bond EE # Energy # Std #
0 0.00769375 30.1935 5.39185
1 0.696496 31.7422 0.0412415
2 0.694552 31.749 0.0103537
3 0.717014 31.7498 0.00363611
4 0.723857 31.7499 0.00158486
5 0.740989 31.7499 0.00114577
6 0.825488 31.75 0.000868579
7 0.868429 31.75 0.000741856
8 0.944014 31.75 0.000615092
9 0.955603 31.75 0.000621359
10 0.979221 31.7501 0.000691011
11 0.976672 31.7501 0.00069573
12 0.978636 31.7501 0.000580427
13 0.986199 31.7501 0.00049886
14 1.00295 31.7502 0.000494484
15 1.0045 31.7502 0.000596624
16 0.987398 31.7502 0.000535181
17 0.982963 31.7502 0.000478545
18 0.984787 31.7502 0.000439119
19 0.979111 31.7503 0.000435787
20 0.971169 31.7503 0.000419817
21 0.961129 31.7503 0.000388084
22 0.955652 31.7503 0.00039628
23 0.945441 31.7503 0.000394575
24 0.927593 31.7503 0.00036739
25 0.906638 31.7503 0.00033929
26 0.891121 31.7503 0.000301376
min energy  # max energy
-56.5355 31.7503
