Initial energy of the MPS: -0.0212273
# DMRG Sweep # Mid bond EE # Energy # Std #
0 0.0100879 -52.7547 13.2025
1 0.754215 -56.5336 0.0145836
2 0.935263 -56.5354 0.00334477
3 0.962549 -56.5355 0.00271699
4 0.964611 -56.5355 0.0027343
5 0.964832 -56.5355 0.00269844
6 0.964879 -56.5355 0.00264382
7 0.964901 -56.5355 0.00259869
8 0.964913 -56.5355 0.00257063
9 0.964921 -56.5355 0.00255108
10 0.964927 -56.5355 0.00253536
11 0.964932 -56.5355 0.00252577
12 0.964934 -56.5355 0.00251984
13 0.964936 -56.5355 0.00251573
14 0.964937 -56.5355 0.00251253
15 0.964938 -56.5355 0.00250982
16 0.964939 -56.5355 0.00250845
17 0.964939 -56.5355 0.00250777
18 0.964939 -56.5355 0.00250728
19 0.964939 -56.5355 0.00250686
20 0.964939 -56.5355 0.00250648
21 0.96494 -56.5355 0.00250614
22 0.96494 -56.5355 0.00250581
23 0.96494 -56.5355 0.00250552
24 0.96494 -56.5355 0.00250523
25 0.96494 -56.5355 0.00250497
26 0.96494 -56.5355 0.00250472
27 0.96494 -56.5355 0.00250451
28 0.96494 -56.5355 0.0025043
29 0.96494 -56.5355 0.00250412
30 0.96494 -56.5355 0.00250394
31 0.96494 -56.5355 0.00250379
32 0.96494 -56.5355 0.00250364
33 0.96494 -56.5355 0.00250351
34 0.96494 -56.5355 0.00250338
35 0.96494 -56.5355 0.00250327
36 0.96494 -56.5355 0.00250315
37 0.96494 -56.5355 0.00250305
38 0.96494 -56.5355 0.00250294
39 0.96494 -56.5355 0.00250285
40 0.96494 -56.5355 0.00250275
41 0.96494 -56.5355 0.00250266
42 0.96494 -56.5355 0.00250257
43 0.96494 -56.5355 0.0025025
44 0.96494 -56.5355 0.00250241
45 0.96494 -56.5355 0.00250235
46 0.96494 -56.5355 0.00250228
47 0.96494 -56.5355 0.00250223
48 0.96494 -56.5355 0.00250216
49 0.96494 -56.5355 0.00250212
50 0.96494 -56.5355 0.00250206
51 0.96494 -56.5355 0.00250201
52 0.96494 -56.5355 0.00250197
53 0.96494 -56.5355 0.00250194
54 0.96494 -56.5355 0.00250188
55 0.96494 -56.5355 0.00250186
56 0.96494 -56.5355 0.00250182
57 0.96494 -56.5355 0.0025018
58 0.96494 -56.5355 0.00250177
59 0.96494 -56.5355 0.00250175
60 0.96494 -56.5355 0.00250172
61 0.96494 -56.5355 0.00250171
62 0.96494 -56.5355 0.00250168
63 0.96494 -56.5355 0.00250167
64 0.96494 -56.5355 0.00250165
65 0.96494 -56.5355 0.00250165
66 0.96494 -56.5355 0.00250162
67 0.96494 -56.5355 0.00250161
68 0.96494 -56.5355 0.00250159
69 0.96494 -56.5355 0.00250157
70 0.96494 -56.5355 0.00250155
71 0.96494 -56.5355 0.00250154
72 0.96494 -56.5355 0.00250151
73 0.96494 -56.5355 0.0025015
74 0.96494 -56.5355 0.00250146
75 0.96494 -56.5355 0.00250144
76 0.96494 -56.5355 0.00250141
77 0.96494 -56.5355 0.00250139
78 0.96494 -56.5355 0.00250136
79 0.96494 -56.5355 0.00250134
80 0.96494 -56.5355 0.0025013
81 0.96494 -56.5355 0.00250129
82 0.96494 -56.5355 0.00250125
83 0.96494 -56.5355 0.00250125
84 0.96494 -56.5355 0.00250122
85 0.96494 -56.5355 0.00250122
86 0.96494 -56.5355 0.00250119
87 0.96494 -56.5355 0.00250119
88 0.96494 -56.5355 0.00250117
89 0.96494 -56.5355 0.00250117
90 0.96494 -56.5355 0.00250115
91 0.96494 -56.5355 0.00250115
92 0.96494 -56.5355 0.00250114
93 0.96494 -56.5355 0.00250113
94 0.96494 -56.5355 0.00250113
95 0.96494 -56.5355 0.00250112
96 0.96494 -56.5355 0.00250111
97 0.96494 -56.5355 0.00250111
98 0.96494 -56.5355 0.0025011
99 0.96494 -56.5355 0.00250111
Initial energy of the MPS: -0.345865
# DMRG Sweep # Mid bond EE # Energy # Std #
0 0.00693247 30.2068 5.3925
1 0.702011 31.7414 0.0421179
2 0.697082 31.749 0.0122262
3 0.712764 31.7499 0.00386839
4 0.718925 31.75 0.00139973
5 0.756344 31.7501 0.000497655
6 0.700255 31.7501 0.000380821
7 0.736978 31.7501 0.000343439
8 0.766961 31.7501 0.000309121
min energy  # max energy
-56.5355 31.7501
