Initial energy of the MPS: -0.0212583
# DMRG Sweep # Mid bond EE # Energy # Std #
0 0.0100885 -52.7554 13.2027
1 0.754373 -56.5336 0.0146075
2 0.935369 -56.5354 0.00334757
3 0.962549 -56.5355 0.00271597
4 0.964608 -56.5355 0.00273274
5 0.964829 -56.5355 0.00269793
6 0.964876 -56.5355 0.00264419
7 0.964898 -56.5355 0.00259905
8 0.964909 -56.5355 0.00257141
9 0.964918 -56.5355 0.00255178
10 0.964923 -56.5355 0.00253543
11 0.964929 -56.5355 0.00252475
12 0.964931 -56.5355 0.00251882
13 0.964933 -56.5355 0.00251517
14 0.964934 -56.5355 0.00251251
15 0.964935 -56.5355 0.0025105
16 0.964936 -56.5355 0.0025091
17 0.964936 -56.5355 0.00250832
18 0.964936 -56.5355 0.0025078
19 0.964936 -56.5355 0.00250738
20 0.964936 -56.5355 0.00250699
21 0.964936 -56.5355 0.00250665
22 0.964936 -56.5355 0.00250632
23 0.964936 -56.5355 0.00250602
24 0.964936 -56.5355 0.00250572
25 0.964936 -56.5355 0.00250546
26 0.964936 -56.5355 0.0025052
27 0.964936 -56.5355 0.00250497
28 0.964936 -56.5355 0.00250476
29 0.964936 -56.5355 0.00250455
30 0.964936 -56.5355 0.00250435
31 0.964936 -56.5355 0.00250418
32 0.964936 -56.5355 0.002504
33 0.964936 -56.5355 0.00250385
34 0.964936 -56.5355 0.00250369
35 0.964936 -56.5355 0.00250355
36 0.964936 -56.5355 0.00250341
37 0.964936 -56.5355 0.00250329
38 0.964936 -56.5355 0.00250317
39 0.964936 -56.5355 0.00250306
40 0.964936 -56.5355 0.00250296
41 0.964936 -56.5355 0.00250288
42 0.964936 -56.5355 0.00250278
43 0.964936 -56.5355 0.00250272
44 0.964936 -56.5355 0.00250264
45 0.964936 -56.5355 0.00250258
46 0.964936 -56.5355 0.00250251
47 0.964936 -56.5355 0.00250245
48 0.964936 -56.5355 0.00250239
49 0.964936 -56.5355 0.00250233
50 0.964937 -56.5355 0.00250227
51 0.964937 -56.5355 0.00250221
52 0.964937 -56.5355 0.00250214
53 0.964937 -56.5355 0.00250209
54 0.964937 -56.5355 0.00250203
55 0.964937 -56.5355 0.00250198
56 0.964937 -56.5355 0.00250192
57 0.964937 -56.5355 0.00250188
58 0.964937 -56.5355 0.00250183
59 0.964937 -56.5355 0.0025018
60 0.964937 -56.5355 0.00250176
61 0.964937 -56.5355 0.00250174
62 0.964937 -56.5355 0.0025017
63 0.964937 -56.5355 0.00250168
64 0.964937 -56.5355 0.00250166
65 0.964937 -56.5355 0.00250164
66 0.964937 -56.5355 0.00250162
67 0.964937 -56.5355 0.00250162
68 0.964937 -56.5355 0.0025016
69 0.964937 -56.5355 0.0025016
70 0.964937 -56.5355 0.00250158
71 0.964937 -56.5355 0.00250158
72 0.964937 -56.5355 0.00250157
73 0.964937 -56.5355 0.00250156
74 0.964937 -56.5355 0.00250155
75 0.964937 -56.5355 0.00250155
76 0.964937 -56.5355 0.00250154
77 0.964937 -56.5355 0.00250154
78 0.964937 -56.5355 0.00250153
79 0.964937 -56.5355 0.00250153
80 0.964937 -56.5355 0.00250152
81 0.964937 -56.5355 0.00250152
82 0.964937 -56.5355 0.00250151
83 0.964937 -56.5355 0.00250151
84 0.964937 -56.5355 0.0025015
85 0.964937 -56.5355 0.0025015
86 0.964937 -56.5355 0.00250149
87 0.964937 -56.5355 0.00250149
88 0.964937 -56.5355 0.00250148
89 0.964937 -56.5355 0.00250149
90 0.964937 -56.5355 0.00250148
91 0.964937 -56.5355 0.00250148
92 0.964937 -56.5355 0.00250147
93 0.964937 -56.5355 0.00250147
94 0.964937 -56.5355 0.00250147
95 0.964937 -56.5355 0.00250147
96 0.964937 -56.5355 0.00250146
97 0.964937 -56.5355 0.00250146
98 0.964937 -56.5355 0.00250146
99 0.964937 -56.5355 0.00250145
Initial energy of the MPS: -0.345813
# DMRG Sweep # Mid bond EE # Energy # Std #
0 0.00682742 30.2016 5.39197
1 0.695536 31.742 0.0396101
2 0.696317 31.7492 0.0114013
3 0.714716 31.7501 0.00455686
4 0.720225 31.7503 0.00199898
5 0.713064 31.7504 0.00130919
6 0.75794 31.7505 0.000932292
7 0.8219 31.7505 0.000769949
8 0.844273 31.7506 0.000712983
9 0.857418 31.7506 0.00064124
10 0.852251 31.7506 0.000627333
11 0.863905 31.7506 0.00054982
12 0.854626 31.7506 0.000576815
13 0.824244 31.7507 0.00119484
14 0.538157 31.7507 0.000493833
15 0.130951 31.7507 0.000206577
min energy  # max energy
-56.5355 31.7507
