Initial energy of the MPS: -0.0212588
# DMRG Sweep # Mid bond EE # Energy # Std #
0 0.0100869 -52.7551 13.2025
1 0.754267 -56.5336 0.0145851
2 0.935285 -56.5354 0.00334245
3 0.962549 -56.5355 0.00271675
4 0.964611 -56.5355 0.0027361
5 0.964831 -56.5355 0.00270033
6 0.964879 -56.5355 0.00264525
7 0.964901 -56.5355 0.00260042
8 0.964913 -56.5355 0.00257206
9 0.964921 -56.5355 0.00255221
10 0.964927 -56.5355 0.00253701
11 0.964931 -56.5355 0.00252791
12 0.964933 -56.5355 0.00252225
13 0.964936 -56.5355 0.00251782
14 0.964936 -56.5355 0.00251409
15 0.964937 -56.5355 0.00251163
16 0.964938 -56.5355 0.00250977
17 0.964939 -56.5355 0.00250821
18 0.964939 -56.5355 0.00250733
19 0.964939 -56.5355 0.0025068
20 0.964939 -56.5355 0.00250637
21 0.964939 -56.5355 0.002506
22 0.964939 -56.5355 0.00250566
23 0.964939 -56.5355 0.00250538
24 0.964939 -56.5355 0.00250509
25 0.964939 -56.5355 0.00250485
26 0.964939 -56.5355 0.0025046
27 0.96494 -56.5355 0.0025044
28 0.96494 -56.5355 0.00250419
29 0.96494 -56.5355 0.002504
30 0.96494 -56.5355 0.00250381
31 0.96494 -56.5355 0.00250365
32 0.96494 -56.5355 0.00250346
33 0.96494 -56.5355 0.00250331
34 0.96494 -56.5355 0.00250314
35 0.96494 -56.5355 0.00250299
36 0.96494 -56.5355 0.00250282
37 0.96494 -56.5355 0.00250269
38 0.96494 -56.5355 0.00250255
39 0.96494 -56.5355 0.00250242
40 0.96494 -56.5355 0.00250229
41 0.96494 -56.5355 0.00250218
42 0.96494 -56.5355 0.00250206
43 0.96494 -56.5355 0.00250196
44 0.96494 -56.5355 0.00250186
45 0.96494 -56.5355 0.00250177
46 0.96494 -56.5355 0.00250168
47 0.96494 -56.5355 0.00250161
48 0.96494 -56.5355 0.00250153
49 0.96494 -56.5355 0.00250147
50 0.96494 -56.5355 0.0025014
51 0.96494 -56.5355 0.00250135
52 0.96494 -56.5355 0.00250129
53 0.96494 -56.5355 0.00250125
54 0.96494 -56.5355 0.0025012
55 0.96494 -56.5355 0.00250117
56 0.96494 -56.5355 0.00250113
57 0.96494 -56.5355 0.00250111
58 0.96494 -56.5355 0.00250108
59 0.96494 -56.5355 0.00250106
60 0.96494 -56.5355 0.00250102
61 0.96494 -56.5355 0.00250101
62 0.96494 -56.5355 0.00250098
63 0.96494 -56.5355 0.00250096
64 0.96494 -56.5355 0.00250093
65 0.96494 -56.5355 0.00250091
66 0.96494 -56.5355 0.00250088
67 0.96494 -56.5355 0.00250086
68 0.96494 -56.5355 0.00250084
69 0.96494 -56.5355 0.00250082
70 0.96494 -56.5355 0.00250081
71 0.96494 -56.5355 0.00250079
72 0.96494 -56.5355 0.00250077
73 0.96494 -56.5355 0.00250076
74 0.96494 -56.5355 0.00250075
75 0.96494 -56.5355 0.00250074
76 0.96494 -56.5355 0.00250073
77 0.96494 -56.5355 0.00250073
78 0.96494 -56.5355 0.00250072
79 0.96494 -56.5355 0.00250071
80 0.96494 -56.5355 0.00250071
81 0.96494 -56.5355 0.0025007
82 0.96494 -56.5355 0.0025007
83 0.96494 -56.5355 0.00250069
84 0.96494 -56.5355 0.00250069
85 0.96494 -56.5355 0.00250069
86 0.96494 -56.5355 0.00250068
87 0.96494 -56.5355 0.00250068
88 0.96494 -56.5355 0.00250067
89 0.96494 -56.5355 0.00250068
90 0.96494 -56.5355 0.00250067
91 0.96494 -56.5355 0.00250067
92 0.96494 -56.5355 0.00250067
93 0.96494 -56.5355 0.00250067
94 0.96494 -56.5355 0.00250066
95 0.96494 -56.5355 0.00250066
96 0.96494 -56.5355 0.00250065
97 0.96494 -56.5355 0.00250065
98 0.96494 -56.5355 0.00250064
99 0.96494 -56.5355 0.00250064
Initial energy of the MPS: -0.345818
# DMRG Sweep # Mid bond EE # Energy # Std #
0 0.0066626 30.203 5.39239
1 0.704813 31.7416 0.0400566
2 0.695294 31.7488 0.012019
3 0.715173 31.7498 0.00495239
4 0.716794 31.75 0.00179283
5 0.764443 31.7501 0.000612158
6 0.698842 31.7501 0.000492968
7 0.720266 31.7501 0.00037701
8 0.776913 31.7501 0.000271882
min energy  # max energy
-56.5355 31.7501
