Initial energy of the MPS: -0.0211882
# DMRG Sweep # Mid bond EE # Energy # Std #
0 0.0100883 -52.7546 13.2025
1 0.754298 -56.5336 0.0146137
2 0.935353 -56.5354 0.0033477
3 0.962548 -56.5355 0.00271615
4 0.964607 -56.5355 0.00273363
5 0.964828 -56.5355 0.00269912
6 0.964876 -56.5355 0.00264506
7 0.964897 -56.5355 0.00259912
8 0.964909 -56.5355 0.0025707
9 0.964917 -56.5355 0.00255121
10 0.964923 -56.5355 0.00253521
11 0.964928 -56.5355 0.00252476
12 0.96493 -56.5355 0.00251886
13 0.964933 -56.5355 0.00251509
14 0.964934 -56.5355 0.00251192
15 0.964934 -56.5355 0.00250992
16 0.964935 -56.5355 0.00250898
17 0.964935 -56.5355 0.00250841
18 0.964935 -56.5355 0.00250794
19 0.964935 -56.5355 0.00250753
20 0.964935 -56.5355 0.00250714
21 0.964935 -56.5355 0.0025068
22 0.964935 -56.5355 0.00250645
23 0.964936 -56.5355 0.00250615
24 0.964936 -56.5355 0.00250585
25 0.964936 -56.5355 0.00250558
26 0.964936 -56.5355 0.00250533
27 0.964936 -56.5355 0.00250509
28 0.964936 -56.5355 0.00250487
29 0.964936 -56.5355 0.00250467
30 0.964936 -56.5355 0.00250447
31 0.964936 -56.5355 0.0025043
32 0.964936 -56.5355 0.00250412
33 0.964936 -56.5355 0.00250397
34 0.964936 -56.5355 0.00250381
35 0.964936 -56.5355 0.00250367
36 0.964936 -56.5355 0.00250353
37 0.964936 -56.5355 0.00250342
38 0.964936 -56.5355 0.00250329
39 0.964936 -56.5355 0.00250319
40 0.964936 -56.5355 0.00250307
41 0.964936 -56.5355 0.00250298
42 0.964936 -56.5355 0.00250287
43 0.964936 -56.5355 0.00250278
44 0.964936 -56.5355 0.00250269
45 0.964936 -56.5355 0.00250262
46 0.964936 -56.5355 0.00250253
47 0.964936 -56.5355 0.00250246
48 0.964936 -56.5355 0.00250238
49 0.964936 -56.5355 0.00250232
50 0.964936 -56.5355 0.00250224
51 0.964936 -56.5355 0.00250219
52 0.964936 -56.5355 0.00250213
53 0.964936 -56.5355 0.0025021
54 0.964936 -56.5355 0.00250206
55 0.964936 -56.5355 0.00250202
56 0.964936 -56.5355 0.00250199
57 0.964936 -56.5355 0.00250198
58 0.964936 -56.5355 0.00250194
59 0.964936 -56.5355 0.00250193
60 0.964936 -56.5355 0.00250191
61 0.964936 -56.5355 0.00250191
62 0.964936 -56.5355 0.00250188
63 0.964936 -56.5355 0.00250188
64 0.964936 -56.5355 0.00250186
65 0.964936 -56.5355 0.00250186
66 0.964936 -56.5355 0.00250185
67 0.964936 -56.5355 0.00250184
68 0.964936 -56.5355 0.00250183
69 0.964936 -56.5355 0.00250183
70 0.964936 -56.5355 0.00250182
71 0.964936 -56.5355 0.00250182
72 0.964936 -56.5355 0.0025018
73 0.964936 -56.5355 0.0025018
74 0.964936 -56.5355 0.00250179
75 0.964936 -56.5355 0.00250179
76 0.964936 -56.5355 0.00250178
77 0.964936 -56.5355 0.00250178
78 0.964936 -56.5355 0.00250177
79 0.964936 -56.5355 0.00250177
80 0.964936 -56.5355 0.00250176
81 0.964936 -56.5355 0.00250176
82 0.964936 -56.5355 0.00250175
83 0.964936 -56.5355 0.00250175
84 0.964936 -56.5355 0.00250174
85 0.964936 -56.5355 0.00250174
86 0.964936 -56.5355 0.00250173
87 0.964936 -56.5355 0.00250173
88 0.964936 -56.5355 0.00250173
89 0.964936 -56.5355 0.00250173
90 0.964936 -56.5355 0.00250172
91 0.964936 -56.5355 0.00250172
92 0.964936 -56.5355 0.00250171
93 0.964936 -56.5355 0.00250171
94 0.964936 -56.5355 0.0025017
95 0.964936 -56.5355 0.0025017
96 0.964936 -56.5355 0.0025017
97 0.964936 -56.5355 0.0025017
98 0.964936 -56.5355 0.00250169
99 0.964936 -56.5355 0.0025017
Initial energy of the MPS: -0.345846
# DMRG Sweep # Mid bond EE # Energy # Std #
0 0.0069042 30.2007 5.39149
1 0.703789 31.7417 0.0396711
2 0.697636 31.749 0.0125714
3 0.712851 31.7499 0.00424208
4 0.717084 31.7501 0.00142487
5 0.746487 31.7501 0.000704197
6 0.710291 31.7501 0.000573047
7 0.765618 31.7501 0.000485516
8 0.791891 31.7501 0.000396692
9 0.88192 31.7501 0.000267261
min energy  # max energy
-56.5355 31.7501
