Initial energy of the MPS: -0.021232
# DMRG Sweep # Mid bond EE # Energy # Std #
0 0.0100886 -52.7541 13.2024
1 0.754525 -56.5336 0.0146286
2 0.935438 -56.5354 0.00335253
3 0.962543 -56.5355 0.00271504
4 0.964607 -56.5355 0.0027315
5 0.964827 -56.5355 0.0026966
6 0.964874 -56.5355 0.00264313
7 0.964895 -56.5355 0.00259968
8 0.964907 -56.5355 0.00257406
9 0.964915 -56.5355 0.0025565
10 0.964921 -56.5355 0.00254009
11 0.964926 -56.5355 0.00252754
12 0.964929 -56.5355 0.00252085
13 0.964931 -56.5355 0.00251725
14 0.964932 -56.5355 0.0025145
15 0.964933 -56.5355 0.00251236
16 0.964933 -56.5355 0.00251063
17 0.964934 -56.5355 0.00250951
18 0.964934 -56.5355 0.00250881
19 0.964934 -56.5355 0.00250825
20 0.964934 -56.5355 0.00250775
21 0.964934 -56.5355 0.0025073
22 0.964934 -56.5355 0.00250688
23 0.964934 -56.5355 0.00250651
24 0.964934 -56.5355 0.00250615
25 0.964934 -56.5355 0.00250583
26 0.964934 -56.5355 0.00250552
27 0.964934 -56.5355 0.00250523
28 0.964934 -56.5355 0.00250495
29 0.964934 -56.5355 0.00250469
30 0.964934 -56.5355 0.00250444
31 0.964934 -56.5355 0.00250421
32 0.964934 -56.5355 0.00250396
33 0.964934 -56.5355 0.00250375
34 0.964934 -56.5355 0.00250353
35 0.964935 -56.5355 0.00250335
36 0.964935 -56.5355 0.00250315
37 0.964935 -56.5355 0.00250299
38 0.964935 -56.5355 0.00250283
39 0.964935 -56.5355 0.0025027
40 0.964935 -56.5355 0.00250256
41 0.964935 -56.5355 0.00250246
42 0.964935 -56.5355 0.00250236
43 0.964935 -56.5355 0.00250229
44 0.964935 -56.5355 0.00250221
45 0.964935 -56.5355 0.00250216
46 0.964935 -56.5355 0.0025021
47 0.964935 -56.5355 0.00250207
48 0.964935 -56.5355 0.00250202
49 0.964935 -56.5355 0.002502
50 0.964935 -56.5355 0.00250197
51 0.964935 -56.5355 0.00250195
52 0.964935 -56.5355 0.00250192
53 0.964935 -56.5355 0.00250191
54 0.964935 -56.5355 0.00250189
55 0.964935 -56.5355 0.00250187
56 0.964935 -56.5355 0.00250186
57 0.964935 -56.5355 0.00250185
58 0.964935 -56.5355 0.00250183
59 0.964935 -56.5355 0.00250183
60 0.964935 -56.5355 0.00250181
61 0.964935 -56.5355 0.00250181
62 0.964935 -56.5355 0.0025018
63 0.964935 -56.5355 0.00250179
64 0.964935 -56.5355 0.00250178
65 0.964935 -56.5355 0.00250178
66 0.964935 -56.5355 0.00250176
67 0.964935 -56.5355 0.00250176
68 0.964935 -56.5355 0.00250175
69 0.964935 -56.5355 0.00250175
70 0.964935 -56.5355 0.00250174
71 0.964935 -56.5355 0.00250174
72 0.964935 -56.5355 0.00250173
73 0.964935 -56.5355 0.00250173
74 0.964935 -56.5355 0.00250172
75 0.964935 -56.5355 0.00250172
76 0.964935 -56.5355 0.00250171
77 0.964935 -56.5355 0.00250171
78 0.964935 -56.5355 0.0025017
79 0.964935 -56.5355 0.0025017
80 0.964935 -56.5355 0.0025017
81 0.964935 -56.5355 0.00250169
82 0.964935 -56.5355 0.00250169
83 0.964935 -56.5355 0.00250169
84 0.964935 -56.5355 0.00250168
85 0.964935 -56.5355 0.00250168
86 0.964935 -56.5355 0.00250168
87 0.964935 -56.5355 0.00250167
88 0.964935 -56.5355 0.00250166
89 0.964935 -56.5355 0.00250166
90 0.964935 -56.5355 0.00250166
91 0.964935 -56.5355 0.00250167
92 0.964935 -56.5355 0.00250165
93 0.964935 -56.5355 0.00250165
94 0.964935 -56.5355 0.00250164
95 0.964935 -56.5355 0.00250165
96 0.964935 -56.5355 0.00250164
97 0.964935 -56.5355 0.00250164
98 0.964935 -56.5355 0.00250164
99 0.964935 -56.5355 0.00250164
Initial energy of the MPS: -0.345786
# DMRG Sweep # Mid bond EE # Energy # Std #
0 0.00516231 30.2086 5.39335
1 0.712346 31.7418 0.0409788
2 0.697879 31.749 0.011928
3 0.717264 31.7499 0.00403789
4 0.718091 31.75 0.00141503
5 0.754994 31.7501 0.00062904
6 0.704484 31.7501 0.000496795
7 0.761195 31.7501 0.000466912
8 0.781978 31.7501 0.000374659
9 0.861631 31.7501 0.00025212
min energy  # max energy
-56.5355 31.7501
