Initial energy of the MPS: -0.0212075
# DMRG Sweep # Mid bond EE # Energy # Std #
0 0.0100869 -52.7543 13.2025
1 0.754245 -56.5336 0.014567
2 0.935257 -56.5354 0.00334154
3 0.962543 -56.5355 0.00271682
4 0.964611 -56.5355 0.00273544
5 0.96483 -56.5355 0.002699
6 0.964878 -56.5355 0.00264441
7 0.9649 -56.5355 0.0025997
8 0.964912 -56.5355 0.00257115
9 0.964921 -56.5355 0.00255144
10 0.964926 -56.5355 0.00253646
11 0.964931 -56.5355 0.00252783
12 0.964933 -56.5355 0.00252262
13 0.964935 -56.5355 0.00251823
14 0.964936 -56.5355 0.00251435
15 0.964937 -56.5355 0.00251107
16 0.964938 -56.5355 0.00250876
17 0.964938 -56.5355 0.00250754
18 0.964939 -56.5355 0.00250684
19 0.964939 -56.5355 0.00250632
20 0.964939 -56.5355 0.00250586
21 0.964939 -56.5355 0.00250547
22 0.964939 -56.5355 0.00250512
23 0.964939 -56.5355 0.00250481
24 0.964939 -56.5355 0.00250452
25 0.964939 -56.5355 0.00250428
26 0.964939 -56.5355 0.00250404
27 0.964939 -56.5355 0.00250385
28 0.964939 -56.5355 0.00250365
29 0.964939 -56.5355 0.00250348
30 0.964939 -56.5355 0.00250332
31 0.964939 -56.5355 0.00250317
32 0.964939 -56.5355 0.00250302
33 0.964939 -56.5355 0.00250289
34 0.964939 -56.5355 0.00250275
35 0.964939 -56.5355 0.00250264
36 0.964939 -56.5355 0.00250251
37 0.964939 -56.5355 0.0025024
38 0.964939 -56.5355 0.00250228
39 0.964939 -56.5355 0.00250218
40 0.964939 -56.5355 0.00250207
41 0.964939 -56.5355 0.00250198
42 0.964939 -56.5355 0.00250187
43 0.964939 -56.5355 0.0025018
44 0.964939 -56.5355 0.00250171
45 0.964939 -56.5355 0.00250164
46 0.964939 -56.5355 0.00250156
47 0.964939 -56.5355 0.00250151
48 0.964939 -56.5355 0.00250144
49 0.964939 -56.5355 0.00250139
50 0.964939 -56.5355 0.00250133
51 0.964939 -56.5355 0.0025013
52 0.964939 -56.5355 0.00250125
53 0.964939 -56.5355 0.00250123
54 0.964939 -56.5355 0.00250118
55 0.964939 -56.5355 0.00250116
56 0.964939 -56.5355 0.00250112
57 0.964939 -56.5355 0.0025011
58 0.964939 -56.5355 0.00250106
59 0.964939 -56.5355 0.00250104
60 0.964939 -56.5355 0.00250101
61 0.964939 -56.5355 0.00250098
62 0.964939 -56.5355 0.00250095
63 0.964939 -56.5355 0.00250093
64 0.964939 -56.5355 0.00250089
65 0.964939 -56.5355 0.00250087
66 0.964939 -56.5355 0.00250084
67 0.964939 -56.5355 0.00250083
68 0.964939 -56.5355 0.0025008
69 0.964939 -56.5355 0.0025008
70 0.964939 -56.5355 0.00250078
71 0.964939 -56.5355 0.00250077
72 0.964939 -56.5355 0.00250076
73 0.964939 -56.5355 0.00250076
74 0.964939 -56.5355 0.00250074
75 0.964939 -56.5355 0.00250074
76 0.964939 -56.5355 0.00250074
77 0.964939 -56.5355 0.00250073
78 0.964939 -56.5355 0.00250073
79 0.964939 -56.5355 0.00250073
80 0.964939 -56.5355 0.00250071
81 0.964939 -56.5355 0.00250072
82 0.964939 -56.5355 0.0025007
83 0.964939 -56.5355 0.00250071
84 0.964939 -56.5355 0.0025007
85 0.964939 -56.5355 0.0025007
86 0.964939 -56.5355 0.00250069
87 0.964939 -56.5355 0.00250069
88 0.964939 -56.5355 0.00250069
89 0.964939 -56.5355 0.00250069
90 0.964939 -56.5355 0.00250068
91 0.964939 -56.5355 0.00250068
92 0.964939 -56.5355 0.00250067
93 0.964939 -56.5355 0.00250068
94 0.964939 -56.5355 0.00250067
95 0.964939 -56.5355 0.00250067
96 0.964939 -56.5355 0.00250066
97 0.964939 -56.5355 0.00250067
98 0.964939 -56.5355 0.00250066
99 0.964939 -56.5355 0.00250067
Initial energy of the MPS: -0.345777
# DMRG Sweep # Mid bond EE # Energy # Std #
0 0.00693314 30.213 5.39252
1 0.701078 31.742 0.0387196
2 0.696677 31.7488 0.0113208
3 0.712166 31.7497 0.00390787
4 0.701623 31.7498 0.00199424
5 0.732083 31.75 0.00179397
6 0.825104 31.75 0.00130011
7 0.857499 31.7501 0.00126639
8 0.896339 31.7502 0.00117966
9 0.884761 31.7503 0.00126965
10 0.902573 31.7503 0.000988767
11 0.906995 31.7504 0.000827542
12 0.920435 31.7504 0.000761942
13 0.919396 31.7505 0.000745137
14 0.922049 31.7505 0.000705007
15 0.925369 31.7506 0.000654848
16 0.912739 31.7506 0.000642756
17 0.897497 31.7506 0.000508353
18 0.897468 31.7507 0.000474632
19 0.87766 31.7507 0.000533284
20 0.83369 31.7507 0.000853322
21 0.592901 31.7507 0.000636233
22 0.152287 31.7507 0.000177933
min energy  # max energy
-56.5355 31.7507
