Initial energy of the MPS: -0.0212408
# DMRG Sweep # Mid bond EE # Energy # Std #
0 0.0100887 -52.7547 13.2025
1 0.754297 -56.5336 0.0145883
2 0.935279 -56.5354 0.00335014
3 0.962547 -56.5355 0.00271397
4 0.964611 -56.5355 0.00273081
5 0.964832 -56.5355 0.00269703
6 0.964879 -56.5355 0.00264462
7 0.9649 -56.5355 0.00260063
8 0.964912 -56.5355 0.0025731
9 0.96492 -56.5355 0.002554
10 0.964926 -56.5355 0.00253658
11 0.964931 -56.5355 0.00252462
12 0.964934 -56.5355 0.00251861
13 0.964936 -56.5355 0.00251496
14 0.964937 -56.5355 0.00251241
15 0.964938 -56.5355 0.00251066
16 0.964938 -56.5355 0.00250911
17 0.964939 -56.5355 0.00250805
18 0.964939 -56.5355 0.00250743
19 0.964939 -56.5355 0.00250695
20 0.964939 -56.5355 0.00250652
21 0.964939 -56.5355 0.00250614
22 0.964939 -56.5355 0.00250577
23 0.964939 -56.5355 0.00250544
24 0.964939 -56.5355 0.00250511
25 0.964939 -56.5355 0.00250482
26 0.964939 -56.5355 0.00250454
27 0.964939 -56.5355 0.00250428
28 0.964939 -56.5355 0.00250403
29 0.964939 -56.5355 0.00250381
30 0.964939 -56.5355 0.00250358
31 0.964939 -56.5355 0.00250338
32 0.964939 -56.5355 0.00250318
33 0.964939 -56.5355 0.00250301
34 0.964939 -56.5355 0.00250283
35 0.964939 -56.5355 0.00250268
36 0.964939 -56.5355 0.00250252
37 0.964939 -56.5355 0.00250241
38 0.964939 -56.5355 0.00250227
39 0.96494 -56.5355 0.00250217
40 0.96494 -56.5355 0.00250207
41 0.96494 -56.5355 0.002502
42 0.96494 -56.5355 0.0025019
43 0.96494 -56.5355 0.00250184
44 0.96494 -56.5355 0.00250177
45 0.96494 -56.5355 0.00250172
46 0.96494 -56.5355 0.00250166
47 0.96494 -56.5355 0.00250162
48 0.96494 -56.5355 0.00250157
49 0.96494 -56.5355 0.00250153
50 0.96494 -56.5355 0.00250148
51 0.96494 -56.5355 0.00250146
52 0.96494 -56.5355 0.00250141
53 0.96494 -56.5355 0.0025014
54 0.96494 -56.5355 0.00250137
55 0.96494 -56.5355 0.00250136
56 0.96494 -56.5355 0.00250133
57 0.96494 -56.5355 0.00250132
58 0.96494 -56.5355 0.00250129
59 0.96494 -56.5355 0.00250129
60 0.96494 -56.5355 0.00250127
61 0.96494 -56.5355 0.00250127
62 0.96494 -56.5355 0.00250125
63 0.96494 -56.5355 0.00250125
64 0.96494 -56.5355 0.00250124
65 0.96494 -56.5355 0.00250123
66 0.96494 -56.5355 0.00250122
67 0.96494 -56.5355 0.00250122
68 0.96494 -56.5355 0.0025012
69 0.96494 -56.5355 0.00250121
70 0.96494 -56.5355 0.00250119
71 0.96494 -56.5355 0.0025012
72 0.96494 -56.5355 0.00250118
73 0.96494 -56.5355 0.00250118
74 0.96494 -56.5355 0.00250117
75 0.96494 -56.5355 0.00250118
76 0.96494 -56.5355 0.00250116
77 0.96494 -56.5355 0.00250117
78 0.96494 -56.5355 0.00250116
79 0.96494 -56.5355 0.00250116
80 0.96494 -56.5355 0.00250115
81 0.96494 -56.5355 0.00250115
82 0.96494 -56.5355 0.00250114
83 0.96494 -56.5355 0.00250114
84 0.96494 -56.5355 0.00250113
85 0.96494 -56.5355 0.00250114
86 0.96494 -56.5355 0.00250113
87 0.96494 -56.5355 0.00250112
88 0.96494 -56.5355 0.00250112
89 0.96494 -56.5355 0.00250112
90 0.96494 -56.5355 0.00250112
91 0.96494 -56.5355 0.00250111
92 0.96494 -56.5355 0.00250111
93 0.96494 -56.5355 0.00250111
94 0.96494 -56.5355 0.0025011
95 0.96494 -56.5355 0.0025011
96 0.96494 -56.5355 0.0025011
97 0.96494 -56.5355 0.0025011
98 0.96494 -56.5355 0.00250109
99 0.96494 -56.5355 0.00250109
Initial energy of the MPS: -0.345807
# DMRG Sweep # Mid bond EE # Energy # Std #
0 0.00681471 30.2041 5.39228
1 0.704324 31.741 0.0419313
2 0.696339 31.7488 0.0120624
3 0.713747 31.7497 0.00422081
4 0.712318 31.7499 0.00157096
5 0.718994 31.7499 0.0011189
6 0.773155 31.75 0.000701185
7 0.850058 31.75 0.000546982
8 0.91691 31.75 0.000643226
9 0.922592 31.75 0.000552755
10 0.964749 31.75 0.000476888
11 0.996492 31.7501 0.000414106
12 1.00623 31.7501 0.000429577
13 1.01901 31.7501 0.000405907
14 1.02313 31.7501 0.000429639
15 1.02181 31.7501 0.000443761
16 1.01518 31.7501 0.000411562
17 1.01505 31.7501 0.000462278
18 0.995025 31.7502 0.000377133
19 1.004 31.7502 0.000382828
20 0.996768 31.7502 0.000352205
21 0.998044 31.7502 0.000360631
22 1.00013 31.7502 0.00038488
23 0.983303 31.7502 0.000405564
24 0.973214 31.7502 0.000365184
25 0.972126 31.7502 0.000291339
min energy  # max energy
-56.5355 31.7502
