Initial energy of the MPS: -0.021226
# DMRG Sweep # Mid bond EE # Energy # Std #
0 0.0100854 -52.7544 13.2025
1 0.754353 -56.5336 0.0146302
2 0.935408 -56.5354 0.00334403
3 0.962545 -56.5355 0.0027172
4 0.964613 -56.5355 0.00273706
5 0.96483 -56.5355 0.0027002
6 0.964878 -56.5355 0.00264414
7 0.9649 -56.5355 0.00259937
8 0.964912 -56.5355 0.0025714
9 0.964921 -56.5355 0.00255004
10 0.964926 -56.5355 0.00253397
11 0.964932 -56.5355 0.00252599
12 0.964933 -56.5355 0.00252165
13 0.964935 -56.5355 0.0025179
14 0.964936 -56.5355 0.00251392
15 0.964937 -56.5355 0.00251023
16 0.964938 -56.5355 0.00250782
17 0.964938 -56.5355 0.00250674
18 0.964938 -56.5355 0.00250608
19 0.964938 -56.5355 0.00250558
20 0.964939 -56.5355 0.00250513
21 0.964939 -56.5355 0.00250475
22 0.964939 -56.5355 0.00250441
23 0.964939 -56.5355 0.00250412
24 0.964939 -56.5355 0.00250384
25 0.964939 -56.5355 0.00250361
26 0.964939 -56.5355 0.0025034
27 0.964939 -56.5355 0.00250322
28 0.964939 -56.5355 0.00250304
29 0.964939 -56.5355 0.0025029
30 0.964939 -56.5355 0.00250276
31 0.964939 -56.5355 0.00250264
32 0.964939 -56.5355 0.00250251
33 0.964939 -56.5355 0.00250241
34 0.964939 -56.5355 0.00250231
35 0.964939 -56.5355 0.00250222
36 0.964939 -56.5355 0.00250213
37 0.964939 -56.5355 0.00250207
38 0.964939 -56.5355 0.00250199
39 0.964939 -56.5355 0.00250194
40 0.964939 -56.5355 0.00250187
41 0.964939 -56.5355 0.00250182
42 0.964939 -56.5355 0.00250177
43 0.964939 -56.5355 0.00250173
44 0.964939 -56.5355 0.00250167
45 0.964939 -56.5355 0.00250164
46 0.964939 -56.5355 0.00250159
47 0.964939 -56.5355 0.00250156
48 0.964939 -56.5355 0.00250151
49 0.964939 -56.5355 0.00250148
50 0.964939 -56.5355 0.00250143
51 0.964939 -56.5355 0.00250141
52 0.964939 -56.5355 0.00250136
53 0.964939 -56.5355 0.00250134
54 0.964939 -56.5355 0.00250129
55 0.964939 -56.5355 0.00250127
56 0.964939 -56.5355 0.00250123
57 0.964939 -56.5355 0.00250121
58 0.964939 -56.5355 0.00250117
59 0.964939 -56.5355 0.00250115
60 0.964939 -56.5355 0.00250112
61 0.964939 -56.5355 0.00250109
62 0.964939 -56.5355 0.00250106
63 0.964939 -56.5355 0.00250104
64 0.964939 -56.5355 0.00250102
65 0.964939 -56.5355 0.00250101
66 0.964939 -56.5355 0.00250098
67 0.964939 -56.5355 0.00250098
68 0.964939 -56.5355 0.00250096
69 0.964939 -56.5355 0.00250095
70 0.964939 -56.5355 0.00250093
71 0.964939 -56.5355 0.00250093
72 0.964939 -56.5355 0.00250092
73 0.964939 -56.5355 0.00250092
74 0.964939 -56.5355 0.00250091
75 0.964939 -56.5355 0.00250091
76 0.964939 -56.5355 0.0025009
77 0.964939 -56.5355 0.0025009
78 0.964939 -56.5355 0.00250089
79 0.964939 -56.5355 0.00250089
80 0.964939 -56.5355 0.00250089
81 0.964939 -56.5355 0.00250089
82 0.964939 -56.5355 0.00250088
83 0.964939 -56.5355 0.00250088
84 0.964939 -56.5355 0.00250087
85 0.964939 -56.5355 0.00250087
86 0.964939 -56.5355 0.00250086
87 0.964939 -56.5355 0.00250087
88 0.964939 -56.5355 0.00250086
89 0.964939 -56.5355 0.00250086
90 0.964939 -56.5355 0.00250086
91 0.964939 -56.5355 0.00250086
92 0.964939 -56.5355 0.00250085
93 0.964939 -56.5355 0.00250085
94 0.964939 -56.5355 0.00250084
95 0.964939 -56.5355 0.00250085
96 0.964939 -56.5355 0.00250084
97 0.964939 -56.5355 0.00250084
98 0.964939 -56.5355 0.00250083
99 0.964939 -56.5355 0.00250083
Initial energy of the MPS: -0.345837
# DMRG Sweep # Mid bond EE # Energy # Std #
0 0.00731415 30.2004 5.39296
1 0.697669 31.7413 0.041886
2 0.694148 31.749 0.0118297
3 0.713103 31.7499 0.00376844
4 0.721807 31.75 0.00129098
5 0.777604 31.75 0.000285978
min energy  # max energy
-56.5355 31.75
