Initial energy of the MPS: -0.0211991
# DMRG Sweep # Mid bond EE # Energy # Std #
0 0.0100875 -52.7557 13.2027
1 0.754106 -56.5336 0.0145875
2 0.935203 -56.5354 0.00334398
3 0.962541 -56.5355 0.00271349
4 0.96461 -56.5355 0.0027306
5 0.96483 -56.5355 0.00269665
6 0.964878 -56.5355 0.00264332
7 0.964899 -56.5355 0.00259808
8 0.964911 -56.5355 0.00257014
9 0.96492 -56.5355 0.00255082
10 0.964925 -56.5355 0.00253458
11 0.964931 -56.5355 0.00252387
12 0.964933 -56.5355 0.00251836
13 0.964935 -56.5355 0.00251496
14 0.964936 -56.5355 0.00251224
15 0.964937 -56.5355 0.00251049
16 0.964937 -56.5355 0.00250901
17 0.964937 -56.5355 0.00250795
18 0.964938 -56.5355 0.00250734
19 0.964938 -56.5355 0.0025069
20 0.964938 -56.5355 0.0025065
21 0.964938 -56.5355 0.00250616
22 0.964938 -56.5355 0.00250581
23 0.964938 -56.5355 0.00250551
24 0.964938 -56.5355 0.0025052
25 0.964938 -56.5355 0.00250492
26 0.964938 -56.5355 0.00250463
27 0.964938 -56.5355 0.00250439
28 0.964938 -56.5355 0.00250413
29 0.964938 -56.5355 0.0025039
30 0.964938 -56.5355 0.00250367
31 0.964938 -56.5355 0.00250345
32 0.964938 -56.5355 0.00250326
33 0.964938 -56.5355 0.00250308
34 0.964938 -56.5355 0.0025029
35 0.964938 -56.5355 0.00250273
36 0.964938 -56.5355 0.00250258
37 0.964938 -56.5355 0.00250244
38 0.964938 -56.5355 0.00250229
39 0.964938 -56.5355 0.00250218
40 0.964938 -56.5355 0.00250205
41 0.964938 -56.5355 0.00250196
42 0.964938 -56.5355 0.00250185
43 0.964938 -56.5355 0.00250177
44 0.964938 -56.5355 0.00250168
45 0.964938 -56.5355 0.00250161
46 0.964938 -56.5355 0.00250153
47 0.964938 -56.5355 0.00250147
48 0.964938 -56.5355 0.00250139
49 0.964938 -56.5355 0.00250133
50 0.964938 -56.5355 0.00250126
51 0.964938 -56.5355 0.0025012
52 0.964938 -56.5355 0.00250113
53 0.964938 -56.5355 0.00250108
54 0.964938 -56.5355 0.00250102
55 0.964939 -56.5355 0.00250096
56 0.964939 -56.5355 0.00250091
57 0.964939 -56.5355 0.00250087
58 0.964939 -56.5355 0.00250083
59 0.964939 -56.5355 0.00250079
60 0.964939 -56.5355 0.00250076
61 0.964939 -56.5355 0.00250073
62 0.964939 -56.5355 0.0025007
63 0.964939 -56.5355 0.00250069
64 0.964939 -56.5355 0.00250067
65 0.964939 -56.5355 0.00250065
66 0.964939 -56.5355 0.00250063
67 0.964939 -56.5355 0.00250063
68 0.964939 -56.5355 0.00250061
69 0.964939 -56.5355 0.00250061
70 0.964939 -56.5355 0.00250059
71 0.964939 -56.5355 0.00250059
72 0.964939 -56.5355 0.00250058
73 0.964939 -56.5355 0.00250058
74 0.964939 -56.5355 0.00250057
75 0.964939 -56.5355 0.00250057
76 0.964939 -56.5355 0.00250056
77 0.964939 -56.5355 0.00250055
78 0.964939 -56.5355 0.00250054
79 0.964939 -56.5355 0.00250054
80 0.964939 -56.5355 0.00250054
81 0.964939 -56.5355 0.00250054
82 0.964939 -56.5355 0.00250053
83 0.964939 -56.5355 0.00250052
84 0.964939 -56.5355 0.00250052
85 0.964939 -56.5355 0.00250052
86 0.964939 -56.5355 0.00250051
87 0.964939 -56.5355 0.00250051
88 0.964939 -56.5355 0.00250051
89 0.964939 -56.5355 0.00250051
90 0.964939 -56.5355 0.0025005
91 0.964939 -56.5355 0.00250049
92 0.964939 -56.5355 0.00250049
93 0.964939 -56.5355 0.00250049
94 0.964939 -56.5355 0.00250049
95 0.964939 -56.5355 0.00250049
96 0.964939 -56.5355 0.00250048
97 0.964939 -56.5355 0.00250048
98 0.964939 -56.5355 0.00250048
99 0.964939 -56.5355 0.00250048
Initial energy of the MPS: -0.345793
# DMRG Sweep # Mid bond EE # Energy # Std #
0 0.00701759 30.2054 5.39259
1 0.697131 31.741 0.0402753
2 0.695045 31.7489 0.0121377
3 0.712626 31.7498 0.00427834
4 0.716111 31.75 0.00155988
5 0.76634 31.75 0.000504022
6 0.706546 31.75 0.000350829
7 0.703813 31.75 0.000341703
8 0.733383 31.7501 0.000292368
min energy  # max energy
-56.5355 31.7501
