Initial energy of the MPS: -0.0212302
# DMRG Sweep # Mid bond EE # Energy # Std #
0 0.0100863 -52.7544 13.2024
1 0.754295 -56.5336 0.0146008
2 0.935309 -56.5354 0.00334546
3 0.962548 -56.5355 0.00271671
4 0.964612 -56.5355 0.00273627
5 0.964831 -56.5355 0.00270054
6 0.964878 -56.5355 0.0026456
7 0.9649 -56.5355 0.0026019
8 0.964913 -56.5355 0.0025743
9 0.964921 -56.5355 0.00255365
10 0.964926 -56.5355 0.00253654
11 0.964932 -56.5355 0.00252556
12 0.964934 -56.5355 0.00251939
13 0.964936 -56.5355 0.00251594
14 0.964937 -56.5355 0.00251288
15 0.964938 -56.5355 0.00250959
16 0.964939 -56.5355 0.00250749
17 0.964939 -56.5355 0.00250646
18 0.964939 -56.5355 0.00250583
19 0.964939 -56.5355 0.00250533
20 0.964939 -56.5355 0.00250488
21 0.964939 -56.5355 0.00250451
22 0.96494 -56.5355 0.00250417
23 0.96494 -56.5355 0.00250389
24 0.96494 -56.5355 0.00250362
25 0.96494 -56.5355 0.00250339
26 0.96494 -56.5355 0.00250318
27 0.96494 -56.5355 0.00250299
28 0.96494 -56.5355 0.00250282
29 0.96494 -56.5355 0.00250267
30 0.96494 -56.5355 0.00250253
31 0.96494 -56.5355 0.0025024
32 0.96494 -56.5355 0.00250227
33 0.96494 -56.5355 0.00250217
34 0.96494 -56.5355 0.00250206
35 0.96494 -56.5355 0.00250197
36 0.96494 -56.5355 0.00250188
37 0.96494 -56.5355 0.0025018
38 0.96494 -56.5355 0.00250171
39 0.96494 -56.5355 0.00250165
40 0.96494 -56.5355 0.00250158
41 0.96494 -56.5355 0.00250152
42 0.96494 -56.5355 0.00250146
43 0.96494 -56.5355 0.0025014
44 0.96494 -56.5355 0.00250134
45 0.96494 -56.5355 0.00250129
46 0.96494 -56.5355 0.00250123
47 0.96494 -56.5355 0.0025012
48 0.96494 -56.5355 0.00250114
49 0.96494 -56.5355 0.00250111
50 0.96494 -56.5355 0.00250105
51 0.96494 -56.5355 0.00250102
52 0.96494 -56.5355 0.00250098
53 0.96494 -56.5355 0.00250094
54 0.96494 -56.5355 0.00250091
55 0.96494 -56.5355 0.00250087
56 0.96494 -56.5355 0.00250083
57 0.96494 -56.5355 0.0025008
58 0.96494 -56.5355 0.00250076
59 0.96494 -56.5355 0.00250074
60 0.96494 -56.5355 0.00250071
61 0.96494 -56.5355 0.00250069
62 0.96494 -56.5355 0.00250066
63 0.96494 -56.5355 0.00250065
64 0.96494 -56.5355 0.00250063
65 0.96494 -56.5355 0.00250062
66 0.96494 -56.5355 0.0025006
67 0.96494 -56.5355 0.0025006
68 0.96494 -56.5355 0.00250058
69 0.96494 -56.5355 0.00250058
70 0.96494 -56.5355 0.00250057
71 0.96494 -56.5355 0.00250057
72 0.96494 -56.5355 0.00250055
73 0.96494 -56.5355 0.00250056
74 0.96494 -56.5355 0.00250054
75 0.96494 -56.5355 0.00250054
76 0.96494 -56.5355 0.00250053
77 0.96494 -56.5355 0.00250054
78 0.96494 -56.5355 0.00250052
79 0.96494 -56.5355 0.00250052
80 0.96494 -56.5355 0.00250052
81 0.96494 -56.5355 0.00250052
82 0.96494 -56.5355 0.00250051
83 0.96494 -56.5355 0.00250051
84 0.96494 -56.5355 0.00250051
85 0.96494 -56.5355 0.0025005
86 0.96494 -56.5355 0.00250049
87 0.96494 -56.5355 0.0025005
88 0.96494 -56.5355 0.00250049
89 0.96494 -56.5355 0.00250049
90 0.96494 -56.5355 0.00250049
91 0.96494 -56.5355 0.00250048
92 0.96494 -56.5355 0.00250048
93 0.96494 -56.5355 0.00250048
94 0.96494 -56.5355 0.00250047
95 0.96494 -56.5355 0.00250048
96 0.96494 -56.5355 0.00250046
97 0.96494 -56.5355 0.00250047
98 0.96494 -56.5355 0.00250047
99 0.96494 -56.5355 0.00250046
Initial energy of the MPS: -0.345794
# DMRG Sweep # Mid bond EE # Energy # Std #
0 0.00701412 30.1925 5.39174
1 0.699588 31.7423 0.0391106
2 0.694931 31.7491 0.0113824
3 0.705046 31.7499 0.00364023
4 0.712585 31.75 0.00137636
5 0.752427 31.7501 0.000436062
6 0.696929 31.7501 0.000324259
7 0.722241 31.7501 0.000273031
min energy  # max energy
-56.5355 31.7501
