Initial energy of the MPS: -0.0905589
# DMRG Sweep # Mid bond EE # Energy # Std #
0 0.0110354 -10.2811 5.90188
1 0.546785 -14.2155 0.000398978
2 0.54371 -14.2155 3.47135e-05
Initial energy of the MPS: -0.167654
# DMRG Sweep # Mid bond EE # Energy # Std #
0 0.0342822 5.99795 3.42392
1 0.535015 8.27061 0.0239104
2 1.13607 8.27229 0.00303202
3 1.25666 8.27232 0.000173425
4 1.25751 8.27232 0.000120162
5 1.25753 8.27232 0.000111024
6 1.25753 8.27232 0.000107733
7 1.25753 8.27232 0.000106891
8 1.25753 8.27232 0.00010643
9 1.25753 8.27232 0.000106443
10 1.25753 8.27232 0.000106347
11 1.25753 8.27232 0.000106368
12 1.25753 8.27232 0.000106315
13 1.25753 8.27232 0.000106395
14 1.25753 8.27232 0.000106397
15 1.25753 8.27232 0.000106485
16 1.25753 8.27232 0.000106483
17 1.25753 8.27232 0.00010656
18 1.25753 8.27232 0.000106552
19 1.25753 8.27232 0.000106615
20 1.25753 8.27232 0.000106607
21 1.25753 8.27232 0.000106658
22 1.25753 8.27232 0.000106653
23 1.25753 8.27232 0.000106697
24 1.25753 8.27232 0.000106697
25 1.25753 8.27232 0.000106733
26 1.25753 8.27232 0.000106739
27 1.25753 8.27232 0.000106774
28 1.25753 8.27232 0.000106777
29 1.25753 8.27232 0.000106808
30 1.25753 8.27232 0.000106812
31 1.25753 8.27232 0.000106836
32 1.25753 8.27232 0.00010684
33 1.25753 8.27232 0.000106858
34 1.25753 8.27232 0.000106861
35 1.25753 8.27232 0.000106872
36 1.25753 8.27232 0.000106875
37 1.25753 8.27232 0.000106883
38 1.25753 8.27232 0.000106885
39 1.25753 8.27232 0.00010689
40 1.25753 8.27232 0.000106893
41 1.25753 8.27232 0.000106896
42 1.25753 8.27232 0.000106899
43 1.25753 8.27232 0.0001069
44 1.25753 8.27232 0.000106902
45 1.25753 8.27232 0.000106905
46 1.25753 8.27232 0.000106907
47 1.25753 8.27232 0.00010691
48 1.25753 8.27232 0.000106911
49 1.25753 8.27232 0.000106914
50 1.25753 8.27232 0.000106915
51 1.25753 8.27232 0.000106918
52 1.25753 8.27232 0.00010692
53 1.25753 8.27232 0.000106923
54 1.25753 8.27232 0.000106923
55 1.25753 8.27232 0.000106926
56 1.25753 8.27232 0.000106929
57 1.25753 8.27232 0.000106932
58 1.25753 8.27232 0.000106935
59 1.25753 8.27232 0.000106939
60 1.25753 8.27232 0.00010694
61 1.25753 8.27232 0.000106944
62 1.25753 8.27232 0.000106947
63 1.25753 8.27232 0.000106951
64 1.25753 8.27232 0.000106955
65 1.25753 8.27232 0.000106959
66 1.25753 8.27232 0.000106962
67 1.25753 8.27232 0.000106966
68 1.25753 8.27232 0.000106971
69 1.25753 8.27232 0.000106977
70 1.25753 8.27232 0.000106982
71 1.25753 8.27232 0.000106988
72 1.25753 8.27232 0.000106992
73 1.25753 8.27232 0.000107
74 1.25753 8.27232 0.000107004
75 1.25753 8.27232 0.000107013
76 1.25753 8.27232 0.000107018
77 1.25753 8.27232 0.000107026
78 1.25753 8.27232 0.000107033
79 1.25753 8.27232 0.000107042
80 1.25753 8.27232 0.000107049
81 1.25753 8.27232 0.000107059
82 1.25753 8.27232 0.000107068
83 1.25753 8.27232 0.000107077
84 1.25753 8.27232 0.000107087
85 1.25753 8.27232 0.000107097
86 1.25753 8.27232 0.000107106
87 1.25753 8.27232 0.000107118
88 1.25753 8.27232 0.000107127
89 1.25753 8.27232 0.000107139
90 1.25753 8.27232 0.000107148
91 1.25753 8.27232 0.00010716
92 1.25753 8.27232 0.000107171
93 1.25753 8.27232 0.000107181
94 1.25753 8.27232 0.000107192
95 1.25753 8.27232 0.000107203
96 1.25753 8.27232 0.000107214
97 1.25753 8.27232 0.000107224
98 1.25753 8.27232 0.000107235
99 1.25753 8.27232 0.000107246
min energy  # max energy
-14.2155 8.27232
