Initial energy of the MPS: 0.0615364
# DMRG Sweep # Mid bond EE # Energy # Std #
0 0.0117745 -10.3367 5.93741
1 0.52751 -14.2113 9.98479e-05
Initial energy of the MPS: -0.358092
# DMRG Sweep # Mid bond EE # Energy # Std #
0 0.0504107 6.08552 3.4634
1 0.779724 8.24653 0.00661053
2 1.05228 8.24715 0.00163905
3 1.18659 8.24716 0.000125685
4 1.18712 8.24716 9.35405e-05
5 1.18712 8.24716 8.76501e-05
6 1.18713 8.24716 8.57967e-05
7 1.18713 8.24716 8.46857e-05
8 1.18713 8.24716 8.42161e-05
9 1.18713 8.24716 8.38824e-05
10 1.18713 8.24716 8.37042e-05
11 1.18713 8.24716 8.35515e-05
12 1.18713 8.24716 8.34548e-05
13 1.18713 8.24716 8.33314e-05
14 1.18713 8.24716 8.32788e-05
15 1.18713 8.24716 8.31806e-05
16 1.18713 8.24716 8.31546e-05
17 1.18713 8.24716 8.30798e-05
18 1.18713 8.24716 8.30682e-05
19 1.18713 8.24716 8.30124e-05
20 1.18713 8.24716 8.3006e-05
21 1.18713 8.24716 8.29653e-05
22 1.18713 8.24716 8.2959e-05
23 1.18713 8.24716 8.29306e-05
24 1.18713 8.24716 8.29213e-05
25 1.18713 8.24716 8.28992e-05
26 1.18713 8.24716 8.28896e-05
27 1.18713 8.24716 8.2874e-05
28 1.18713 8.24716 8.28611e-05
29 1.18713 8.24716 8.28493e-05
30 1.18713 8.24716 8.2837e-05
31 1.18713 8.24716 8.28289e-05
32 1.18713 8.24716 8.28162e-05
33 1.18713 8.24716 8.28109e-05
34 1.18713 8.24716 8.27982e-05
35 1.18713 8.24716 8.27946e-05
36 1.18713 8.24716 8.27855e-05
37 1.18713 8.24716 8.27828e-05
38 1.18713 8.24716 8.27712e-05
39 1.18713 8.24716 8.27717e-05
40 1.18713 8.24716 8.27622e-05
41 1.18713 8.24716 8.27643e-05
42 1.18713 8.24716 8.27572e-05
43 1.18713 8.24716 8.2758e-05
44 1.18713 8.24716 8.27517e-05
45 1.18713 8.24716 8.27537e-05
46 1.18713 8.24716 8.2749e-05
47 1.18713 8.24716 8.27506e-05
48 1.18713 8.24716 8.27456e-05
49 1.18713 8.24716 8.2747e-05
50 1.18713 8.24716 8.27427e-05
51 1.18713 8.24716 8.27448e-05
52 1.18713 8.24716 8.27422e-05
53 1.18713 8.24716 8.27438e-05
54 1.18713 8.24716 8.27409e-05
55 1.18713 8.24716 8.27425e-05
56 1.18713 8.24716 8.27381e-05
57 1.18713 8.24716 8.27408e-05
58 1.18713 8.24716 8.27384e-05
59 1.18713 8.24716 8.27423e-05
60 1.18713 8.24716 8.27396e-05
61 1.18713 8.24716 8.27409e-05
62 1.18713 8.24716 8.27391e-05
63 1.18713 8.24716 8.27405e-05
64 1.18713 8.24716 8.27396e-05
65 1.18713 8.24716 8.27406e-05
66 1.18713 8.24716 8.27397e-05
67 1.18713 8.24716 8.27418e-05
68 1.18713 8.24716 8.27412e-05
69 1.18713 8.24716 8.27422e-05
70 1.18713 8.24716 8.27426e-05
71 1.18713 8.24716 8.27445e-05
72 1.18713 8.24716 8.27451e-05
73 1.18713 8.24716 8.27478e-05
74 1.18713 8.24716 8.2747e-05
75 1.18713 8.24716 8.27511e-05
76 1.18713 8.24716 8.27501e-05
77 1.18713 8.24716 8.27543e-05
78 1.18713 8.24716 8.27548e-05
79 1.18713 8.24716 8.27586e-05
80 1.18713 8.24716 8.27598e-05
81 1.18713 8.24716 8.27638e-05
82 1.18713 8.24716 8.27652e-05
83 1.18713 8.24716 8.27677e-05
84 1.18713 8.24716 8.27723e-05
85 1.18713 8.24716 8.27776e-05
86 1.18713 8.24716 8.27802e-05
87 1.18713 8.24716 8.27867e-05
88 1.18713 8.24716 8.27889e-05
89 1.18713 8.24716 8.27974e-05
90 1.18713 8.24716 8.28019e-05
91 1.18713 8.24716 8.28088e-05
92 1.18713 8.24716 8.28147e-05
93 1.18713 8.24716 8.28236e-05
94 1.18713 8.24716 8.28299e-05
95 1.18713 8.24716 8.2839e-05
96 1.18713 8.24716 8.28468e-05
97 1.18713 8.24716 8.28582e-05
98 1.18713 8.24716 8.28685e-05
99 1.18713 8.24716 8.28805e-05
min energy  # max energy
-14.2113 8.24716
