Initial energy of the MPS: 0.0967212
# DMRG Sweep # Mid bond EE # Energy # Std #
0 0.0110387 -10.471 6.01055
1 0.636975 -14.217 8.68464e-05
Initial energy of the MPS: -0.490931
# DMRG Sweep # Mid bond EE # Energy # Std #
0 0.0223735 6.15955 3.50615
1 0.545141 8.34113 0.0155328
2 1.08926 8.34201 0.000864678
3 1.12335 8.34201 0.000120459
4 1.12366 8.34201 9.37463e-05
5 1.12367 8.34201 8.69376e-05
6 1.12367 8.34201 8.43732e-05
7 1.12367 8.34201 8.34269e-05
8 1.12367 8.34201 8.30719e-05
9 1.12367 8.34201 8.29256e-05
10 1.12367 8.34201 8.28195e-05
11 1.12367 8.34201 8.27678e-05
12 1.12367 8.34201 8.27221e-05
13 1.12367 8.34201 8.26966e-05
14 1.12367 8.34201 8.26747e-05
15 1.12367 8.34201 8.26581e-05
16 1.12367 8.34201 8.26467e-05
17 1.12367 8.34201 8.26372e-05
18 1.12367 8.34201 8.26241e-05
19 1.12367 8.34201 8.26204e-05
20 1.12367 8.34201 8.26089e-05
21 1.12367 8.34201 8.26076e-05
22 1.12367 8.34201 8.25972e-05
23 1.12367 8.34201 8.25984e-05
24 1.12367 8.34201 8.25924e-05
25 1.12367 8.34201 8.25922e-05
26 1.12367 8.34201 8.25868e-05
27 1.12367 8.34201 8.25873e-05
28 1.12367 8.34201 8.25873e-05
29 1.12367 8.34201 8.25849e-05
30 1.12367 8.34201 8.25869e-05
31 1.12367 8.34201 8.25847e-05
32 1.12367 8.34201 8.25865e-05
33 1.12367 8.34201 8.25852e-05
34 1.12367 8.34201 8.25876e-05
35 1.12367 8.34201 8.25886e-05
36 1.12367 8.34201 8.25898e-05
37 1.12367 8.34201 8.25907e-05
38 1.12367 8.34201 8.25904e-05
39 1.12367 8.34201 8.25917e-05
40 1.12367 8.34201 8.2592e-05
41 1.12367 8.34201 8.25907e-05
42 1.12367 8.34201 8.25923e-05
43 1.12367 8.34201 8.25896e-05
44 1.12367 8.34201 8.2589e-05
45 1.12367 8.34201 8.25877e-05
46 1.12367 8.34201 8.25856e-05
47 1.12367 8.34201 8.25853e-05
48 1.12367 8.34201 8.25835e-05
49 1.12367 8.34201 8.25841e-05
50 1.12367 8.34201 8.25807e-05
51 1.12367 8.34201 8.25798e-05
52 1.12367 8.34201 8.25785e-05
53 1.12367 8.34201 8.25776e-05
54 1.12367 8.34201 8.25754e-05
55 1.12367 8.34201 8.25751e-05
56 1.12367 8.34201 8.25737e-05
57 1.12367 8.34201 8.25706e-05
58 1.12367 8.34201 8.25697e-05
59 1.12367 8.34201 8.25688e-05
60 1.12367 8.34201 8.25669e-05
61 1.12367 8.34201 8.25656e-05
62 1.12367 8.34201 8.25636e-05
63 1.12367 8.34201 8.25638e-05
64 1.12367 8.34201 8.25605e-05
65 1.12367 8.34201 8.25608e-05
66 1.12367 8.34201 8.25592e-05
67 1.12367 8.34201 8.25589e-05
68 1.12367 8.34201 8.25581e-05
69 1.12367 8.34201 8.25571e-05
70 1.12367 8.34201 8.25552e-05
71 1.12367 8.34201 8.25547e-05
72 1.12367 8.34201 8.25544e-05
73 1.12367 8.34201 8.25523e-05
74 1.12367 8.34201 8.25509e-05
75 1.12367 8.34201 8.25503e-05
76 1.12367 8.34201 8.25486e-05
77 1.12367 8.34201 8.25486e-05
78 1.12367 8.34201 8.25476e-05
79 1.12367 8.34201 8.25462e-05
80 1.12367 8.34201 8.25454e-05
81 1.12367 8.34201 8.25455e-05
82 1.12367 8.34201 8.25442e-05
83 1.12367 8.34201 8.25427e-05
84 1.12367 8.34201 8.25419e-05
85 1.12367 8.34201 8.254e-05
86 1.12367 8.34201 8.25406e-05
87 1.12367 8.34201 8.2538e-05
88 1.12367 8.34201 8.25365e-05
89 1.12367 8.34201 8.25371e-05
90 1.12367 8.34201 8.25361e-05
91 1.12367 8.34201 8.25347e-05
92 1.12367 8.34201 8.25336e-05
93 1.12367 8.34201 8.25323e-05
94 1.12367 8.34201 8.2533e-05
95 1.12367 8.34201 8.25313e-05
96 1.12367 8.34201 8.25311e-05
97 1.12367 8.34201 8.25288e-05
98 1.12367 8.34201 8.25289e-05
99 1.12367 8.34201 8.25274e-05
min energy  # max energy
-14.217 8.34201
