Initial energy of the MPS: 0.0426815
# DMRG Sweep # Mid bond EE # Energy # Std #
0 0.0113506 -10.3648 5.94946
1 0.555495 -14.1965 0.000117653
Initial energy of the MPS: -0.422772
# DMRG Sweep # Mid bond EE # Energy # Std #
0 0.0704335 6.1801 3.51428
1 0.285014 8.35008 0.00502961
2 0.68764 8.35066 0.00444138
3 1.11442 8.35079 0.000484571
4 1.13858 8.35079 0.000204891
5 1.13879 8.35079 0.000180833
6 1.13881 8.35079 0.00017507
7 1.13881 8.35079 0.000172687
8 1.13881 8.35079 0.000171664
9 1.13881 8.35079 0.000170907
10 1.13881 8.35079 0.000170579
11 1.13881 8.35079 0.000170276
12 1.13881 8.35079 0.000170087
13 1.13881 8.35079 0.000169989
14 1.13881 8.35079 0.000169903
15 1.13881 8.35079 0.000169875
16 1.13881 8.35079 0.000169883
17 1.13881 8.35079 0.000169889
18 1.13881 8.35079 0.000169945
19 1.13881 8.35079 0.000169969
20 1.13881 8.35079 0.000170031
21 1.13881 8.35079 0.000170064
22 1.13881 8.35079 0.000170126
23 1.13881 8.35079 0.000170169
24 1.13881 8.35079 0.000170238
25 1.13881 8.35079 0.000170288
26 1.13881 8.35079 0.000170367
27 1.13881 8.35079 0.000170416
28 1.13881 8.35079 0.000170493
29 1.13881 8.35079 0.00017053
30 1.13881 8.35079 0.000170593
31 1.13881 8.35079 0.000170617
32 1.13881 8.35079 0.000170663
33 1.13881 8.35079 0.000170675
34 1.13881 8.35079 0.000170707
35 1.13881 8.35079 0.000170712
36 1.13881 8.35079 0.000170734
37 1.13881 8.35079 0.000170735
38 1.13881 8.35079 0.000170749
39 1.13881 8.35079 0.000170748
40 1.13881 8.35079 0.000170757
41 1.13881 8.35079 0.000170754
42 1.13881 8.35079 0.00017076
43 1.13881 8.35079 0.000170757
44 1.13881 8.35079 0.00017076
45 1.13881 8.35079 0.000170756
46 1.13881 8.35079 0.000170757
47 1.13881 8.35079 0.000170753
48 1.13881 8.35079 0.000170754
49 1.13881 8.35079 0.000170749
50 1.13881 8.35079 0.00017075
51 1.13881 8.35079 0.000170746
52 1.13881 8.35079 0.000170746
53 1.13881 8.35079 0.000170742
54 1.13881 8.35079 0.000170743
55 1.13881 8.35079 0.000170739
56 1.13881 8.35079 0.000170741
57 1.13881 8.35079 0.000170738
58 1.13881 8.35079 0.000170741
59 1.13881 8.35079 0.000170739
60 1.13881 8.35079 0.000170743
61 1.13881 8.35079 0.000170741
62 1.13881 8.35079 0.000170747
63 1.13881 8.35079 0.000170747
64 1.13881 8.35079 0.000170756
65 1.13881 8.35079 0.000170758
66 1.13881 8.35079 0.000170771
67 1.13881 8.35079 0.000170775
68 1.13881 8.35079 0.000170793
69 1.13881 8.35079 0.000170799
70 1.13881 8.35079 0.000170822
71 1.13881 8.35079 0.000170831
72 1.13881 8.35079 0.000170854
73 1.13881 8.35079 0.000170862
74 1.13881 8.35079 0.00017088
75 1.13881 8.35079 0.000170887
76 1.13881 8.35079 0.000170894
77 1.13881 8.35079 0.000170897
78 1.13881 8.35079 0.0001709
79 1.13881 8.35079 0.000170902
80 1.13881 8.35079 0.000170901
81 1.13881 8.35079 0.000170902
82 1.13881 8.35079 0.000170901
83 1.13881 8.35079 0.0001709
84 1.13881 8.35079 0.000170899
85 1.13881 8.35079 0.000170898
86 1.13881 8.35079 0.000170899
87 1.13881 8.35079 0.000170897
88 1.13881 8.35079 0.000170897
89 1.13881 8.35079 0.000170895
90 1.13881 8.35079 0.000170897
91 1.13881 8.35079 0.000170895
92 1.13881 8.35079 0.000170896
93 1.13881 8.35079 0.000170896
94 1.13881 8.35079 0.000170896
95 1.13881 8.35079 0.000170896
96 1.13881 8.35079 0.000170896
97 1.13881 8.35079 0.000170895
98 1.13881 8.35079 0.000170896
99 1.13881 8.35079 0.000170897
min energy  # max energy
-14.1965 8.35079
