Initial energy of the MPS: 0.269694
# DMRG Sweep # Mid bond EE # Energy # Std #
0 0.00493411 -27.2646 5.11044
1 0.448393 -28.8057 0.000966504
2 0.449178 -28.8057 7.52837e-05
Initial energy of the MPS: -0.0919983
# DMRG Sweep # Mid bond EE # Energy # Std #
0 0.00736858 16.1494 2.98469
1 0.895866 16.9848 0.0151977
2 1.13685 16.9866 0.00433289
3 1.27035 16.9868 0.000879545
4 1.3198 16.9868 0.000547375
5 1.32067 16.9868 0.000501572
6 1.32086 16.9868 0.000494361
7 1.3209 16.9868 0.000492121
8 1.32092 16.9868 0.00049196
9 1.32093 16.9868 0.000491757
10 1.32093 16.9868 0.00049174
11 1.32094 16.9868 0.000491895
12 1.32094 16.9868 0.000492019
13 1.32094 16.9868 0.000492322
14 1.32094 16.9868 0.000492619
15 1.32094 16.9868 0.000493004
16 1.32095 16.9868 0.0004934
17 1.32095 16.9868 0.000493723
18 1.32095 16.9868 0.000494076
19 1.32095 16.9868 0.000494308
20 1.32095 16.9868 0.000494631
21 1.32095 16.9868 0.000494815
22 1.32095 16.9868 0.000495131
23 1.32095 16.9868 0.000495285
24 1.32095 16.9868 0.000495588
25 1.32095 16.9868 0.000495718
26 1.32095 16.9868 0.000495988
27 1.32095 16.9868 0.000496093
28 1.32095 16.9868 0.000496315
29 1.32095 16.9868 0.000496403
30 1.32095 16.9868 0.000496574
31 1.32095 16.9868 0.000496644
32 1.32095 16.9868 0.000496771
33 1.32095 16.9868 0.000496832
34 1.32095 16.9868 0.000496927
35 1.32095 16.9868 0.000496978
36 1.32095 16.9868 0.00049705
37 1.32095 16.9868 0.000497094
38 1.32095 16.9868 0.000497152
39 1.32095 16.9868 0.000497192
40 1.32095 16.9868 0.000497239
41 1.32095 16.9868 0.00049728
42 1.32095 16.9868 0.000497316
43 1.32095 16.9868 0.000497364
44 1.32095 16.9868 0.000497398
45 1.32095 16.9868 0.000497446
46 1.32095 16.9868 0.000497483
47 1.32095 16.9868 0.000497538
48 1.32095 16.9868 0.000497577
49 1.32095 16.9868 0.000497635
50 1.32095 16.9868 0.000497679
51 1.32095 16.9868 0.000497737
52 1.32095 16.9868 0.000497782
53 1.32095 16.9868 0.000497843
54 1.32095 16.9868 0.000497884
55 1.32095 16.9868 0.000497935
56 1.32095 16.9868 0.000497976
57 1.32095 16.9868 0.000498017
58 1.32095 16.9868 0.00049805
59 1.32095 16.9868 0.000498083
60 1.32095 16.9868 0.000498106
61 1.32095 16.9868 0.000498133
62 1.32095 16.9868 0.00049815
63 1.32095 16.9868 0.00049817
64 1.32095 16.9868 0.000498183
65 1.32095 16.9868 0.000498199
66 1.32095 16.9868 0.000498208
67 1.32095 16.9868 0.000498219
68 1.32095 16.9868 0.000498227
69 1.32095 16.9868 0.00049824
70 1.32095 16.9868 0.000498248
71 1.32095 16.9868 0.000498258
72 1.32095 16.9868 0.000498266
73 1.32095 16.9868 0.000498277
74 1.32095 16.9868 0.000498285
75 1.32095 16.9868 0.000498296
76 1.32095 16.9868 0.000498303
77 1.32095 16.9868 0.000498318
78 1.32095 16.9868 0.000498325
79 1.32095 16.9868 0.000498339
80 1.32095 16.9868 0.000498347
81 1.32095 16.9868 0.000498357
82 1.32095 16.9868 0.000498367
83 1.32095 16.9868 0.000498382
84 1.32095 16.9868 0.00049839
85 1.32095 16.9868 0.000498405
86 1.32095 16.9868 0.000498413
87 1.32095 16.9868 0.000498427
88 1.32095 16.9868 0.000498435
89 1.32095 16.9868 0.000498451
90 1.32095 16.9868 0.000498459
91 1.32095 16.9868 0.000498473
92 1.32095 16.9868 0.000498482
93 1.32095 16.9868 0.000498496
94 1.32095 16.9868 0.000498503
95 1.32095 16.9868 0.000498517
96 1.32095 16.9868 0.000498524
97 1.32095 16.9868 0.000498538
98 1.32095 16.9868 0.000498544
99 1.32095 16.9868 0.000498558
min energy  # max energy
-28.8057 16.9868
