Initial energy of the MPS: 0.0339926
# DMRG Sweep # Mid bond EE # Energy # Std #
0 0.0051834 -27.4696 5.1345
1 0.899868 -28.8574 0.00661189
2 0.932074 -28.8575 0.000210982
Initial energy of the MPS: -0.302981
# DMRG Sweep # Mid bond EE # Energy # Std #
0 0.023375 16.2978 3.00459
1 0.749033 17.5855 0.0197608
2 1.07346 17.5874 0.00489749
3 1.16728 17.5876 0.000429987
4 1.18036 17.5876 0.000214808
5 1.18037 17.5876 0.000194301
6 1.18038 17.5876 0.00018915
7 1.18038 17.5876 0.000186892
8 1.18038 17.5876 0.000185865
9 1.18038 17.5876 0.000185075
10 1.18038 17.5876 0.000184689
11 1.18038 17.5876 0.000184321
12 1.18038 17.5876 0.000184243
13 1.18038 17.5876 0.000184065
14 1.18038 17.5876 0.000184065
15 1.18038 17.5876 0.000183931
16 1.18038 17.5876 0.000183914
17 1.18038 17.5876 0.000183824
18 1.18038 17.5876 0.000183794
19 1.18038 17.5876 0.000183734
20 1.18038 17.5876 0.000183699
21 1.18038 17.5876 0.000183667
22 1.18038 17.5876 0.00018364
23 1.18038 17.5876 0.000183627
24 1.18038 17.5876 0.000183611
25 1.18038 17.5876 0.000183611
26 1.18038 17.5876 0.000183598
27 1.18038 17.5876 0.000183615
28 1.18038 17.5876 0.00018361
29 1.18038 17.5876 0.000183641
30 1.18038 17.5876 0.000183644
31 1.18038 17.5876 0.000183692
32 1.18038 17.5876 0.000183697
33 1.18038 17.5876 0.000183762
34 1.18038 17.5876 0.000183769
35 1.18038 17.5876 0.000183832
36 1.18038 17.5876 0.000183839
37 1.18038 17.5876 0.000183889
38 1.18038 17.5876 0.000183889
39 1.18038 17.5876 0.000183926
40 1.18038 17.5876 0.000183926
41 1.18038 17.5876 0.000183946
42 1.18038 17.5876 0.000183945
43 1.18038 17.5876 0.000183958
44 1.18038 17.5876 0.000183951
45 1.18038 17.5876 0.000183961
46 1.18038 17.5876 0.000183956
47 1.18038 17.5876 0.000183959
48 1.18038 17.5876 0.000183952
49 1.18038 17.5876 0.000183959
50 1.18038 17.5876 0.000183949
51 1.18038 17.5876 0.000183953
52 1.18038 17.5876 0.000183949
53 1.18038 17.5876 0.000183949
54 1.18038 17.5876 0.000183944
55 1.18038 17.5876 0.00018395
56 1.18038 17.5876 0.000183941
57 1.18038 17.5876 0.000183945
58 1.18038 17.5876 0.000183938
59 1.18038 17.5876 0.000183945
60 1.18038 17.5876 0.000183938
61 1.18038 17.5876 0.000183943
62 1.18038 17.5876 0.000183936
63 1.18038 17.5876 0.000183939
64 1.18038 17.5876 0.000183933
65 1.18038 17.5876 0.000183939
66 1.18038 17.5876 0.000183931
67 1.18038 17.5876 0.000183933
68 1.18038 17.5876 0.000183934
69 1.18038 17.5876 0.000183937
70 1.18038 17.5876 0.000183934
71 1.18038 17.5876 0.000183936
72 1.18038 17.5876 0.000183929
73 1.18038 17.5876 0.000183933
74 1.18038 17.5876 0.00018393
75 1.18038 17.5876 0.000183931
76 1.18038 17.5876 0.000183928
77 1.18038 17.5876 0.000183935
78 1.18038 17.5876 0.000183927
79 1.18038 17.5876 0.00018393
80 1.18038 17.5876 0.000183931
81 1.18038 17.5876 0.000183931
82 1.18038 17.5876 0.000183929
83 1.18038 17.5876 0.000183931
84 1.18038 17.5876 0.000183927
85 1.18038 17.5876 0.000183929
86 1.18038 17.5876 0.000183927
87 1.18038 17.5876 0.00018393
88 1.18038 17.5876 0.000183928
89 1.18038 17.5876 0.000183931
90 1.18038 17.5876 0.000183923
91 1.18038 17.5876 0.000183928
92 1.18038 17.5876 0.000183925
93 1.18038 17.5876 0.000183931
94 1.18038 17.5876 0.000183926
95 1.18038 17.5876 0.000183925
96 1.18038 17.5876 0.000183928
97 1.18038 17.5876 0.000183928
98 1.18038 17.5876 0.000183927
99 1.18038 17.5876 0.000183928
min energy  # max energy
-28.8575 17.5876
