Initial energy of the MPS: 0.147706
# DMRG Sweep # Mid bond EE # Energy # Std #
0 0.00556429 -27.0779 5.07067
1 0.695634 -28.6333 0.00163254
2 0.715796 -28.6333 0.000151999
Initial energy of the MPS: -0.114722
# DMRG Sweep # Mid bond EE # Energy # Std #
0 0.0201465 16.6634 3.06848
1 0.607804 17.4544 0.0145776
2 0.869988 17.4562 0.00299511
3 0.948713 17.4563 0.000519699
4 0.954108 17.4563 0.00025657
5 0.954432 17.4563 0.000236351
6 0.954472 17.4563 0.000231502
7 0.954478 17.4563 0.000230361
8 0.954488 17.4563 0.000229633
9 0.95449 17.4563 0.000229212
10 0.954493 17.4563 0.000228939
11 0.954494 17.4563 0.000228671
12 0.954496 17.4563 0.000228535
13 0.954496 17.4563 0.000228432
14 0.954496 17.4563 0.000228415
15 0.954497 17.4563 0.000228325
16 0.954497 17.4563 0.00022831
17 0.954497 17.4563 0.000228205
18 0.954497 17.4563 0.000228195
19 0.954497 17.4563 0.000228106
20 0.954497 17.4563 0.000228104
21 0.954498 17.4563 0.000228042
22 0.954498 17.4563 0.000228056
23 0.954498 17.4563 0.000228012
24 0.954498 17.4563 0.000228026
25 0.954498 17.4563 0.000227999
26 0.954498 17.4563 0.000228018
27 0.954498 17.4563 0.000228003
28 0.954498 17.4563 0.000228025
29 0.954498 17.4563 0.000228023
30 0.954498 17.4563 0.000228044
31 0.954498 17.4563 0.000228051
32 0.954498 17.4563 0.000228074
33 0.954498 17.4563 0.000228086
34 0.954498 17.4563 0.00022811
35 0.954498 17.4563 0.000228125
36 0.954498 17.4563 0.000228152
37 0.954498 17.4563 0.00022817
38 0.954498 17.4563 0.000228191
39 0.954498 17.4563 0.000228212
40 0.954498 17.4563 0.000228235
41 0.954498 17.4563 0.000228254
42 0.954498 17.4563 0.000228275
43 0.954498 17.4563 0.000228297
44 0.954498 17.4563 0.000228322
45 0.954498 17.4563 0.00022834
46 0.954498 17.4563 0.000228364
47 0.954498 17.4563 0.000228387
48 0.954498 17.4563 0.000228407
49 0.954498 17.4563 0.000228432
50 0.954498 17.4563 0.000228449
51 0.954498 17.4563 0.000228473
52 0.954498 17.4563 0.000228488
53 0.954498 17.4563 0.000228508
54 0.954498 17.4563 0.000228518
55 0.954498 17.4563 0.000228538
56 0.954498 17.4563 0.000228542
57 0.954498 17.4563 0.000228553
58 0.954498 17.4563 0.000228559
59 0.954498 17.4563 0.000228573
60 0.954498 17.4563 0.000228571
61 0.954498 17.4563 0.000228576
62 0.954498 17.4563 0.000228573
63 0.954498 17.4563 0.000228579
64 0.954498 17.4563 0.000228572
65 0.954498 17.4563 0.000228576
66 0.954498 17.4563 0.00022857
67 0.954498 17.4563 0.000228577
68 0.954498 17.4563 0.000228571
69 0.954498 17.4563 0.000228573
70 0.954498 17.4563 0.000228573
71 0.954498 17.4563 0.00022857
72 0.954498 17.4563 0.000228568
73 0.954498 17.4563 0.00022857
74 0.954498 17.4563 0.000228569
75 0.954498 17.4563 0.000228569
76 0.954498 17.4563 0.000228566
77 0.954498 17.4563 0.00022857
78 0.954498 17.4563 0.000228566
79 0.954498 17.4563 0.000228566
80 0.954498 17.4563 0.000228559
81 0.954498 17.4563 0.000228568
82 0.954498 17.4563 0.000228563
83 0.954498 17.4563 0.000228566
84 0.954498 17.4563 0.000228562
85 0.954498 17.4563 0.000228565
86 0.954498 17.4563 0.000228561
87 0.954498 17.4563 0.000228564
88 0.954498 17.4563 0.000228564
89 0.954498 17.4563 0.000228569
90 0.954498 17.4563 0.000228567
91 0.954498 17.4563 0.00022857
92 0.954498 17.4563 0.000228567
93 0.954498 17.4563 0.000228572
94 0.954498 17.4563 0.000228571
95 0.954498 17.4563 0.000228573
96 0.954498 17.4563 0.000228573
97 0.954498 17.4563 0.000228576
98 0.954498 17.4563 0.000228574
99 0.954498 17.4563 0.000228579
min energy  # max energy
-28.6333 17.4563
