Initial energy of the MPS: 0.133379
# DMRG Sweep # Mid bond EE # Energy # Std #
0 0.00503374 -27.4768 5.13963
1 0.460797 -28.9111 0.000160319
Initial energy of the MPS: -0.24728
# DMRG Sweep # Mid bond EE # Energy # Std #
0 0.00899832 16.0003 2.96267
1 0.937388 17.2695 0.0191898
2 1.12349 17.2714 0.00253283
3 1.18684 17.2714 0.000477359
4 1.18995 17.2714 0.000364255
5 1.19038 17.2714 0.000346804
6 1.1904 17.2714 0.000342785
7 1.19043 17.2714 0.000341794
8 1.19043 17.2714 0.000341788
9 1.19044 17.2714 0.000341315
10 1.19044 17.2714 0.000341106
11 1.19044 17.2714 0.000341236
12 1.19044 17.2714 0.000341255
13 1.19044 17.2714 0.000341416
14 1.19044 17.2714 0.000341368
15 1.19044 17.2714 0.000341522
16 1.19044 17.2714 0.000341495
17 1.19045 17.2714 0.000341651
18 1.19045 17.2714 0.000341676
19 1.19045 17.2714 0.000341824
20 1.19045 17.2714 0.00034189
21 1.19045 17.2714 0.000342027
22 1.19045 17.2714 0.000342115
23 1.19045 17.2714 0.000342228
24 1.19045 17.2714 0.000342319
25 1.19045 17.2714 0.000342411
26 1.19045 17.2714 0.000342493
27 1.19045 17.2714 0.000342566
28 1.19045 17.2714 0.000342639
29 1.19045 17.2714 0.000342698
30 1.19045 17.2714 0.000342756
31 1.19045 17.2714 0.000342808
32 1.19045 17.2714 0.00034286
33 1.19045 17.2714 0.000342901
34 1.19045 17.2714 0.000342946
35 1.19045 17.2714 0.000342984
36 1.19045 17.2714 0.000343025
37 1.19045 17.2714 0.000343061
38 1.19045 17.2714 0.000343098
39 1.19045 17.2714 0.000343133
40 1.19045 17.2714 0.000343167
41 1.19045 17.2714 0.000343202
42 1.19045 17.2714 0.000343235
43 1.19045 17.2714 0.000343268
44 1.19045 17.2714 0.0003433
45 1.19045 17.2714 0.000343336
46 1.19045 17.2714 0.000343368
47 1.19045 17.2714 0.000343403
48 1.19045 17.2714 0.000343434
49 1.19045 17.2714 0.000343469
50 1.19045 17.2714 0.0003435
51 1.19045 17.2714 0.000343536
52 1.19045 17.2714 0.000343567
53 1.19045 17.2714 0.000343598
54 1.19045 17.2714 0.000343629
55 1.19045 17.2714 0.000343663
56 1.19045 17.2714 0.000343689
57 1.19045 17.2714 0.00034372
58 1.19045 17.2714 0.000343746
59 1.19045 17.2714 0.000343775
60 1.19045 17.2714 0.000343799
61 1.19045 17.2714 0.000343826
62 1.19045 17.2714 0.000343843
63 1.19045 17.2714 0.000343869
64 1.19045 17.2714 0.000343889
65 1.19045 17.2714 0.000343909
66 1.19045 17.2714 0.000343925
67 1.19045 17.2714 0.000343943
68 1.19045 17.2714 0.000343953
69 1.19045 17.2714 0.000343972
70 1.19045 17.2714 0.000343984
71 1.19045 17.2714 0.000343997
72 1.19045 17.2714 0.000344007
73 1.19045 17.2714 0.000344018
74 1.19045 17.2714 0.000344027
75 1.19045 17.2714 0.000344036
76 1.19045 17.2714 0.000344043
77 1.19045 17.2714 0.000344053
78 1.19045 17.2714 0.000344056
79 1.19045 17.2714 0.000344066
80 1.19045 17.2714 0.000344069
81 1.19045 17.2714 0.000344077
82 1.19045 17.2714 0.00034408
83 1.19045 17.2714 0.000344088
84 1.19045 17.2714 0.000344093
85 1.19045 17.2714 0.000344094
86 1.19045 17.2714 0.0003441
87 1.19045 17.2714 0.000344104
88 1.19045 17.2714 0.000344107
89 1.19045 17.2714 0.00034411
90 1.19045 17.2714 0.000344114
91 1.19045 17.2714 0.000344119
92 1.19045 17.2714 0.000344119
93 1.19045 17.2714 0.000344124
94 1.19045 17.2714 0.000344124
95 1.19045 17.2714 0.000344131
96 1.19045 17.2714 0.000344132
97 1.19045 17.2714 0.000344134
98 1.19045 17.2714 0.000344135
99 1.19045 17.2714 0.00034414
min energy  # max energy
-28.9111 17.2714
