Initial energy of the MPS: 0.246431
# DMRG Sweep # Mid bond EE # Energy # Std #
0 0.00501298 -27.619 5.17085
1 0.529884 -28.9409 0.000561922
2 0.531875 -28.9409 4.50567e-05
Initial energy of the MPS: -0.290768
# DMRG Sweep # Mid bond EE # Energy # Std #
0 0.0259474 16.4962 3.03824
1 0.688022 17.3182 0.0175505
2 0.930509 17.3201 0.00199986
3 1.07145 17.3202 0.000497843
4 1.07515 17.3202 0.000242671
5 1.07576 17.3202 0.000219328
6 1.07578 17.3202 0.000213702
7 1.07578 17.3202 0.000211907
8 1.07579 17.3202 0.000210997
9 1.07579 17.3202 0.000210941
10 1.07579 17.3202 0.000210899
11 1.07579 17.3202 0.000210997
12 1.07579 17.3202 0.000211095
13 1.07579 17.3202 0.000211214
14 1.07579 17.3202 0.000211346
15 1.07579 17.3202 0.000211468
16 1.07579 17.3202 0.000211599
17 1.07579 17.3202 0.000211703
18 1.07579 17.3202 0.000211844
19 1.07579 17.3202 0.000211958
20 1.07579 17.3202 0.000212108
21 1.07579 17.3202 0.000212231
22 1.07579 17.3202 0.000212384
23 1.07579 17.3202 0.000212481
24 1.07579 17.3202 0.000212584
25 1.07579 17.3202 0.0002126
26 1.07579 17.3202 0.000212632
27 1.07579 17.3202 0.000212579
28 1.07579 17.3202 0.000212582
29 1.07579 17.3202 0.000212528
30 1.07579 17.3202 0.000212556
31 1.07579 17.3202 0.000212542
32 1.07579 17.3202 0.000212585
33 1.07579 17.3202 0.000212593
34 1.07579 17.3202 0.00021263
35 1.07579 17.3202 0.000212648
36 1.07579 17.3202 0.000212679
37 1.07579 17.3202 0.000212701
38 1.07579 17.3202 0.00021272
39 1.07579 17.3202 0.000212738
40 1.07579 17.3202 0.000212754
41 1.07579 17.3202 0.000212769
42 1.07579 17.3202 0.000212773
43 1.07579 17.3202 0.00021279
44 1.07579 17.3202 0.000212794
45 1.07579 17.3202 0.000212809
46 1.07579 17.3202 0.000212812
47 1.07579 17.3202 0.000212824
48 1.07579 17.3202 0.000212824
49 1.07579 17.3202 0.000212837
50 1.07579 17.3202 0.00021284
51 1.07579 17.3202 0.00021285
52 1.07579 17.3202 0.000212851
53 1.07579 17.3202 0.000212864
54 1.07579 17.3202 0.000212861
55 1.07579 17.3202 0.000212877
56 1.07579 17.3202 0.000212875
57 1.07579 17.3202 0.000212885
58 1.07579 17.3202 0.000212887
59 1.07579 17.3202 0.000212895
60 1.07579 17.3202 0.000212894
61 1.07579 17.3202 0.000212905
62 1.07579 17.3202 0.000212903
63 1.07579 17.3202 0.000212914
64 1.07579 17.3202 0.000212908
65 1.07579 17.3202 0.000212918
66 1.07579 17.3202 0.000212914
67 1.07579 17.3202 0.000212919
68 1.07579 17.3202 0.00021292
69 1.07579 17.3202 0.000212926
70 1.07579 17.3202 0.000212922
71 1.07579 17.3202 0.000212932
72 1.07579 17.3202 0.000212927
73 1.07579 17.3202 0.000212932
74 1.07579 17.3202 0.000212926
75 1.07579 17.3202 0.000212935
76 1.07579 17.3202 0.000212924
77 1.07579 17.3202 0.000212934
78 1.07579 17.3202 0.000212931
79 1.07579 17.3202 0.000212935
80 1.07579 17.3202 0.000212929
81 1.07579 17.3202 0.000212936
82 1.07579 17.3202 0.000212935
83 1.07579 17.3202 0.000212935
84 1.07579 17.3202 0.00021293
85 1.07579 17.3202 0.000212936
86 1.07579 17.3202 0.000212932
87 1.07579 17.3202 0.000212939
88 1.07579 17.3202 0.00021293
89 1.07579 17.3202 0.000212938
90 1.07579 17.3202 0.000212938
91 1.07579 17.3202 0.000212941
92 1.07579 17.3202 0.000212934
93 1.07579 17.3202 0.000212942
94 1.07579 17.3202 0.000212934
95 1.07579 17.3202 0.000212942
96 1.07579 17.3202 0.000212934
97 1.07579 17.3202 0.000212942
98 1.07579 17.3202 0.00021294
99 1.07579 17.3202 0.000212942
min energy  # max energy
-28.9409 17.3202
