Initial energy of the MPS: 0.314138
# DMRG Sweep # Mid bond EE # Energy # Std #
0 0.00569675 -27.5323 5.14957
1 0.744908 -28.8087 0.00339063
2 0.697834 -28.8087 0.00021407
Initial energy of the MPS: -0.361107
# DMRG Sweep # Mid bond EE # Energy # Std #
0 0.0078841 16.37 3.01328
1 0.567575 17.1968 0.0117568
2 0.872872 17.1982 0.00318986
3 0.99464 17.1983 0.000454013
4 0.994979 17.1983 0.000247258
5 0.995269 17.1983 0.000221319
6 0.99527 17.1983 0.000214422
7 0.99528 17.1983 0.000213275
8 0.99528 17.1983 0.000212729
9 0.995282 17.1983 0.000212985
10 0.995282 17.1983 0.000213098
11 0.995282 17.1983 0.000213542
12 0.995282 17.1983 0.000213784
13 0.995283 17.1983 0.000214294
14 0.995283 17.1983 0.000214392
15 0.995284 17.1983 0.000214646
16 0.995284 17.1983 0.000214645
17 0.995285 17.1983 0.000214838
18 0.995285 17.1983 0.000214848
19 0.995285 17.1983 0.000214976
20 0.995285 17.1983 0.000214983
21 0.995286 17.1983 0.000215011
22 0.995286 17.1983 0.000215021
23 0.995286 17.1983 0.000214987
24 0.995286 17.1983 0.000214998
25 0.995286 17.1983 0.000214943
26 0.995286 17.1983 0.000214948
27 0.995286 17.1983 0.000214891
28 0.995286 17.1983 0.000214894
29 0.995286 17.1983 0.000214848
30 0.995286 17.1983 0.000214848
31 0.995286 17.1983 0.000214809
32 0.995286 17.1983 0.000214815
33 0.995286 17.1983 0.000214779
34 0.995286 17.1983 0.000214788
35 0.995286 17.1983 0.000214763
36 0.995286 17.1983 0.000214765
37 0.995286 17.1983 0.000214745
38 0.995286 17.1983 0.000214748
39 0.995286 17.1983 0.000214732
40 0.995286 17.1983 0.000214731
41 0.995286 17.1983 0.000214724
42 0.995286 17.1983 0.000214724
43 0.995286 17.1983 0.000214716
44 0.995286 17.1983 0.000214717
45 0.995286 17.1983 0.00021471
46 0.995286 17.1983 0.000214712
47 0.995286 17.1983 0.000214703
48 0.995286 17.1983 0.000214708
49 0.995286 17.1983 0.000214708
50 0.995286 17.1983 0.00021471
51 0.995286 17.1983 0.000214707
52 0.995286 17.1983 0.000214711
53 0.995286 17.1983 0.00021471
54 0.995286 17.1983 0.000214716
55 0.995286 17.1983 0.000214717
56 0.995286 17.1983 0.000214724
57 0.995286 17.1983 0.000214725
58 0.995286 17.1983 0.00021473
59 0.995286 17.1983 0.000214735
60 0.995286 17.1983 0.00021474
61 0.995286 17.1983 0.000214747
62 0.995286 17.1983 0.000214756
63 0.995286 17.1983 0.00021476
64 0.995286 17.1983 0.000214769
65 0.995286 17.1983 0.000214777
66 0.995286 17.1983 0.000214788
67 0.995286 17.1983 0.000214796
68 0.995286 17.1983 0.000214809
69 0.995286 17.1983 0.000214816
70 0.995286 17.1983 0.000214829
71 0.995286 17.1983 0.000214839
72 0.995286 17.1983 0.000214852
73 0.995286 17.1983 0.000214861
74 0.995286 17.1983 0.000214879
75 0.995286 17.1983 0.000214887
76 0.995286 17.1983 0.000214908
77 0.995286 17.1983 0.000214919
78 0.995286 17.1983 0.000214936
79 0.995286 17.1983 0.000214946
80 0.995286 17.1983 0.000214966
81 0.995286 17.1983 0.000214977
82 0.995286 17.1983 0.000215
83 0.995286 17.1983 0.000215011
84 0.995286 17.1983 0.000215031
85 0.995286 17.1983 0.000215045
86 0.995286 17.1983 0.000215062
87 0.995286 17.1983 0.000215075
88 0.995286 17.1983 0.000215097
89 0.995286 17.1983 0.000215105
90 0.995286 17.1983 0.000215123
91 0.995286 17.1983 0.000215135
92 0.995286 17.1983 0.000215151
93 0.995286 17.1983 0.000215159
94 0.995286 17.1983 0.000215178
95 0.995286 17.1983 0.000215186
96 0.995286 17.1983 0.0002152
97 0.995286 17.1983 0.000215209
98 0.995286 17.1983 0.000215218
99 0.995286 17.1983 0.000215228
min energy  # max energy
-28.8087 17.1983
