Initial energy of the MPS: 0.111492
# DMRG Sweep # Mid bond EE # Energy # Std #
0 0.00563995 -27.1947 5.08922
1 0.75596 -28.6132 0.00405105
2 0.807171 -28.6132 0.000196499
Initial energy of the MPS: -0.272118
# DMRG Sweep # Mid bond EE # Energy # Std #
0 0.0105277 16.0955 2.97116
1 0.893178 17.073 0.0203522
2 1.18601 17.0749 0.00354725
3 1.27972 17.0751 0.000717135
4 1.2952 17.0751 0.000437407
5 1.29575 17.0751 0.000405563
6 1.29595 17.0751 0.000400015
7 1.29599 17.0751 0.0003984
8 1.29601 17.0751 0.000399187
9 1.29602 17.0751 0.000399569
10 1.29602 17.0751 0.000400222
11 1.29602 17.0751 0.000400868
12 1.29603 17.0751 0.000401339
13 1.29603 17.0751 0.000401883
14 1.29603 17.0751 0.000402227
15 1.29603 17.0751 0.000402653
16 1.29603 17.0751 0.000402908
17 1.29603 17.0751 0.00040327
18 1.29603 17.0751 0.000403465
19 1.29603 17.0751 0.000403774
20 1.29603 17.0751 0.000403927
21 1.29603 17.0751 0.000404167
22 1.29603 17.0751 0.000404283
23 1.29603 17.0751 0.000404474
24 1.29604 17.0751 0.000404559
25 1.29604 17.0751 0.000404717
26 1.29604 17.0751 0.000404791
27 1.29604 17.0751 0.000404929
28 1.29604 17.0751 0.000405003
29 1.29604 17.0751 0.000405142
30 1.29604 17.0751 0.000405215
31 1.29604 17.0751 0.000405365
32 1.29604 17.0751 0.000405426
33 1.29604 17.0751 0.000405573
34 1.29604 17.0751 0.000405611
35 1.29604 17.0751 0.000405739
36 1.29604 17.0751 0.000405755
37 1.29604 17.0751 0.000405856
38 1.29604 17.0751 0.00040586
39 1.29604 17.0751 0.000405942
40 1.29604 17.0751 0.000405942
41 1.29604 17.0751 0.000406005
42 1.29604 17.0751 0.000406003
43 1.29604 17.0751 0.000406058
44 1.29604 17.0751 0.000406052
45 1.29604 17.0751 0.000406098
46 1.29604 17.0751 0.000406096
47 1.29604 17.0751 0.000406135
48 1.29604 17.0751 0.000406133
49 1.29604 17.0751 0.000406169
50 1.29604 17.0751 0.000406167
51 1.29604 17.0751 0.000406199
52 1.29604 17.0751 0.0004062
53 1.29604 17.0751 0.000406229
54 1.29604 17.0751 0.000406231
55 1.29604 17.0751 0.000406263
56 1.29604 17.0751 0.000406266
57 1.29604 17.0751 0.000406298
58 1.29604 17.0751 0.000406309
59 1.29604 17.0751 0.00040634
60 1.29604 17.0751 0.000406349
61 1.29604 17.0751 0.000406379
62 1.29604 17.0751 0.000406392
63 1.29604 17.0751 0.000406421
64 1.29604 17.0751 0.000406432
65 1.29604 17.0751 0.000406458
66 1.29604 17.0751 0.000406466
67 1.29604 17.0751 0.000406488
68 1.29604 17.0751 0.000406495
69 1.29604 17.0751 0.000406512
70 1.29604 17.0751 0.000406514
71 1.29604 17.0751 0.000406528
72 1.29604 17.0751 0.000406527
73 1.29604 17.0751 0.00040654
74 1.29604 17.0751 0.000406539
75 1.29604 17.0751 0.000406551
76 1.29604 17.0751 0.000406548
77 1.29604 17.0751 0.000406557
78 1.29604 17.0751 0.000406554
79 1.29604 17.0751 0.00040656
80 1.29604 17.0751 0.000406558
81 1.29604 17.0751 0.000406565
82 1.29604 17.0751 0.000406564
83 1.29604 17.0751 0.000406567
84 1.29604 17.0751 0.000406566
85 1.29604 17.0751 0.00040657
86 1.29604 17.0751 0.000406567
87 1.29604 17.0751 0.000406574
88 1.29604 17.0751 0.000406569
89 1.29604 17.0751 0.000406576
90 1.29604 17.0751 0.000406572
91 1.29604 17.0751 0.000406575
92 1.29604 17.0751 0.000406572
93 1.29604 17.0751 0.000406578
94 1.29604 17.0751 0.000406574
95 1.29604 17.0751 0.000406577
96 1.29604 17.0751 0.000406574
97 1.29604 17.0751 0.000406578
98 1.29604 17.0751 0.000406575
99 1.29604 17.0751 0.000406577
min energy  # max energy
-28.6132 17.0751
