Initial energy of the MPS: 0.403711
# DMRG Sweep # Mid bond EE # Energy # Std #
0 0.00567655 -27.3575 5.11588
1 0.587371 -28.7001 0.000403767
2 0.591987 -28.7001 5.61515e-05
Initial energy of the MPS: -0.151836
# DMRG Sweep # Mid bond EE # Energy # Std #
0 0.0250569 16.0694 2.95922
1 0.455594 16.8609 0.0182297
2 0.954496 16.8629 0.00350707
3 0.981254 16.8631 0.00149531
4 1.18075 16.8631 0.000605733
5 1.18641 16.8631 0.000516864
6 1.18681 16.8631 0.000498517
7 1.18684 16.8631 0.000493124
8 1.18689 16.8631 0.00049141
9 1.18689 16.8631 0.000488954
10 1.18691 16.8631 0.000488333
11 1.18691 16.8631 0.000487502
12 1.18692 16.8631 0.000487502
13 1.18692 16.8631 0.000487414
14 1.18692 16.8631 0.000487545
15 1.18692 16.8631 0.000487723
16 1.18692 16.8631 0.000487872
17 1.18692 16.8631 0.000488131
18 1.18692 16.8631 0.000488278
19 1.18692 16.8631 0.000488542
20 1.18692 16.8631 0.000488691
21 1.18692 16.8631 0.00048892
22 1.18692 16.8631 0.000489064
23 1.18692 16.8631 0.00048924
24 1.18692 16.8631 0.000489371
25 1.18692 16.8631 0.000489507
26 1.18692 16.8631 0.000489625
27 1.18692 16.8631 0.000489728
28 1.18692 16.8631 0.000489827
29 1.18692 16.8631 0.000489897
30 1.18692 16.8631 0.000489974
31 1.18692 16.8631 0.000490002
32 1.18692 16.8631 0.000490059
33 1.18692 16.8631 0.000490051
34 1.18692 16.8631 0.000490093
35 1.18692 16.8631 0.000490063
36 1.18692 16.8631 0.000490097
37 1.18692 16.8631 0.000490066
38 1.18692 16.8631 0.000490095
39 1.18692 16.8631 0.000490073
40 1.18692 16.8631 0.0004901
41 1.18692 16.8631 0.000490093
42 1.18692 16.8631 0.000490123
43 1.18692 16.8631 0.000490127
44 1.18692 16.8631 0.000490158
45 1.18692 16.8631 0.000490173
46 1.18692 16.8631 0.000490202
47 1.18692 16.8631 0.000490222
48 1.18692 16.8631 0.000490252
49 1.18692 16.8631 0.000490276
50 1.18692 16.8631 0.000490306
51 1.18692 16.8631 0.00049033
52 1.18692 16.8631 0.000490361
53 1.18692 16.8631 0.000490387
54 1.18692 16.8631 0.000490417
55 1.18692 16.8631 0.000490443
56 1.18692 16.8631 0.000490472
57 1.18692 16.8631 0.000490498
58 1.18692 16.8631 0.00049053
59 1.18692 16.8631 0.000490555
60 1.18692 16.8631 0.000490584
61 1.18692 16.8631 0.000490608
62 1.18693 16.8631 0.00049064
63 1.18693 16.8631 0.000490663
64 1.18693 16.8631 0.000490694
65 1.18693 16.8631 0.000490716
66 1.18693 16.8631 0.000490746
67 1.18693 16.8631 0.00049077
68 1.18693 16.8631 0.000490798
69 1.18693 16.8631 0.000490819
70 1.18693 16.8631 0.000490848
71 1.18693 16.8631 0.000490869
72 1.18693 16.8631 0.000490895
73 1.18693 16.8631 0.000490915
74 1.18693 16.8631 0.000490941
75 1.18693 16.8631 0.00049096
76 1.18693 16.8631 0.000490984
77 1.18693 16.8631 0.000491003
78 1.18693 16.8631 0.000491023
79 1.18693 16.8631 0.000491041
80 1.18693 16.8631 0.00049106
81 1.18693 16.8631 0.000491077
82 1.18693 16.8631 0.000491095
83 1.18693 16.8631 0.00049111
84 1.18693 16.8631 0.000491126
85 1.18693 16.8631 0.00049114
86 1.18693 16.8631 0.000491155
87 1.18693 16.8631 0.000491165
88 1.18693 16.8631 0.000491178
89 1.18693 16.8631 0.000491189
90 1.18693 16.8631 0.000491202
91 1.18693 16.8631 0.00049121
92 1.18693 16.8631 0.000491219
93 1.18693 16.8631 0.000491226
94 1.18693 16.8631 0.000491234
95 1.18693 16.8631 0.000491241
96 1.18693 16.8631 0.000491247
97 1.18693 16.8631 0.000491253
98 1.18693 16.8631 0.000491258
99 1.18693 16.8631 0.000491261
min energy  # max energy
-28.7001 16.8631
