Initial energy of the MPS: 0.314317
# DMRG Sweep # Mid bond EE # Energy # Std #
0 0.00555986 -27.2544 5.10157
1 0.766113 -28.9111 0.00168385
2 0.779822 -28.9111 0.000170889
Initial energy of the MPS: 0.00279641
# DMRG Sweep # Mid bond EE # Energy # Std #
0 0.0200775 16.1144 2.97129
1 0.917342 16.8857 0.015859
2 1.03851 16.8877 0.00539278
3 1.2972 16.888 0.00101524
4 1.30482 16.888 0.000456544
5 1.30844 16.888 0.000375903
6 1.30851 16.888 0.000360578
7 1.3086 16.888 0.00035798
8 1.3086 16.888 0.000356389
9 1.30862 16.888 0.00035659
10 1.30862 16.888 0.000356154
11 1.30862 16.888 0.000356654
12 1.30862 16.888 0.000356539
13 1.30862 16.888 0.000357089
14 1.30862 16.888 0.000357091
15 1.30863 16.888 0.000357576
16 1.30863 16.888 0.0003576
17 1.30863 16.888 0.000357982
18 1.30863 16.888 0.000357999
19 1.30863 16.888 0.000358287
20 1.30863 16.888 0.000358295
21 1.30863 16.888 0.000358514
22 1.30863 16.888 0.00035851
23 1.30863 16.888 0.00035868
24 1.30863 16.888 0.000358668
25 1.30863 16.888 0.000358807
26 1.30863 16.888 0.000358788
27 1.30863 16.888 0.000358905
28 1.30863 16.888 0.000358881
29 1.30863 16.888 0.000358986
30 1.30863 16.888 0.000358962
31 1.30863 16.888 0.000359054
32 1.30863 16.888 0.00035903
33 1.30863 16.888 0.000359114
34 1.30863 16.888 0.000359093
35 1.30863 16.888 0.000359167
36 1.30863 16.888 0.000359153
37 1.30863 16.888 0.000359222
38 1.30863 16.888 0.000359212
39 1.30863 16.888 0.000359273
40 1.30863 16.888 0.000359267
41 1.30863 16.888 0.000359325
42 1.30863 16.888 0.000359322
43 1.30863 16.888 0.000359376
44 1.30863 16.888 0.000359374
45 1.30863 16.888 0.000359427
46 1.30863 16.888 0.000359425
47 1.30863 16.888 0.000359472
48 1.30863 16.888 0.000359467
49 1.30863 16.888 0.00035951
50 1.30863 16.888 0.000359506
51 1.30863 16.888 0.000359544
52 1.30863 16.888 0.000359536
53 1.30863 16.888 0.000359565
54 1.30863 16.888 0.000359554
55 1.30863 16.888 0.000359575
56 1.30863 16.888 0.000359566
57 1.30863 16.888 0.00035958
58 1.30863 16.888 0.000359567
59 1.30863 16.888 0.000359581
60 1.30863 16.888 0.000359564
61 1.30863 16.888 0.000359573
62 1.30863 16.888 0.000359555
63 1.30863 16.888 0.00035956
64 1.30863 16.888 0.000359545
65 1.30863 16.888 0.000359549
66 1.30863 16.888 0.000359532
67 1.30863 16.888 0.000359531
68 1.30863 16.888 0.000359518
69 1.30863 16.888 0.000359516
70 1.30863 16.888 0.000359504
71 1.30863 16.888 0.000359497
72 1.30863 16.888 0.000359486
73 1.30863 16.888 0.000359481
74 1.30863 16.888 0.000359468
75 1.30863 16.888 0.000359467
76 1.30863 16.888 0.000359452
77 1.30863 16.888 0.000359449
78 1.30863 16.888 0.000359438
79 1.30863 16.888 0.000359435
80 1.30863 16.888 0.000359426
81 1.30863 16.888 0.000359424
82 1.30863 16.888 0.000359414
83 1.30863 16.888 0.000359413
84 1.30863 16.888 0.000359405
85 1.30863 16.888 0.000359402
86 1.30863 16.888 0.000359394
87 1.30863 16.888 0.000359395
88 1.30863 16.888 0.000359388
89 1.30863 16.888 0.000359386
90 1.30863 16.888 0.000359377
91 1.30863 16.888 0.000359378
92 1.30863 16.888 0.00035937
93 1.30863 16.888 0.00035937
94 1.30863 16.888 0.000359364
95 1.30863 16.888 0.000359363
96 1.30863 16.888 0.000359355
97 1.30863 16.888 0.000359357
98 1.30863 16.888 0.000359351
99 1.30863 16.888 0.000359348
min energy  # max energy
-28.9111 16.888
