Initial energy of the MPS: 0.203683
# DMRG Sweep # Mid bond EE # Energy # Std #
0 0.00455515 -27.2722 5.10303
1 0.618182 -28.8512 0.000570494
2 0.626922 -28.8512 0.000110522
Initial energy of the MPS: -0.13675
# DMRG Sweep # Mid bond EE # Energy # Std #
0 0.031663 16.324 3.00562
1 0.758846 17.0795 0.0182142
2 1.04462 17.081 0.00299669
3 1.0443 17.0811 0.00174874
4 1.27017 17.0812 0.000845581
5 1.28656 17.0812 0.000659862
6 1.28729 17.0812 0.000639196
7 1.28734 17.0812 0.000631949
8 1.28739 17.0812 0.000630906
9 1.28739 17.0812 0.000629353
10 1.28741 17.0812 0.000628897
11 1.28741 17.0812 0.000628292
12 1.28742 17.0812 0.00062803
13 1.28742 17.0812 0.000627837
14 1.28742 17.0812 0.000627748
15 1.28742 17.0812 0.000627677
16 1.28742 17.0812 0.000627665
17 1.28742 17.0812 0.00062768
18 1.28743 17.0812 0.000627725
19 1.28743 17.0812 0.000627818
20 1.28743 17.0812 0.000627891
21 1.28743 17.0812 0.000628037
22 1.28743 17.0812 0.000628121
23 1.28743 17.0812 0.000628291
24 1.28743 17.0812 0.000628373
25 1.28743 17.0812 0.000628556
26 1.28743 17.0812 0.000628628
27 1.28743 17.0812 0.000628821
28 1.28743 17.0812 0.000628878
29 1.28743 17.0812 0.000629074
30 1.28743 17.0812 0.000629122
31 1.28743 17.0812 0.000629313
32 1.28743 17.0812 0.000629347
33 1.28743 17.0812 0.000629524
34 1.28743 17.0812 0.000629549
35 1.28743 17.0812 0.0006297
36 1.28743 17.0812 0.000629721
37 1.28743 17.0812 0.000629841
38 1.28743 17.0812 0.000629857
39 1.28743 17.0812 0.000629951
40 1.28743 17.0812 0.000629964
41 1.28743 17.0812 0.000630032
42 1.28743 17.0812 0.000630037
43 1.28743 17.0812 0.000630087
44 1.28743 17.0812 0.000630089
45 1.28743 17.0812 0.000630128
46 1.28743 17.0812 0.000630127
47 1.28743 17.0812 0.000630159
48 1.28743 17.0812 0.000630156
49 1.28743 17.0812 0.000630182
50 1.28743 17.0812 0.000630182
51 1.28743 17.0812 0.000630204
52 1.28743 17.0812 0.000630204
53 1.28743 17.0812 0.000630219
54 1.28743 17.0812 0.000630221
55 1.28743 17.0812 0.000630231
56 1.28743 17.0812 0.000630232
57 1.28743 17.0812 0.000630238
58 1.28743 17.0812 0.00063024
59 1.28743 17.0812 0.000630238
60 1.28743 17.0812 0.000630239
61 1.28743 17.0812 0.000630233
62 1.28743 17.0812 0.000630231
63 1.28743 17.0812 0.000630223
64 1.28743 17.0812 0.000630221
65 1.28743 17.0812 0.00063021
66 1.28743 17.0812 0.000630208
67 1.28743 17.0812 0.000630197
68 1.28743 17.0812 0.000630194
69 1.28743 17.0812 0.000630183
70 1.28743 17.0812 0.000630179
71 1.28743 17.0812 0.00063017
72 1.28743 17.0812 0.000630166
73 1.28743 17.0812 0.000630157
74 1.28743 17.0812 0.000630155
75 1.28743 17.0812 0.000630146
76 1.28743 17.0812 0.000630143
77 1.28743 17.0812 0.000630134
78 1.28743 17.0812 0.000630132
79 1.28743 17.0812 0.000630126
80 1.28743 17.0812 0.000630123
81 1.28743 17.0812 0.000630117
82 1.28743 17.0812 0.000630113
83 1.28743 17.0812 0.000630109
84 1.28743 17.0812 0.000630107
85 1.28743 17.0812 0.000630103
86 1.28743 17.0812 0.0006301
87 1.28743 17.0812 0.000630099
88 1.28743 17.0812 0.000630095
89 1.28743 17.0812 0.000630092
90 1.28743 17.0812 0.000630091
91 1.28743 17.0812 0.000630089
92 1.28743 17.0812 0.000630087
93 1.28743 17.0812 0.000630086
94 1.28743 17.0812 0.000630084
95 1.28743 17.0812 0.000630083
96 1.28743 17.0812 0.000630081
97 1.28743 17.0812 0.000630081
98 1.28743 17.0812 0.000630079
99 1.28743 17.0812 0.00063008
min energy  # max energy
-28.8512 17.0812
