Initial energy of the MPS: 0.265566
# DMRG Sweep # Mid bond EE # Energy # Std #
0 0.00542864 -27.3401 5.11986
1 0.628644 -28.8778 0.00042974
2 0.632118 -28.8778 7.25686e-05
Initial energy of the MPS: -0.236757
# DMRG Sweep # Mid bond EE # Energy # Std #
0 0.0274714 16.5955 3.05607
1 0.674428 17.365 0.0126564
2 0.823831 17.3658 0.000970524
3 0.947733 17.3658 0.000795333
4 1.09005 17.3658 0.000595461
5 1.18873 17.3658 0.000258074
6 1.2212 17.3658 0.0002262
7 1.22269 17.3658 0.000213227
8 1.22286 17.3658 0.000211135
9 1.22287 17.3658 0.000210561
10 1.22287 17.3658 0.000210087
11 1.22287 17.3658 0.000209942
12 1.22287 17.3658 0.000209614
13 1.22287 17.3658 0.0002094
14 1.22287 17.3658 0.000209039
15 1.22288 17.3658 0.00020872
16 1.22288 17.3658 0.000208396
17 1.22288 17.3658 0.000208063
18 1.22288 17.3658 0.000207834
19 1.22288 17.3658 0.000207565
20 1.22288 17.3658 0.000207423
21 1.22288 17.3658 0.000207226
22 1.22288 17.3658 0.000207142
23 1.22288 17.3658 0.000207012
24 1.22288 17.3658 0.000206962
25 1.22288 17.3658 0.000206883
26 1.22288 17.3658 0.000206847
27 1.22288 17.3658 0.000206791
28 1.22288 17.3658 0.000206763
29 1.22288 17.3658 0.000206721
30 1.22288 17.3658 0.000206698
31 1.22288 17.3658 0.00020667
32 1.22288 17.3658 0.00020665
33 1.22288 17.3658 0.00020663
34 1.22288 17.3658 0.000206618
35 1.22288 17.3658 0.000206601
36 1.22288 17.3658 0.000206589
37 1.22288 17.3658 0.000206577
38 1.22288 17.3658 0.00020657
39 1.22288 17.3658 0.000206559
40 1.22288 17.3658 0.000206553
41 1.22288 17.3658 0.000206545
42 1.22288 17.3658 0.00020654
43 1.22288 17.3658 0.000206535
44 1.22288 17.3658 0.000206527
45 1.22288 17.3658 0.000206525
46 1.22288 17.3658 0.000206524
47 1.22288 17.3658 0.000206519
48 1.22288 17.3658 0.000206517
49 1.22288 17.3658 0.000206516
50 1.22288 17.3658 0.00020651
51 1.22288 17.3658 0.000206509
52 1.22288 17.3658 0.000206511
53 1.22288 17.3658 0.000206508
54 1.22288 17.3658 0.000206509
55 1.22288 17.3658 0.000206508
56 1.22288 17.3658 0.000206506
57 1.22288 17.3658 0.000206506
58 1.22288 17.3658 0.00020651
59 1.22288 17.3658 0.000206507
60 1.22288 17.3658 0.000206508
61 1.22288 17.3658 0.00020651
62 1.22288 17.3658 0.000206512
63 1.22288 17.3658 0.000206516
64 1.22288 17.3658 0.000206511
65 1.22288 17.3658 0.000206515
66 1.22288 17.3658 0.000206512
67 1.22288 17.3658 0.000206514
68 1.22288 17.3658 0.000206518
69 1.22288 17.3658 0.000206519
70 1.22288 17.3658 0.000206518
71 1.22288 17.3658 0.000206523
72 1.22288 17.3658 0.000206522
73 1.22288 17.3658 0.000206525
74 1.22288 17.3658 0.000206522
75 1.22288 17.3658 0.000206524
76 1.22288 17.3658 0.000206521
77 1.22288 17.3658 0.00020653
78 1.22288 17.3658 0.00020653
79 1.22288 17.3658 0.000206528
80 1.22288 17.3658 0.00020653
81 1.22288 17.3658 0.000206531
82 1.22288 17.3658 0.000206533
83 1.22288 17.3658 0.000206535
84 1.22288 17.3658 0.000206532
85 1.22288 17.3658 0.000206535
86 1.22288 17.3658 0.000206532
87 1.22288 17.3658 0.00020654
88 1.22288 17.3658 0.000206538
89 1.22288 17.3658 0.000206541
90 1.22288 17.3658 0.000206539
91 1.22288 17.3658 0.000206542
92 1.22288 17.3658 0.00020654
93 1.22288 17.3658 0.000206544
94 1.22288 17.3658 0.000206541
95 1.22288 17.3658 0.000206543
96 1.22288 17.3658 0.000206542
97 1.22288 17.3658 0.000206547
98 1.22288 17.3658 0.000206546
99 1.22288 17.3658 0.000206549
min energy  # max energy
-28.8778 17.3658
