Initial energy of the MPS: 0.237253
# DMRG Sweep # Mid bond EE # Energy # Std #
0 0.0040524 -27.6842 5.18058
1 0.366939 -29.0209 0.00230783
2 0.398392 -29.0209 7.02554e-05
Initial energy of the MPS: -0.33786
# DMRG Sweep # Mid bond EE # Energy # Std #
0 0.0235997 16.3836 3.01735
1 0.836289 17.1736 0.0154393
2 1.08281 17.1748 0.00297562
3 1.20701 17.1749 0.00098318
4 1.2968 17.1749 0.000498228
5 1.30187 17.1749 0.000442975
6 1.30209 17.1749 0.000430649
7 1.30214 17.1749 0.000427564
8 1.30217 17.1749 0.000427945
9 1.30218 17.1749 0.000428444
10 1.30219 17.1749 0.000429538
11 1.30219 17.1749 0.000430071
12 1.30219 17.1749 0.000431137
13 1.3022 17.1749 0.00043149
14 1.3022 17.1749 0.000432361
15 1.3022 17.1749 0.000432574
16 1.3022 17.1749 0.000433221
17 1.3022 17.1749 0.000433406
18 1.3022 17.1749 0.000433902
19 1.3022 17.1749 0.000434117
20 1.3022 17.1749 0.000434539
21 1.3022 17.1749 0.000434788
22 1.3022 17.1749 0.000435193
23 1.3022 17.1749 0.000435447
24 1.3022 17.1749 0.000435849
25 1.3022 17.1749 0.000436063
26 1.30221 17.1749 0.000436433
27 1.30221 17.1749 0.000436575
28 1.30221 17.1749 0.000436876
29 1.30221 17.1749 0.000436947
30 1.30221 17.1749 0.000437164
31 1.30221 17.1749 0.000437185
32 1.30221 17.1749 0.000437331
33 1.30221 17.1749 0.000437321
34 1.30221 17.1749 0.000437417
35 1.30221 17.1749 0.000437401
36 1.30221 17.1749 0.000437468
37 1.30221 17.1749 0.000437449
38 1.30221 17.1749 0.000437498
39 1.30221 17.1749 0.000437484
40 1.30221 17.1749 0.000437519
41 1.30221 17.1749 0.000437508
42 1.30221 17.1749 0.000437539
43 1.30221 17.1749 0.000437533
44 1.30221 17.1749 0.000437558
45 1.30221 17.1749 0.000437552
46 1.30221 17.1749 0.000437576
47 1.30221 17.1749 0.000437573
48 1.30221 17.1749 0.000437592
49 1.30221 17.1749 0.00043759
50 1.30221 17.1749 0.000437609
51 1.30221 17.1749 0.000437604
52 1.30221 17.1749 0.000437621
53 1.30221 17.1749 0.00043762
54 1.30221 17.1749 0.000437634
55 1.30221 17.1749 0.000437632
56 1.30221 17.1749 0.000437647
57 1.30221 17.1749 0.000437644
58 1.30221 17.1749 0.000437657
59 1.30221 17.1749 0.000437655
60 1.30221 17.1749 0.000437666
61 1.30221 17.1749 0.000437666
62 1.30221 17.1749 0.000437674
63 1.30221 17.1749 0.000437675
64 1.30221 17.1749 0.000437682
65 1.30221 17.1749 0.000437683
66 1.30221 17.1749 0.000437689
67 1.30221 17.1749 0.000437689
68 1.30221 17.1749 0.000437695
69 1.30221 17.1749 0.000437696
70 1.30221 17.1749 0.0004377
71 1.30221 17.1749 0.000437702
72 1.30221 17.1749 0.000437705
73 1.30221 17.1749 0.000437706
74 1.30221 17.1749 0.000437709
75 1.30221 17.1749 0.00043771
76 1.30221 17.1749 0.000437714
77 1.30221 17.1749 0.000437715
78 1.30221 17.1749 0.00043772
79 1.30221 17.1749 0.000437718
80 1.30221 17.1749 0.000437721
81 1.30221 17.1749 0.000437722
82 1.30221 17.1749 0.000437725
83 1.30221 17.1749 0.000437726
84 1.30221 17.1749 0.000437726
85 1.30221 17.1749 0.000437727
86 1.30221 17.1749 0.00043773
87 1.30221 17.1749 0.00043773
88 1.30221 17.1749 0.000437732
89 1.30221 17.1749 0.000437731
90 1.30221 17.1749 0.000437733
91 1.30221 17.1749 0.000437733
92 1.30221 17.1749 0.000437735
93 1.30221 17.1749 0.000437736
94 1.30221 17.1749 0.000437737
95 1.30221 17.1749 0.000437737
96 1.30221 17.1749 0.00043774
97 1.30221 17.1749 0.000437738
98 1.30221 17.1749 0.000437739
99 1.30221 17.1749 0.000437741
min energy  # max energy
-29.0209 17.1749
