Initial energy of the MPS: 0.105207
# DMRG Sweep # Mid bond EE # Energy # Std #
0 0.00537962 -27.2461 5.09736
1 0.769895 -28.6018 0.00422133
2 0.779179 -28.6018 0.000159542
Initial energy of the MPS: -0.284987
# DMRG Sweep # Mid bond EE # Energy # Std #
0 0.0117483 16.189 2.9863
1 0.604595 17.1744 0.0188934
2 0.914825 17.1758 0.00318281
3 0.978019 17.1759 0.00128526
4 1.08587 17.1759 0.000784073
5 1.10693 17.1759 0.000667364
6 1.10712 17.1759 0.000647648
7 1.10717 17.1759 0.000642665
8 1.10718 17.1759 0.000640062
9 1.10719 17.1759 0.000639059
10 1.1072 17.1759 0.00063808
11 1.1072 17.1759 0.000637893
12 1.1072 17.1759 0.000637478
13 1.1072 17.1759 0.000637554
14 1.10721 17.1759 0.000637476
15 1.10721 17.1759 0.000637631
16 1.10721 17.1759 0.000637754
17 1.10721 17.1759 0.000637887
18 1.10721 17.1759 0.000638049
19 1.10721 17.1759 0.000638128
20 1.10721 17.1759 0.000638274
21 1.10721 17.1759 0.00063831
22 1.10721 17.1759 0.000638437
23 1.10721 17.1759 0.000638456
24 1.10721 17.1759 0.000638572
25 1.10721 17.1759 0.00063859
26 1.10721 17.1759 0.000638687
27 1.10721 17.1759 0.000638703
28 1.10721 17.1759 0.000638771
29 1.10721 17.1759 0.000638784
30 1.10721 17.1759 0.000638821
31 1.10721 17.1759 0.000638833
32 1.10721 17.1759 0.000638848
33 1.10721 17.1759 0.000638862
34 1.10721 17.1759 0.000638864
35 1.10721 17.1759 0.000638883
36 1.10721 17.1759 0.000638877
37 1.10721 17.1759 0.0006389
38 1.10721 17.1759 0.00063889
39 1.10721 17.1759 0.000638913
40 1.10721 17.1759 0.0006389
41 1.10721 17.1759 0.000638922
42 1.10721 17.1759 0.000638908
43 1.10721 17.1759 0.000638928
44 1.10721 17.1759 0.000638911
45 1.10721 17.1759 0.000638929
46 1.10721 17.1759 0.000638912
47 1.10721 17.1759 0.000638929
48 1.10721 17.1759 0.000638911
49 1.10721 17.1759 0.000638922
50 1.10721 17.1759 0.000638904
51 1.10721 17.1759 0.000638913
52 1.10721 17.1759 0.000638896
53 1.10721 17.1759 0.000638901
54 1.10721 17.1759 0.000638883
55 1.10721 17.1759 0.000638885
56 1.10721 17.1759 0.000638869
57 1.10721 17.1759 0.000638869
58 1.10721 17.1759 0.000638853
59 1.10721 17.1759 0.00063885
60 1.10721 17.1759 0.000638834
61 1.10721 17.1759 0.000638833
62 1.10721 17.1759 0.000638819
63 1.10721 17.1759 0.000638816
64 1.10721 17.1759 0.000638804
65 1.10721 17.1759 0.000638801
66 1.10721 17.1759 0.000638789
67 1.10721 17.1759 0.000638789
68 1.10721 17.1759 0.000638776
69 1.10721 17.1759 0.000638775
70 1.10721 17.1759 0.000638764
71 1.10721 17.1759 0.000638765
72 1.10721 17.1759 0.000638757
73 1.10721 17.1759 0.000638757
74 1.10721 17.1759 0.000638749
75 1.10721 17.1759 0.000638752
76 1.10721 17.1759 0.000638745
77 1.10721 17.1759 0.000638749
78 1.10721 17.1759 0.000638744
79 1.10721 17.1759 0.000638747
80 1.10721 17.1759 0.000638743
81 1.10721 17.1759 0.000638749
82 1.10721 17.1759 0.000638748
83 1.10721 17.1759 0.000638753
84 1.10721 17.1759 0.000638751
85 1.10721 17.1759 0.000638756
86 1.10721 17.1759 0.000638757
87 1.10721 17.1759 0.000638761
88 1.10721 17.1759 0.000638763
89 1.10721 17.1759 0.000638767
90 1.10721 17.1759 0.000638767
91 1.10721 17.1759 0.000638773
92 1.10721 17.1759 0.000638773
93 1.10721 17.1759 0.000638778
94 1.10721 17.1759 0.00063878
95 1.10721 17.1759 0.000638784
96 1.10721 17.1759 0.000638785
97 1.10721 17.1759 0.000638787
98 1.10721 17.1759 0.000638789
99 1.10721 17.1759 0.000638792
min energy  # max energy
-28.6018 17.1759
