Initial energy of the MPS: 0.307599
# DMRG Sweep # Mid bond EE # Energy # Std #
0 0.00544331 -27.145 5.08298
1 0.630619 -28.6403 0.00216886
2 0.629965 -28.6403 0.000117243
Initial energy of the MPS: -0.233592
# DMRG Sweep # Mid bond EE # Energy # Std #
0 0.0245691 16.6815 3.07251
1 0.838937 17.4884 0.0149774
2 1.05997 17.4894 0.00277171
3 1.14872 17.4894 0.000699872
4 1.25497 17.4895 0.000214539
5 1.25704 17.4895 0.000189494
6 1.25704 17.4895 0.000185459
7 1.25705 17.4895 0.00018399
8 1.25705 17.4895 0.000183549
9 1.25705 17.4895 0.000183123
10 1.25705 17.4895 0.000182971
11 1.25705 17.4895 0.000182788
12 1.25705 17.4895 0.000182723
13 1.25705 17.4895 0.000182629
14 1.25705 17.4895 0.000182581
15 1.25705 17.4895 0.000182524
16 1.25705 17.4895 0.000182481
17 1.25705 17.4895 0.000182451
18 1.25705 17.4895 0.000182412
19 1.25705 17.4895 0.000182388
20 1.25705 17.4895 0.00018237
21 1.25705 17.4895 0.000182356
22 1.25705 17.4895 0.000182345
23 1.25705 17.4895 0.000182337
24 1.25705 17.4895 0.000182331
25 1.25705 17.4895 0.000182331
26 1.25705 17.4895 0.000182325
27 1.25705 17.4895 0.000182323
28 1.25705 17.4895 0.000182321
29 1.25705 17.4895 0.000182327
30 1.25705 17.4895 0.000182321
31 1.25705 17.4895 0.000182332
32 1.25705 17.4895 0.000182329
33 1.25705 17.4895 0.000182343
34 1.25705 17.4895 0.000182344
35 1.25705 17.4895 0.000182356
36 1.25705 17.4895 0.000182358
37 1.25705 17.4895 0.000182364
38 1.25705 17.4895 0.000182365
39 1.25705 17.4895 0.000182374
40 1.25705 17.4895 0.000182376
41 1.25705 17.4895 0.000182389
42 1.25705 17.4895 0.000182389
43 1.25705 17.4895 0.000182398
44 1.25705 17.4895 0.000182395
45 1.25705 17.4895 0.000182402
46 1.25705 17.4895 0.000182402
47 1.25705 17.4895 0.000182414
48 1.25705 17.4895 0.000182406
49 1.25705 17.4895 0.000182422
50 1.25705 17.4895 0.00018242
51 1.25705 17.4895 0.000182427
52 1.25705 17.4895 0.000182424
53 1.25705 17.4895 0.000182429
54 1.25705 17.4895 0.000182432
55 1.25705 17.4895 0.000182435
56 1.25705 17.4895 0.000182436
57 1.25705 17.4895 0.00018244
58 1.25705 17.4895 0.000182443
59 1.25705 17.4895 0.000182449
60 1.25705 17.4895 0.000182447
61 1.25705 17.4895 0.000182455
62 1.25705 17.4895 0.00018245
63 1.25705 17.4895 0.000182455
64 1.25705 17.4895 0.000182455
65 1.25705 17.4895 0.000182458
66 1.25705 17.4895 0.000182462
67 1.25705 17.4895 0.000182466
68 1.25705 17.4895 0.000182464
69 1.25705 17.4895 0.000182468
70 1.25705 17.4895 0.000182471
71 1.25705 17.4895 0.000182472
72 1.25705 17.4895 0.000182473
73 1.25705 17.4895 0.000182476
74 1.25705 17.4895 0.000182477
75 1.25705 17.4895 0.000182481
76 1.25705 17.4895 0.000182483
77 1.25705 17.4895 0.000182486
78 1.25705 17.4895 0.000182486
79 1.25705 17.4895 0.000182489
80 1.25705 17.4895 0.000182489
81 1.25705 17.4895 0.000182491
82 1.25705 17.4895 0.000182491
83 1.25705 17.4895 0.000182502
84 1.25705 17.4895 0.000182498
85 1.25705 17.4895 0.000182506
86 1.25705 17.4895 0.000182501
87 1.25705 17.4895 0.000182506
88 1.25705 17.4895 0.000182508
89 1.25705 17.4895 0.000182508
90 1.25705 17.4895 0.00018251
91 1.25705 17.4895 0.000182517
92 1.25705 17.4895 0.000182515
93 1.25705 17.4895 0.000182519
94 1.25705 17.4895 0.000182519
95 1.25705 17.4895 0.000182525
96 1.25705 17.4895 0.000182521
97 1.25705 17.4895 0.000182528
98 1.25705 17.4895 0.000182527
99 1.25705 17.4895 0.000182531
min energy  # max energy
-28.6403 17.4895
