Initial energy of the MPS: 0.483602
# DMRG Sweep # Mid bond EE # Energy # Std #
0 0.0045859 -27.3086 5.11375
1 0.293314 -28.9102 0.00015924
Initial energy of the MPS: -0.120073
# DMRG Sweep # Mid bond EE # Energy # Std #
0 0.0241713 16.5221 3.0433
1 0.682357 17.3045 0.00745649
2 0.901953 17.3049 0.00266517
3 1.04064 17.305 0.00104385
4 1.20961 17.305 0.000306949
5 1.20975 17.305 0.000275181
6 1.20982 17.305 0.000269494
7 1.20983 17.305 0.000269204
8 1.20984 17.305 0.000269154
9 1.20984 17.305 0.000269387
10 1.20984 17.305 0.000269415
11 1.20984 17.305 0.000269524
12 1.20984 17.305 0.000269521
13 1.20984 17.305 0.000269506
14 1.20984 17.305 0.000269503
15 1.20984 17.305 0.00026934
16 1.20984 17.305 0.00026929
17 1.20984 17.305 0.000269098
18 1.20985 17.305 0.000269054
19 1.20985 17.305 0.000268941
20 1.20985 17.305 0.000268922
21 1.20985 17.305 0.00026888
22 1.20985 17.305 0.000268875
23 1.20985 17.305 0.000268864
24 1.20985 17.305 0.00026886
25 1.20985 17.305 0.000268863
26 1.20985 17.305 0.000268863
27 1.20985 17.305 0.000268865
28 1.20985 17.305 0.000268867
29 1.20985 17.305 0.000268869
30 1.20985 17.305 0.000268877
31 1.20985 17.305 0.000268873
32 1.20985 17.305 0.000268884
33 1.20985 17.305 0.00026888
34 1.20985 17.305 0.00026889
35 1.20985 17.305 0.000268881
36 1.20985 17.305 0.00026889
37 1.20985 17.305 0.000268877
38 1.20985 17.305 0.000268884
39 1.20985 17.305 0.000268864
40 1.20985 17.305 0.000268865
41 1.20985 17.305 0.000268848
42 1.20985 17.305 0.000268844
43 1.20985 17.305 0.00026883
44 1.20985 17.305 0.000268824
45 1.20985 17.305 0.000268813
46 1.20985 17.305 0.000268804
47 1.20985 17.305 0.000268802
48 1.20985 17.305 0.000268794
49 1.20985 17.305 0.00026879
50 1.20985 17.305 0.000268786
51 1.20985 17.305 0.000268782
52 1.20985 17.305 0.000268777
53 1.20985 17.305 0.000268777
54 1.20985 17.305 0.000268772
55 1.20985 17.305 0.000268772
56 1.20985 17.305 0.000268769
57 1.20985 17.305 0.000268769
58 1.20985 17.305 0.000268764
59 1.20985 17.305 0.000268768
60 1.20985 17.305 0.00026876
61 1.20985 17.305 0.000268765
62 1.20985 17.305 0.000268765
63 1.20985 17.305 0.000268767
64 1.20985 17.305 0.000268766
65 1.20985 17.305 0.000268766
66 1.20985 17.305 0.000268761
67 1.20985 17.305 0.000268764
68 1.20985 17.305 0.000268763
69 1.20985 17.305 0.000268766
70 1.20985 17.305 0.000268763
71 1.20985 17.305 0.000268769
72 1.20985 17.305 0.000268765
73 1.20985 17.305 0.000268769
74 1.20985 17.305 0.000268768
75 1.20985 17.305 0.000268769
76 1.20985 17.305 0.000268769
77 1.20985 17.305 0.000268772
78 1.20985 17.305 0.00026877
79 1.20985 17.305 0.000268777
80 1.20985 17.305 0.000268776
81 1.20985 17.305 0.000268781
82 1.20985 17.305 0.00026878
83 1.20985 17.305 0.000268784
84 1.20985 17.305 0.000268783
85 1.20985 17.305 0.000268789
86 1.20985 17.305 0.000268789
87 1.20985 17.305 0.000268791
88 1.20985 17.305 0.000268795
89 1.20985 17.305 0.000268798
90 1.20985 17.305 0.000268798
91 1.20985 17.305 0.000268801
92 1.20985 17.305 0.0002688
93 1.20985 17.305 0.000268809
94 1.20985 17.305 0.000268809
95 1.20985 17.305 0.000268811
96 1.20985 17.305 0.000268812
97 1.20985 17.305 0.000268817
98 1.20985 17.305 0.000268823
99 1.20985 17.305 0.000268825
min energy  # max energy
-28.9102 17.305
