Initial energy of the MPS: -0.154547
# DMRG Sweep # Mid bond EE # Energy # Std #
0 0.00529946 -27.265 5.09782
1 0.81066 -28.6536 0.00296368
2 0.809662 -28.6536 0.000107833
Initial energy of the MPS: -0.340412
# DMRG Sweep # Mid bond EE # Energy # Std #
0 0.0182773 16.0573 2.96165
1 0.24267 17.3695 0.0155459
2 0.318689 17.3702 0.00188066
3 0.418871 17.3703 0.00093995
4 0.531913 17.3703 0.000391669
5 0.532302 17.3703 0.000352191
6 0.532524 17.3703 0.000344887
7 0.532528 17.3703 0.000341602
8 0.532558 17.3703 0.000340718
9 0.532559 17.3703 0.000340339
10 0.53257 17.3703 0.000340522
11 0.53257 17.3703 0.000340699
12 0.532575 17.3703 0.000341007
13 0.532575 17.3703 0.000341242
14 0.532577 17.3703 0.000341482
15 0.532577 17.3703 0.000341646
16 0.532579 17.3703 0.000341793
17 0.532579 17.3703 0.000341889
18 0.53258 17.3703 0.000341978
19 0.53258 17.3703 0.000342046
20 0.532581 17.3703 0.00034211
21 0.532581 17.3703 0.000342161
22 0.532581 17.3703 0.000342215
23 0.532581 17.3703 0.000342251
24 0.532582 17.3703 0.000342297
25 0.532582 17.3703 0.000342324
26 0.532582 17.3703 0.00034236
27 0.532582 17.3703 0.000342377
28 0.532582 17.3703 0.000342407
29 0.532582 17.3703 0.000342419
30 0.532582 17.3703 0.000342438
31 0.532582 17.3703 0.000342444
32 0.532583 17.3703 0.000342454
33 0.532583 17.3703 0.000342457
34 0.532583 17.3703 0.00034246
35 0.532583 17.3703 0.00034246
36 0.532583 17.3703 0.00034246
37 0.532583 17.3703 0.000342457
38 0.532583 17.3703 0.000342454
39 0.532583 17.3703 0.00034245
40 0.532583 17.3703 0.000342444
41 0.532583 17.3703 0.000342441
42 0.532583 17.3703 0.000342436
43 0.532583 17.3703 0.000342432
44 0.532583 17.3703 0.000342427
45 0.532583 17.3703 0.000342416
46 0.532584 17.3703 0.000342415
47 0.532584 17.3703 0.000342405
48 0.532584 17.3703 0.000342401
49 0.532584 17.3703 0.000342392
50 0.532584 17.3703 0.00034239
51 0.532584 17.3703 0.000342381
52 0.532584 17.3703 0.000342378
53 0.532584 17.3703 0.000342369
54 0.532584 17.3703 0.00034237
55 0.532584 17.3703 0.000342358
56 0.532584 17.3703 0.000342355
57 0.532584 17.3703 0.00034235
58 0.532584 17.3703 0.000342351
59 0.532584 17.3703 0.000342344
60 0.532584 17.3703 0.000342346
61 0.532584 17.3703 0.000342342
62 0.532584 17.3703 0.000342341
63 0.532584 17.3703 0.000342342
64 0.532584 17.3703 0.000342345
65 0.532584 17.3703 0.000342343
66 0.532584 17.3703 0.000342345
67 0.532584 17.3703 0.000342346
68 0.532584 17.3703 0.000342347
69 0.532584 17.3703 0.000342348
70 0.532584 17.3703 0.00034235
71 0.532584 17.3703 0.000342355
72 0.532584 17.3703 0.000342355
73 0.532584 17.3703 0.000342357
74 0.532584 17.3703 0.000342358
75 0.532584 17.3703 0.000342366
76 0.532584 17.3703 0.000342363
77 0.532584 17.3703 0.00034237
78 0.532585 17.3703 0.000342367
79 0.532585 17.3703 0.000342374
80 0.532585 17.3703 0.000342379
81 0.532585 17.3703 0.00034238
82 0.532585 17.3703 0.000342382
83 0.532585 17.3703 0.000342389
84 0.532585 17.3703 0.000342387
85 0.532585 17.3703 0.000342396
86 0.532585 17.3703 0.000342393
87 0.532585 17.3703 0.000342402
88 0.532585 17.3703 0.0003424
89 0.532585 17.3703 0.00034241
90 0.532585 17.3703 0.000342409
91 0.532585 17.3703 0.000342416
92 0.532585 17.3703 0.000342416
93 0.532585 17.3703 0.000342424
94 0.532585 17.3703 0.000342423
95 0.532585 17.3703 0.000342431
96 0.532585 17.3703 0.000342432
97 0.532585 17.3703 0.000342443
98 0.532585 17.3703 0.000342444
99 0.532585 17.3703 0.000342452
min energy  # max energy
-28.6536 17.3703
