Initial energy of the MPS: 0.264899
# DMRG Sweep # Mid bond EE # Energy # Std #
0 0.00538303 -27.3882 5.12628
1 0.583478 -28.8027 0.0016554
2 0.601708 -28.8027 0.000157151
Initial energy of the MPS: -0.240348
# DMRG Sweep # Mid bond EE # Energy # Std #
0 0.0110948 16.0509 2.96444
1 0.656381 16.8957 0.0139463
2 0.927358 16.8972 0.0039029
3 1.16268 16.8973 0.000593893
4 1.16994 16.8973 0.000263002
5 1.17066 16.8973 0.000219928
6 1.17069 16.8973 0.000209917
7 1.17071 16.8973 0.00020675
8 1.17071 16.8973 0.000205698
9 1.17071 16.8973 0.000205404
10 1.17071 16.8973 0.000205254
11 1.17071 16.8973 0.000205208
12 1.17071 16.8973 0.000205157
13 1.17071 16.8973 0.0002051
14 1.17071 16.8973 0.000205028
15 1.17072 16.8973 0.00020495
16 1.17072 16.8973 0.000204868
17 1.17072 16.8973 0.000204819
18 1.17072 16.8973 0.000204774
19 1.17072 16.8973 0.000204758
20 1.17072 16.8973 0.000204735
21 1.17072 16.8973 0.00020473
22 1.17072 16.8973 0.000204713
23 1.17072 16.8973 0.000204711
24 1.17072 16.8973 0.000204694
25 1.17072 16.8973 0.000204703
26 1.17072 16.8973 0.000204688
27 1.17072 16.8973 0.000204711
28 1.17072 16.8973 0.000204713
29 1.17072 16.8973 0.000204761
30 1.17072 16.8973 0.000204781
31 1.17072 16.8973 0.000204851
32 1.17072 16.8973 0.00020488
33 1.17072 16.8973 0.000204959
34 1.17072 16.8973 0.000204984
35 1.17072 16.8973 0.000205054
36 1.17072 16.8973 0.000205065
37 1.17072 16.8973 0.000205106
38 1.17072 16.8973 0.000205109
39 1.17072 16.8973 0.000205126
40 1.17072 16.8973 0.000205122
41 1.17072 16.8973 0.000205132
42 1.17072 16.8973 0.000205129
43 1.17072 16.8973 0.000205129
44 1.17072 16.8973 0.00020513
45 1.17072 16.8973 0.000205124
46 1.17072 16.8973 0.000205124
47 1.17072 16.8973 0.00020512
48 1.17072 16.8973 0.000205116
49 1.17072 16.8973 0.000205116
50 1.17072 16.8973 0.000205117
51 1.17072 16.8973 0.000205109
52 1.17072 16.8973 0.000205111
53 1.17072 16.8973 0.000205112
54 1.17072 16.8973 0.000205109
55 1.17072 16.8973 0.000205109
56 1.17072 16.8973 0.000205107
57 1.17072 16.8973 0.000205109
58 1.17072 16.8973 0.000205112
59 1.17072 16.8973 0.000205114
60 1.17072 16.8973 0.000205115
61 1.17072 16.8973 0.000205116
62 1.17072 16.8973 0.000205121
63 1.17072 16.8973 0.00020512
64 1.17072 16.8973 0.000205126
65 1.17072 16.8973 0.000205127
66 1.17072 16.8973 0.000205134
67 1.17072 16.8973 0.000205135
68 1.17072 16.8973 0.000205142
69 1.17072 16.8973 0.000205143
70 1.17072 16.8973 0.000205152
71 1.17072 16.8973 0.000205147
72 1.17072 16.8973 0.000205159
73 1.17072 16.8973 0.000205157
74 1.17072 16.8973 0.000205167
75 1.17072 16.8973 0.000205167
76 1.17072 16.8973 0.000205175
77 1.17072 16.8973 0.000205175
78 1.17072 16.8973 0.000205185
79 1.17072 16.8973 0.000205186
80 1.17072 16.8973 0.000205192
81 1.17072 16.8973 0.000205193
82 1.17072 16.8973 0.000205198
83 1.17072 16.8973 0.000205198
84 1.17072 16.8973 0.000205205
85 1.17072 16.8973 0.000205208
86 1.17072 16.8973 0.000205213
87 1.17072 16.8973 0.000205216
88 1.17072 16.8973 0.00020522
89 1.17072 16.8973 0.000205221
90 1.17072 16.8973 0.000205228
91 1.17072 16.8973 0.000205232
92 1.17072 16.8973 0.000205236
93 1.17072 16.8973 0.00020524
94 1.17072 16.8973 0.000205242
95 1.17072 16.8973 0.000205246
96 1.17072 16.8973 0.000205248
97 1.17072 16.8973 0.000205251
98 1.17072 16.8973 0.000205258
99 1.17072 16.8973 0.00020526
min energy  # max energy
-28.8027 16.8973
