Initial energy of the MPS: 0.207053
# DMRG Sweep # Mid bond EE # Energy # Std #
0 0.00570132 -27.2503 5.1036
1 0.734115 -28.6361 0.00460238
2 0.716313 -28.6361 0.000330698
3 0.718455 -28.6361 0.000251653
Initial energy of the MPS: -0.503207
# DMRG Sweep # Mid bond EE # Energy # Std #
0 0.00824764 16.299 3.00563
1 0.952329 17.1944 0.015902
2 1.02462 17.1957 0.00205717
3 1.18521 17.1957 0.000438226
4 1.18952 17.1957 0.000339021
5 1.1906 17.1957 0.000325136
6 1.19078 17.1957 0.000332125
7 1.19104 17.1957 0.000335625
8 1.19107 17.1957 0.000339408
9 1.19113 17.1957 0.000341392
10 1.19114 17.1957 0.000343081
11 1.19115 17.1957 0.000344169
12 1.19116 17.1957 0.000345279
13 1.19116 17.1957 0.000346018
14 1.19117 17.1957 0.000346726
15 1.19117 17.1957 0.000347225
16 1.19117 17.1957 0.000347641
17 1.19117 17.1957 0.000347959
18 1.19117 17.1957 0.000348219
19 1.19117 17.1957 0.00034843
20 1.19117 17.1957 0.000348613
21 1.19118 17.1957 0.000348753
22 1.19118 17.1957 0.00034889
23 1.19118 17.1957 0.000348979
24 1.19118 17.1957 0.000349081
25 1.19118 17.1957 0.000349137
26 1.19118 17.1957 0.000349215
27 1.19118 17.1957 0.000349235
28 1.19118 17.1957 0.000349297
29 1.19118 17.1957 0.000349289
30 1.19118 17.1957 0.000349338
31 1.19118 17.1957 0.000349312
32 1.19118 17.1957 0.000349348
33 1.19118 17.1957 0.000349307
34 1.19118 17.1957 0.000349338
35 1.19118 17.1957 0.00034929
36 1.19118 17.1957 0.000349313
37 1.19118 17.1957 0.000349261
38 1.19118 17.1957 0.000349275
39 1.19118 17.1957 0.000349227
40 1.19118 17.1957 0.00034923
41 1.19118 17.1957 0.00034918
42 1.19118 17.1957 0.000349176
43 1.19118 17.1957 0.000349128
44 1.19118 17.1957 0.000349122
45 1.19118 17.1957 0.000349077
46 1.19118 17.1957 0.00034907
47 1.19118 17.1957 0.000349031
48 1.19118 17.1957 0.000349027
49 1.19118 17.1957 0.000348993
50 1.19118 17.1957 0.000348999
51 1.19118 17.1957 0.000348973
52 1.19118 17.1957 0.00034898
53 1.19118 17.1957 0.000348957
54 1.19118 17.1957 0.000348975
55 1.19118 17.1957 0.000348957
56 1.19118 17.1957 0.000348975
57 1.19118 17.1957 0.000348967
58 1.19118 17.1957 0.000348987
59 1.19118 17.1957 0.000348981
60 1.19118 17.1957 0.000349006
61 1.19118 17.1957 0.000349007
62 1.19118 17.1957 0.000349034
63 1.19118 17.1957 0.000349039
64 1.19118 17.1957 0.000349072
65 1.19118 17.1957 0.000349083
66 1.19118 17.1957 0.000349118
67 1.19118 17.1957 0.000349125
68 1.19118 17.1957 0.000349174
69 1.19118 17.1957 0.000349178
70 1.19118 17.1957 0.000349227
71 1.19118 17.1957 0.000349229
72 1.19118 17.1957 0.000349284
73 1.19118 17.1957 0.00034928
74 1.19118 17.1957 0.000349338
75 1.19118 17.1957 0.000349332
76 1.19118 17.1957 0.000349387
77 1.19118 17.1957 0.000349377
78 1.19118 17.1957 0.000349428
79 1.19118 17.1957 0.000349417
80 1.19118 17.1957 0.00034946
81 1.19118 17.1957 0.000349453
82 1.19118 17.1957 0.000349493
83 1.19118 17.1957 0.000349484
84 1.19118 17.1957 0.000349516
85 1.19118 17.1957 0.000349508
86 1.19118 17.1957 0.000349534
87 1.19118 17.1957 0.000349527
88 1.19118 17.1957 0.000349552
89 1.19118 17.1957 0.000349543
90 1.19118 17.1957 0.000349558
91 1.19118 17.1957 0.000349553
92 1.19118 17.1957 0.000349566
93 1.19118 17.1957 0.000349562
94 1.19118 17.1957 0.000349571
95 1.19118 17.1957 0.000349564
96 1.19118 17.1957 0.000349571
97 1.19118 17.1957 0.000349571
98 1.19118 17.1957 0.000349573
99 1.19118 17.1957 0.00034957
min energy  # max energy
-28.6361 17.1957
