Initial energy of the MPS: 0.172666
# DMRG Sweep # Mid bond EE # Energy # Std #
0 0.00496188 -27.3342 5.10738
1 0.53175 -28.7248 0.00194417
2 0.556701 -28.7248 0.000178718
Initial energy of the MPS: -0.283625
# DMRG Sweep # Mid bond EE # Energy # Std #
0 0.0272152 16.2806 3.00505
1 0.75151 17.1487 0.0153628
2 0.970809 17.1502 0.0025592
3 1.05723 17.1502 0.000856815
4 1.14517 17.1502 0.00033022
5 1.14558 17.1502 0.000289886
6 1.14568 17.1502 0.000282995
7 1.14569 17.1502 0.000281479
8 1.1457 17.1502 0.000280717
9 1.1457 17.1502 0.00028062
10 1.1457 17.1502 0.000280592
11 1.1457 17.1502 0.000280834
12 1.14571 17.1502 0.000280904
13 1.14571 17.1502 0.000281144
14 1.14571 17.1502 0.000281199
15 1.14571 17.1502 0.000281398
16 1.14571 17.1502 0.000281462
17 1.14571 17.1502 0.000281618
18 1.14571 17.1502 0.000281664
19 1.14571 17.1502 0.000281774
20 1.14571 17.1502 0.000281801
21 1.14571 17.1502 0.000281887
22 1.14571 17.1502 0.000281905
23 1.14571 17.1502 0.000281974
24 1.14571 17.1502 0.000281986
25 1.14571 17.1502 0.000282044
26 1.14571 17.1502 0.000282054
27 1.14571 17.1502 0.000282099
28 1.14571 17.1502 0.000282112
29 1.14571 17.1502 0.00028215
30 1.14571 17.1502 0.000282159
31 1.14571 17.1502 0.000282185
32 1.14571 17.1502 0.00028219
33 1.14571 17.1502 0.000282211
34 1.14571 17.1502 0.000282219
35 1.14571 17.1502 0.000282234
36 1.14571 17.1502 0.000282237
37 1.14571 17.1502 0.000282248
38 1.14571 17.1502 0.000282249
39 1.14571 17.1502 0.000282257
40 1.14571 17.1502 0.000282256
41 1.14571 17.1502 0.000282261
42 1.14571 17.1502 0.000282261
43 1.14571 17.1502 0.000282265
44 1.14571 17.1502 0.000282264
45 1.14571 17.1502 0.000282263
46 1.14571 17.1502 0.000282262
47 1.14571 17.1502 0.000282265
48 1.14571 17.1502 0.000282262
49 1.14571 17.1502 0.000282265
50 1.14571 17.1502 0.000282263
51 1.14571 17.1502 0.000282265
52 1.14571 17.1502 0.000282265
53 1.14571 17.1502 0.000282264
54 1.14571 17.1502 0.000282263
55 1.14571 17.1502 0.000282265
56 1.14571 17.1502 0.000282263
57 1.14571 17.1502 0.000282268
58 1.14571 17.1502 0.000282269
59 1.14571 17.1502 0.000282268
60 1.14571 17.1502 0.000282266
61 1.14571 17.1502 0.000282268
62 1.14571 17.1502 0.000282269
63 1.14571 17.1502 0.000282269
64 1.14571 17.1502 0.000282268
65 1.14571 17.1502 0.00028227
66 1.14571 17.1502 0.000282269
67 1.14571 17.1502 0.00028227
68 1.14571 17.1502 0.000282269
69 1.14571 17.1502 0.00028227
70 1.14571 17.1502 0.000282269
71 1.14571 17.1502 0.000282272
72 1.14571 17.1502 0.000282269
73 1.14571 17.1502 0.000282274
74 1.14571 17.1502 0.000282268
75 1.14571 17.1502 0.000282274
76 1.14571 17.1502 0.000282269
77 1.14571 17.1502 0.000282273
78 1.14571 17.1502 0.000282269
79 1.14571 17.1502 0.000282271
80 1.14571 17.1502 0.000282267
81 1.14571 17.1502 0.000282272
82 1.14571 17.1502 0.000282267
83 1.14571 17.1502 0.000282274
84 1.14571 17.1502 0.000282269
85 1.14571 17.1502 0.000282271
86 1.14571 17.1502 0.00028227
87 1.14571 17.1502 0.000282273
88 1.14571 17.1502 0.000282271
89 1.14571 17.1502 0.000282273
90 1.14571 17.1502 0.00028227
91 1.14571 17.1502 0.000282273
92 1.14571 17.1502 0.00028227
93 1.14571 17.1502 0.000282273
94 1.14571 17.1502 0.00028227
95 1.14571 17.1502 0.000282272
96 1.14571 17.1502 0.000282269
97 1.14571 17.1502 0.000282274
98 1.14571 17.1502 0.00028227
99 1.14571 17.1502 0.000282272
min energy  # max energy
-28.7248 17.1502
