Initial energy of the MPS: 0.0446596
# DMRG Sweep # Mid bond EE # Energy # Std #
0 0.00549378 -27.3111 5.12333
1 0.992544 -28.803 0.0128906
2 1.00825 -28.8033 0.000537923
3 1.02111 -28.8033 0.000328195
4 1.02112 -28.8033 0.000308011
5 1.02112 -28.8033 0.000298942
6 1.02112 -28.8033 0.000293547
7 1.02113 -28.8033 0.00029068
8 1.02113 -28.8033 0.000288877
9 1.02113 -28.8033 0.000287816
10 1.02113 -28.8033 0.000287065
11 1.02113 -28.8033 0.000286614
12 1.02113 -28.8033 0.000286256
13 1.02113 -28.8033 0.000286072
14 1.02113 -28.8033 0.000285881
15 1.02113 -28.8033 0.000285793
16 1.02113 -28.8033 0.000285694
17 1.02113 -28.8033 0.000285657
18 1.02113 -28.8033 0.000285591
19 1.02113 -28.8033 0.000285568
20 1.02113 -28.8033 0.000285511
21 1.02113 -28.8033 0.000285473
22 1.02113 -28.8033 0.000285396
23 1.02113 -28.8033 0.000285341
24 1.02113 -28.8033 0.000285264
25 1.02113 -28.8033 0.000285204
26 1.02113 -28.8033 0.000285114
27 1.02113 -28.8033 0.000285061
28 1.02113 -28.8033 0.00028499
29 1.02113 -28.8033 0.00028497
30 1.02113 -28.8033 0.000284922
31 1.02113 -28.8033 0.000284911
32 1.02113 -28.8033 0.000284886
33 1.02113 -28.8033 0.000284879
34 1.02113 -28.8033 0.00028486
35 1.02113 -28.8033 0.000284852
36 1.02113 -28.8033 0.000284837
37 1.02113 -28.8033 0.000284841
38 1.02113 -28.8033 0.000284822
39 1.02113 -28.8033 0.000284827
40 1.02113 -28.8033 0.000284819
41 1.02113 -28.8033 0.000284822
42 1.02113 -28.8033 0.000284812
43 1.02113 -28.8033 0.000284812
44 1.02113 -28.8033 0.000284812
45 1.02113 -28.8033 0.000284807
46 1.02113 -28.8033 0.000284798
47 1.02113 -28.8033 0.000284803
48 1.02113 -28.8033 0.000284792
49 1.02113 -28.8033 0.000284797
50 1.02113 -28.8033 0.000284794
51 1.02113 -28.8033 0.000284798
52 1.02113 -28.8033 0.000284795
53 1.02113 -28.8033 0.000284799
54 1.02113 -28.8033 0.000284792
55 1.02113 -28.8033 0.000284792
56 1.02113 -28.8033 0.000284792
57 1.02113 -28.8033 0.000284798
58 1.02113 -28.8033 0.000284797
59 1.02113 -28.8033 0.000284794
60 1.02113 -28.8033 0.000284801
61 1.02113 -28.8033 0.000284799
62 1.02113 -28.8033 0.000284805
63 1.02113 -28.8033 0.000284807
64 1.02113 -28.8033 0.000284814
65 1.02113 -28.8033 0.000284813
66 1.02113 -28.8033 0.00028482
67 1.02113 -28.8033 0.000284822
68 1.02113 -28.8033 0.00028483
69 1.02113 -28.8033 0.000284829
70 1.02113 -28.8033 0.000284838
71 1.02113 -28.8033 0.000284834
72 1.02113 -28.8033 0.000284844
73 1.02113 -28.8033 0.000284845
74 1.02113 -28.8033 0.000284856
75 1.02113 -28.8033 0.00028486
76 1.02113 -28.8033 0.000284859
77 1.02113 -28.8033 0.000284864
78 1.02113 -28.8033 0.00028487
79 1.02113 -28.8033 0.000284875
80 1.02113 -28.8033 0.000284879
81 1.02113 -28.8033 0.000284879
82 1.02113 -28.8033 0.000284886
83 1.02113 -28.8033 0.000284893
84 1.02113 -28.8033 0.000284898
85 1.02113 -28.8033 0.000284895
86 1.02113 -28.8033 0.000284896
87 1.02113 -28.8033 0.000284898
88 1.02113 -28.8033 0.000284904
89 1.02113 -28.8033 0.000284904
90 1.02113 -28.8033 0.00028491
91 1.02113 -28.8033 0.000284909
92 1.02113 -28.8033 0.000284918
93 1.02113 -28.8033 0.000284914
94 1.02113 -28.8033 0.000284921
95 1.02113 -28.8033 0.000284918
96 1.02113 -28.8033 0.000284921
97 1.02113 -28.8033 0.000284918
98 1.02113 -28.8033 0.000284921
99 1.02113 -28.8033 0.000284934
Initial energy of the MPS: -0.38211
# DMRG Sweep # Mid bond EE # Energy # Std #
0 0.0219189 17.3608 3.18049
1 0.00077185 18.3867 0.00536259
2 0.000554135 18.3868 1.28171e-05
min energy  # max energy
-28.8033 18.3868
