Initial energy of the MPS: 0.257794
# DMRG Sweep # Mid bond EE # Energy # Std #
0 0.00563192 -27.4197 5.12877
1 0.421675 -28.8473 0.00284106
2 0.42872 -28.8473 0.000175351
Initial energy of the MPS: -0.208161
# DMRG Sweep # Mid bond EE # Energy # Std #
0 0.0252069 16.6675 3.06657
1 0.738032 17.433 0.00755722
2 0.868902 17.4335 0.00360991
3 1.14937 17.4336 0.000692087
4 1.17549 17.4336 0.00037538
5 1.17605 17.4336 0.000346387
6 1.17612 17.4336 0.00033761
7 1.17614 17.4336 0.000333138
8 1.17615 17.4336 0.00033188
9 1.17615 17.4336 0.000330934
10 1.17616 17.4336 0.000330353
11 1.17616 17.4336 0.000329692
12 1.17616 17.4336 0.000328807
13 1.17616 17.4336 0.000328353
14 1.17617 17.4336 0.000328144
15 1.17617 17.4336 0.00032817
16 1.17617 17.4336 0.000328278
17 1.17617 17.4336 0.000328487
18 1.17617 17.4336 0.000328647
19 1.17617 17.4336 0.000328863
20 1.17617 17.4336 0.000328976
21 1.17617 17.4336 0.000329148
22 1.17617 17.4336 0.0003292
23 1.17617 17.4336 0.000329338
24 1.17617 17.4336 0.000329337
25 1.17617 17.4336 0.000329475
26 1.17617 17.4336 0.000329443
27 1.17617 17.4336 0.000329596
28 1.17617 17.4336 0.000329552
29 1.17617 17.4336 0.000329729
30 1.17617 17.4336 0.000329691
31 1.17617 17.4336 0.000329866
32 1.17617 17.4336 0.000329858
33 1.17617 17.4336 0.000330007
34 1.17617 17.4336 0.000330013
35 1.17617 17.4336 0.000330127
36 1.17617 17.4336 0.000330134
37 1.17617 17.4336 0.000330202
38 1.17617 17.4336 0.000330207
39 1.17617 17.4336 0.000330237
40 1.17617 17.4336 0.000330229
41 1.17617 17.4336 0.000330234
42 1.17617 17.4336 0.000330218
43 1.17617 17.4336 0.000330208
44 1.17617 17.4336 0.000330183
45 1.17617 17.4336 0.000330163
46 1.17617 17.4336 0.000330133
47 1.17617 17.4336 0.000330107
48 1.17617 17.4336 0.000330075
49 1.17617 17.4336 0.000330049
50 1.17617 17.4336 0.000330023
51 1.17617 17.4336 0.000329998
52 1.17617 17.4336 0.000329971
53 1.17617 17.4336 0.000329949
54 1.17617 17.4336 0.00032993
55 1.17617 17.4336 0.000329911
56 1.17617 17.4336 0.000329889
57 1.17617 17.4336 0.000329875
58 1.17617 17.4336 0.000329859
59 1.17617 17.4336 0.000329845
60 1.17617 17.4336 0.000329832
61 1.17617 17.4336 0.000329819
62 1.17617 17.4336 0.000329807
63 1.17617 17.4336 0.000329798
64 1.17617 17.4336 0.000329787
65 1.17617 17.4336 0.00032978
66 1.17617 17.4336 0.000329773
67 1.17617 17.4336 0.000329764
68 1.17617 17.4336 0.000329757
69 1.17617 17.4336 0.000329753
70 1.17617 17.4336 0.000329745
71 1.17617 17.4336 0.000329742
72 1.17617 17.4336 0.000329735
73 1.17617 17.4336 0.000329735
74 1.17617 17.4336 0.000329729
75 1.17617 17.4336 0.000329728
76 1.17617 17.4336 0.000329725
77 1.17617 17.4336 0.000329724
78 1.17617 17.4336 0.00032972
79 1.17617 17.4336 0.000329722
80 1.17617 17.4336 0.000329719
81 1.17617 17.4336 0.00032972
82 1.17617 17.4336 0.000329718
83 1.17617 17.4336 0.000329723
84 1.17617 17.4336 0.000329721
85 1.17617 17.4336 0.000329723
86 1.17617 17.4336 0.000329721
87 1.17617 17.4336 0.000329729
88 1.17617 17.4336 0.000329729
89 1.17617 17.4336 0.000329738
90 1.17617 17.4336 0.000329739
91 1.17617 17.4336 0.000329747
92 1.17617 17.4336 0.000329745
93 1.17617 17.4336 0.000329756
94 1.17617 17.4336 0.000329759
95 1.17617 17.4336 0.000329773
96 1.17617 17.4336 0.000329775
97 1.17617 17.4336 0.000329789
98 1.17617 17.4336 0.000329793
99 1.17617 17.4336 0.000329811
min energy  # max energy
-28.8473 17.4336
