Initial energy of the MPS: 0.274304
# DMRG Sweep # Mid bond EE # Energy # Std #
0 0.00450065 -27.3521 5.11586
1 0.551048 -28.7118 0.000485004
2 0.556245 -28.7118 8.93965e-05
Initial energy of the MPS: -0.209629
# DMRG Sweep # Mid bond EE # Energy # Std #
0 0.0270382 16.1886 2.99279
1 0.608541 17.1263 0.00925227
2 0.875833 17.1268 0.00246693
3 1.12755 17.1268 0.00119402
4 1.2126 17.1268 0.000456401
5 1.27042 17.1268 0.000275761
6 1.27064 17.1268 0.000262776
7 1.27069 17.1268 0.000260217
8 1.2707 17.1268 0.000260513
9 1.27071 17.1268 0.000260686
10 1.27071 17.1268 0.00026094
11 1.27071 17.1268 0.00026127
12 1.27071 17.1268 0.000261438
13 1.27072 17.1268 0.000261546
14 1.27072 17.1268 0.000261694
15 1.27072 17.1268 0.000261713
16 1.27072 17.1268 0.000261814
17 1.27072 17.1268 0.000261816
18 1.27072 17.1268 0.000261911
19 1.27072 17.1268 0.000261929
20 1.27072 17.1268 0.00026205
21 1.27072 17.1268 0.000262106
22 1.27072 17.1268 0.000262239
23 1.27072 17.1268 0.000262315
24 1.27072 17.1268 0.000262424
25 1.27072 17.1268 0.000262494
26 1.27072 17.1268 0.000262567
27 1.27072 17.1268 0.000262626
28 1.27072 17.1268 0.000262688
29 1.27072 17.1268 0.000262733
30 1.27072 17.1268 0.000262782
31 1.27072 17.1268 0.000262819
32 1.27072 17.1268 0.000262853
33 1.27072 17.1268 0.000262892
34 1.27072 17.1268 0.000262923
35 1.27072 17.1268 0.000262957
36 1.27072 17.1268 0.000262983
37 1.27072 17.1268 0.000263022
38 1.27072 17.1268 0.000263049
39 1.27072 17.1268 0.000263087
40 1.27072 17.1268 0.000263118
41 1.27072 17.1268 0.000263155
42 1.27072 17.1268 0.00026319
43 1.27072 17.1268 0.000263235
44 1.27072 17.1268 0.000263273
45 1.27072 17.1268 0.000263322
46 1.27072 17.1268 0.000263365
47 1.27072 17.1268 0.000263412
48 1.27072 17.1268 0.000263451
49 1.27072 17.1268 0.000263494
50 1.27072 17.1268 0.000263534
51 1.27072 17.1268 0.000263562
52 1.27072 17.1268 0.00026359
53 1.27072 17.1268 0.00026361
54 1.27072 17.1268 0.000263628
55 1.27072 17.1268 0.000263633
56 1.27072 17.1268 0.000263643
57 1.27072 17.1268 0.000263641
58 1.27072 17.1268 0.00026365
59 1.27072 17.1268 0.000263639
60 1.27072 17.1268 0.000263641
61 1.27072 17.1268 0.000263631
62 1.27072 17.1268 0.000263632
63 1.27072 17.1268 0.000263621
64 1.27072 17.1268 0.000263619
65 1.27072 17.1268 0.000263608
66 1.27072 17.1268 0.000263608
67 1.27072 17.1268 0.000263596
68 1.27072 17.1268 0.000263595
69 1.27072 17.1268 0.000263587
70 1.27072 17.1268 0.000263585
71 1.27072 17.1268 0.000263577
72 1.27072 17.1268 0.000263578
73 1.27072 17.1268 0.000263575
74 1.27072 17.1268 0.000263574
75 1.27072 17.1268 0.000263568
76 1.27072 17.1268 0.000263564
77 1.27072 17.1268 0.000263562
78 1.27072 17.1268 0.000263559
79 1.27072 17.1268 0.000263558
80 1.27072 17.1268 0.000263555
81 1.27072 17.1268 0.000263556
82 1.27072 17.1268 0.000263551
83 1.27072 17.1268 0.000263554
84 1.27072 17.1268 0.000263553
85 1.27072 17.1268 0.00026355
86 1.27072 17.1268 0.000263548
87 1.27072 17.1268 0.000263546
88 1.27072 17.1268 0.000263542
89 1.27072 17.1268 0.000263544
90 1.27072 17.1268 0.000263545
91 1.27072 17.1268 0.00026354
92 1.27072 17.1268 0.000263542
93 1.27072 17.1268 0.000263539
94 1.27072 17.1268 0.000263538
95 1.27072 17.1268 0.000263539
96 1.27072 17.1268 0.000263536
97 1.27072 17.1268 0.000263539
98 1.27072 17.1268 0.000263538
99 1.27072 17.1268 0.000263538
min energy  # max energy
-28.7118 17.1268
