Initial energy of the MPS: 0.442717
# DMRG Sweep # Mid bond EE # Energy # Std #
0 0.00572029 -27.0088 5.05667
1 0.682564 -28.6249 0.012084
2 0.782129 -28.6252 0.000571202
3 0.795613 -28.6252 0.000337213
4 0.795719 -28.6252 0.000312638
5 0.795721 -28.6252 0.00030213
6 0.795723 -28.6252 0.00029596
7 0.795723 -28.6252 0.000292566
8 0.795723 -28.6252 0.000290473
9 0.795723 -28.6252 0.000289218
10 0.795723 -28.6252 0.000288351
11 0.795724 -28.6252 0.00028776
12 0.795724 -28.6252 0.000287305
13 0.795724 -28.6252 0.000286994
14 0.795724 -28.6252 0.000286679
15 0.795724 -28.6252 0.000286483
16 0.795724 -28.6252 0.000286213
17 0.795724 -28.6252 0.000286058
18 0.795724 -28.6252 0.000285841
19 0.795724 -28.6252 0.000285726
20 0.795724 -28.6252 0.000285575
21 0.795724 -28.6252 0.000285488
22 0.795724 -28.6252 0.000285399
23 0.795724 -28.6252 0.000285338
24 0.795724 -28.6252 0.000285286
25 0.795724 -28.6252 0.000285263
26 0.795724 -28.6252 0.000285215
27 0.795724 -28.6252 0.000285212
28 0.795724 -28.6252 0.000285183
29 0.795724 -28.6252 0.00028519
30 0.795724 -28.6252 0.000285156
31 0.795724 -28.6252 0.000285152
32 0.795724 -28.6252 0.000285127
33 0.795724 -28.6252 0.000285128
34 0.795724 -28.6252 0.0002851
35 0.795724 -28.6252 0.000285097
36 0.795724 -28.6252 0.000285072
37 0.795724 -28.6252 0.000285075
38 0.795724 -28.6252 0.000285061
39 0.795724 -28.6252 0.000285042
40 0.795724 -28.6252 0.000285005
41 0.795724 -28.6252 0.000284974
42 0.795724 -28.6252 0.000284937
43 0.795724 -28.6252 0.000284878
44 0.795724 -28.6252 0.000284829
45 0.795724 -28.6252 0.000284759
46 0.795724 -28.6252 0.000284718
47 0.795724 -28.6252 0.000284678
48 0.795724 -28.6252 0.000284657
49 0.795724 -28.6252 0.000284647
50 0.795724 -28.6252 0.000284628
51 0.795724 -28.6252 0.00028463
52 0.795724 -28.6252 0.000284625
53 0.795724 -28.6252 0.000284628
54 0.795724 -28.6252 0.000284626
55 0.795724 -28.6252 0.000284621
56 0.795724 -28.6252 0.000284623
57 0.795724 -28.6252 0.000284627
58 0.795724 -28.6252 0.000284627
59 0.795724 -28.6252 0.000284624
60 0.795724 -28.6252 0.000284625
61 0.795724 -28.6252 0.000284617
62 0.795724 -28.6252 0.000284622
63 0.795724 -28.6252 0.000284622
64 0.795724 -28.6252 0.000284617
65 0.795724 -28.6252 0.000284622
66 0.795724 -28.6252 0.000284613
67 0.795724 -28.6252 0.00028461
68 0.795724 -28.6252 0.000284607
69 0.795724 -28.6252 0.000284607
70 0.795724 -28.6252 0.000284599
71 0.795724 -28.6252 0.000284594
72 0.795724 -28.6252 0.000284599
73 0.795724 -28.6252 0.000284601
74 0.795724 -28.6252 0.000284596
75 0.795724 -28.6252 0.000284587
76 0.795724 -28.6252 0.000284582
77 0.795724 -28.6252 0.000284586
78 0.795724 -28.6252 0.000284581
79 0.795724 -28.6252 0.000284575
80 0.795724 -28.6252 0.000284582
81 0.795724 -28.6252 0.000284571
82 0.795724 -28.6252 0.000284565
83 0.795724 -28.6252 0.000284568
84 0.795724 -28.6252 0.000284563
85 0.795724 -28.6252 0.00028456
86 0.795724 -28.6252 0.000284559
87 0.795724 -28.6252 0.000284562
88 0.795724 -28.6252 0.000284563
89 0.795724 -28.6252 0.000284573
90 0.795724 -28.6252 0.000284565
91 0.795724 -28.6252 0.000284568
92 0.795724 -28.6252 0.000284569
93 0.795724 -28.6252 0.000284571
94 0.795724 -28.6252 0.000284573
95 0.795724 -28.6252 0.000284571
96 0.795724 -28.6252 0.000284579
97 0.795724 -28.6252 0.000284574
98 0.795724 -28.6252 0.000284584
99 0.795724 -28.6252 0.000284583
Initial energy of the MPS: -0.243651
# DMRG Sweep # Mid bond EE # Energy # Std #
0 0.0128154 15.9688 2.94938
1 0.797486 16.7844 0.0164564
2 1.06799 16.7857 0.00311776
3 1.07303 16.7858 0.00155825
4 1.33906 16.7859 0.000323446
5 1.34302 16.7859 0.000219617
6 1.34314 16.7859 0.000204312
7 1.34315 16.7859 0.000200068
8 1.34316 16.7859 0.000198534
9 1.34316 16.7859 0.000197974
10 1.34316 16.7859 0.000197682
11 1.34316 16.7859 0.000197492
12 1.34316 16.7859 0.000197324
13 1.34316 16.7859 0.000197182
14 1.34316 16.7859 0.000197078
15 1.34316 16.7859 0.000197027
16 1.34316 16.7859 0.000197026
17 1.34316 16.7859 0.000197039
18 1.34316 16.7859 0.000197073
19 1.34316 16.7859 0.000197081
20 1.34316 16.7859 0.000197103
21 1.34316 16.7859 0.000197107
22 1.34316 16.7859 0.000197118
23 1.34316 16.7859 0.000197131
24 1.34316 16.7859 0.000197148
25 1.34316 16.7859 0.000197168
26 1.34316 16.7859 0.000197193
27 1.34316 16.7859 0.000197217
28 1.34316 16.7859 0.000197238
29 1.34316 16.7859 0.000197256
30 1.34316 16.7859 0.000197264
31 1.34316 16.7859 0.000197279
32 1.34316 16.7859 0.00019727
33 1.34316 16.7859 0.000197262
34 1.34316 16.7859 0.000197234
35 1.34316 16.7859 0.000197195
36 1.34316 16.7859 0.000197147
37 1.34316 16.7859 0.000197102
38 1.34316 16.7859 0.000197052
39 1.34316 16.7859 0.000197016
40 1.34316 16.7859 0.000196976
41 1.34316 16.7859 0.000196955
42 1.34316 16.7859 0.000196926
43 1.34316 16.7859 0.000196912
44 1.34316 16.7859 0.000196891
45 1.34316 16.7859 0.000196883
46 1.34316 16.7859 0.000196871
47 1.34316 16.7859 0.000196869
48 1.34316 16.7859 0.000196861
49 1.34316 16.7859 0.000196864
50 1.34316 16.7859 0.000196855
51 1.34316 16.7859 0.000196857
52 1.34316 16.7859 0.000196853
53 1.34316 16.7859 0.000196856
54 1.34316 16.7859 0.000196858
55 1.34316 16.7859 0.000196858
56 1.34316 16.7859 0.000196854
57 1.34316 16.7859 0.000196862
58 1.34316 16.7859 0.00019686
59 1.34316 16.7859 0.000196863
60 1.34316 16.7859 0.000196861
61 1.34316 16.7859 0.000196866
62 1.34316 16.7859 0.000196865
63 1.34316 16.7859 0.000196867
64 1.34316 16.7859 0.000196866
65 1.34316 16.7859 0.000196871
66 1.34316 16.7859 0.000196871
67 1.34316 16.7859 0.000196872
68 1.34316 16.7859 0.00019687
69 1.34316 16.7859 0.000196877
70 1.34316 16.7859 0.000196876
71 1.34316 16.7859 0.000196883
72 1.34316 16.7859 0.000196876
73 1.34316 16.7859 0.000196882
74 1.34316 16.7859 0.000196879
75 1.34316 16.7859 0.000196881
76 1.34316 16.7859 0.00019688
77 1.34316 16.7859 0.000196882
78 1.34316 16.7859 0.000196883
79 1.34316 16.7859 0.000196883
80 1.34316 16.7859 0.000196885
81 1.34316 16.7859 0.000196891
82 1.34316 16.7859 0.000196888
83 1.34316 16.7859 0.000196887
84 1.34316 16.7859 0.000196885
85 1.34316 16.7859 0.000196891
86 1.34316 16.7859 0.000196885
87 1.34316 16.7859 0.000196893
88 1.34316 16.7859 0.000196888
89 1.34316 16.7859 0.000196891
90 1.34316 16.7859 0.000196892
91 1.34316 16.7859 0.000196894
92 1.34316 16.7859 0.00019689
93 1.34316 16.7859 0.000196893
94 1.34316 16.7859 0.000196892
95 1.34316 16.7859 0.000196892
96 1.34316 16.7859 0.000196893
97 1.34316 16.7859 0.000196896
98 1.34316 16.7859 0.000196892
99 1.34316 16.7859 0.000196896
min energy  # max energy
-28.6252 16.7859
