Initial energy of the MPS: 0.368633
# DMRG Sweep # Mid bond EE # Energy # Std #
0 0.00574462 -26.9463 5.05414
1 0.686939 -28.5405 0.0037281
2 0.736363 -28.5405 0.000431025
3 0.738904 -28.5405 0.000325826
4 0.738921 -28.5405 0.000304796
5 0.738923 -28.5405 0.000291699
6 0.738923 -28.5405 0.000285284
7 0.738923 -28.5405 0.000282047
8 0.738923 -28.5405 0.000280368
9 0.738923 -28.5405 0.000279232
Initial energy of the MPS: -0.187272
# DMRG Sweep # Mid bond EE # Energy # Std #
0 0.0285518 16.3411 3.00314
1 0.485496 17.1048 0.00514059
2 0.728293 17.1052 0.0019647
3 0.881291 17.1052 0.000760079
4 0.976028 17.1053 0.000632883
5 1.02912 17.1053 0.000566752
6 1.12494 17.1053 0.000537011
7 1.1653 17.1053 0.000440907
8 1.17228 17.1053 0.000427792
9 1.17318 17.1053 0.000422254
10 1.17327 17.1053 0.000421
11 1.17328 17.1053 0.000420159
12 1.17329 17.1053 0.000419952
13 1.17329 17.1053 0.000419696
14 1.17329 17.1053 0.000419663
15 1.17329 17.1053 0.000419633
16 1.17329 17.1053 0.000419699
17 1.17329 17.1053 0.000419804
18 1.17329 17.1053 0.000419954
19 1.17329 17.1053 0.000420089
20 1.17329 17.1053 0.000420296
21 1.1733 17.1053 0.000420441
22 1.1733 17.1053 0.000420699
23 1.1733 17.1053 0.000420875
24 1.1733 17.1053 0.000421155
25 1.1733 17.1053 0.000421359
26 1.1733 17.1053 0.000421612
27 1.1733 17.1053 0.000421825
28 1.1733 17.1053 0.000422016
29 1.1733 17.1053 0.000422217
30 1.1733 17.1053 0.000422337
31 1.1733 17.1053 0.000422501
32 1.1733 17.1053 0.000422561
33 1.1733 17.1053 0.000422675
34 1.1733 17.1053 0.000422714
35 1.1733 17.1053 0.000422787
36 1.1733 17.1053 0.000422825
37 1.1733 17.1053 0.000422871
38 1.1733 17.1053 0.000422907
39 1.1733 17.1053 0.000422942
40 1.1733 17.1053 0.000422973
41 1.1733 17.1053 0.000422998
42 1.1733 17.1053 0.000423023
43 1.1733 17.1053 0.00042304
44 1.1733 17.1053 0.000423056
45 1.1733 17.1053 0.000423073
46 1.1733 17.1053 0.000423087
47 1.1733 17.1053 0.000423098
48 1.1733 17.1053 0.000423108
49 1.1733 17.1053 0.000423115
50 1.1733 17.1053 0.000423122
51 1.1733 17.1053 0.000423131
52 1.1733 17.1053 0.000423134
53 1.1733 17.1053 0.000423139
54 1.1733 17.1053 0.000423143
55 1.1733 17.1053 0.000423148
56 1.1733 17.1053 0.000423149
57 1.1733 17.1053 0.000423153
58 1.1733 17.1053 0.000423155
59 1.1733 17.1053 0.000423159
60 1.1733 17.1053 0.000423161
61 1.1733 17.1053 0.000423163
62 1.1733 17.1053 0.000423167
63 1.1733 17.1053 0.000423171
64 1.1733 17.1053 0.000423174
65 1.1733 17.1053 0.00042318
66 1.1733 17.1053 0.000423182
67 1.1733 17.1053 0.000423189
68 1.1733 17.1053 0.000423193
69 1.1733 17.1053 0.0004232
70 1.1733 17.1053 0.000423208
71 1.1733 17.1053 0.00042322
72 1.1733 17.1053 0.000423224
73 1.1733 17.1053 0.000423241
74 1.1733 17.1053 0.000423246
75 1.1733 17.1053 0.000423266
76 1.1733 17.1053 0.000423273
77 1.1733 17.1053 0.000423293
78 1.1733 17.1053 0.000423303
79 1.1733 17.1053 0.000423327
80 1.1733 17.1053 0.000423337
81 1.1733 17.1053 0.000423363
82 1.1733 17.1053 0.000423376
83 1.1733 17.1053 0.000423403
84 1.1733 17.1053 0.000423415
85 1.1733 17.1053 0.000423446
86 1.1733 17.1053 0.000423462
87 1.1733 17.1053 0.000423493
88 1.1733 17.1053 0.000423509
89 1.1733 17.1053 0.000423538
90 1.1733 17.1053 0.000423558
91 1.1733 17.1053 0.000423592
92 1.1733 17.1053 0.000423614
93 1.1733 17.1053 0.000423644
94 1.1733 17.1053 0.000423667
95 1.1733 17.1053 0.000423701
96 1.1733 17.1053 0.000423727
97 1.1733 17.1053 0.000423763
98 1.1733 17.1053 0.000423789
99 1.1733 17.1053 0.000423825
min energy  # max energy
-28.5405 17.1053
