Initial energy of the MPS: 0.287263
# DMRG Sweep # Mid bond EE # Energy # Std #
0 0.00536238 -27.1628 5.08324
1 0.575654 -28.6835 0.0029103
2 0.604172 -28.6835 0.000303419
3 0.605492 -28.6835 0.000231226
Initial energy of the MPS: -0.0626715
# DMRG Sweep # Mid bond EE # Energy # Std #
0 0.0273591 16.3413 3.01116
1 0.814186 17.0999 0.0144816
2 0.977171 17.1008 0.00314793
3 1.17138 17.1009 0.000498593
4 1.19367 17.1009 0.000348357
5 1.19386 17.1009 0.000327346
6 1.1939 17.1009 0.000321493
7 1.19391 17.1009 0.000319951
8 1.19392 17.1009 0.000319327
9 1.19392 17.1009 0.000319258
10 1.19392 17.1009 0.000319392
11 1.19393 17.1009 0.000319568
12 1.19393 17.1009 0.000319797
13 1.19393 17.1009 0.000319981
14 1.19393 17.1009 0.000320134
15 1.19393 17.1009 0.00032025
16 1.19393 17.1009 0.000320304
17 1.19393 17.1009 0.000320365
18 1.19393 17.1009 0.000320378
19 1.19393 17.1009 0.000320426
20 1.19393 17.1009 0.000320431
21 1.19393 17.1009 0.000320473
22 1.19393 17.1009 0.000320482
23 1.19393 17.1009 0.000320524
24 1.19393 17.1009 0.000320534
25 1.19393 17.1009 0.00032058
26 1.19393 17.1009 0.000320596
27 1.19393 17.1009 0.000320644
28 1.19393 17.1009 0.000320666
29 1.19393 17.1009 0.000320715
30 1.19393 17.1009 0.000320739
31 1.19393 17.1009 0.000320787
32 1.19393 17.1009 0.000320812
33 1.19393 17.1009 0.00032086
34 1.19393 17.1009 0.000320883
35 1.19393 17.1009 0.000320924
36 1.19393 17.1009 0.000320948
37 1.19393 17.1009 0.000320985
38 1.19393 17.1009 0.000321008
39 1.19393 17.1009 0.000321039
40 1.19393 17.1009 0.00032106
41 1.19393 17.1009 0.000321087
42 1.19393 17.1009 0.000321103
43 1.19393 17.1009 0.000321126
44 1.19393 17.1009 0.00032114
45 1.19393 17.1009 0.000321161
46 1.19393 17.1009 0.000321171
47 1.19393 17.1009 0.000321192
48 1.19393 17.1009 0.0003212
49 1.19393 17.1009 0.000321217
50 1.19393 17.1009 0.000321224
51 1.19393 17.1009 0.00032124
52 1.19393 17.1009 0.000321247
53 1.19393 17.1009 0.000321261
54 1.19393 17.1009 0.000321268
55 1.19393 17.1009 0.00032128
56 1.19393 17.1009 0.000321284
57 1.19393 17.1009 0.000321298
58 1.19393 17.1009 0.000321303
59 1.19393 17.1009 0.000321315
60 1.19393 17.1009 0.000321319
61 1.19393 17.1009 0.000321329
62 1.19393 17.1009 0.000321335
63 1.19393 17.1009 0.000321344
64 1.19393 17.1009 0.000321349
65 1.19393 17.1009 0.000321357
66 1.19393 17.1009 0.000321363
67 1.19393 17.1009 0.000321373
68 1.19393 17.1009 0.000321375
69 1.19393 17.1009 0.000321382
70 1.19393 17.1009 0.00032139
71 1.19393 17.1009 0.000321399
72 1.19393 17.1009 0.000321399
73 1.19393 17.1009 0.00032141
74 1.19393 17.1009 0.000321412
75 1.19393 17.1009 0.00032142
76 1.19393 17.1009 0.000321425
77 1.19393 17.1009 0.000321433
78 1.19393 17.1009 0.000321434
79 1.19393 17.1009 0.000321441
80 1.19393 17.1009 0.000321447
81 1.19393 17.1009 0.000321455
82 1.19393 17.1009 0.000321458
83 1.19393 17.1009 0.000321465
84 1.19393 17.1009 0.000321468
85 1.19393 17.1009 0.000321475
86 1.19393 17.1009 0.000321479
87 1.19393 17.1009 0.000321483
88 1.19393 17.1009 0.000321488
89 1.19393 17.1009 0.000321493
90 1.19393 17.1009 0.000321497
91 1.19393 17.1009 0.000321503
92 1.19393 17.1009 0.000321504
93 1.19393 17.1009 0.000321509
94 1.19393 17.1009 0.000321512
95 1.19393 17.1009 0.000321519
96 1.19393 17.1009 0.000321521
97 1.19393 17.1009 0.000321529
98 1.19393 17.1009 0.000321528
99 1.19393 17.1009 0.000321534
min energy  # max energy
-28.6835 17.1009
