Initial energy of the MPS: 0.116849
# DMRG Sweep # Mid bond EE # Energy # Std #
0 0.00505931 -27.6513 5.16414
1 0.63566 -29.1274 0.00147997
2 0.639411 -29.1274 0.000109534
Initial energy of the MPS: -0.319046
# DMRG Sweep # Mid bond EE # Energy # Std #
0 0.0273778 16.0341 2.95905
1 0.76284 16.8644 0.0138484
2 1.09393 16.8659 0.00239734
3 1.2799 16.8659 0.000405017
4 1.2877 16.8659 0.000210587
5 1.28784 16.8659 0.000178663
6 1.28791 16.8659 0.000171516
7 1.28791 16.8659 0.000168759
8 1.28792 16.8659 0.000168114
9 1.28792 16.8659 0.000167858
10 1.28792 16.8659 0.000167662
11 1.28792 16.8659 0.000167562
12 1.28792 16.8659 0.000167378
13 1.28792 16.8659 0.000167317
14 1.28792 16.8659 0.000167153
15 1.28792 16.8659 0.000167118
16 1.28792 16.8659 0.000167003
17 1.28792 16.8659 0.00016699
18 1.28792 16.8659 0.000166911
19 1.28792 16.8659 0.000166913
20 1.28792 16.8659 0.000166858
21 1.28792 16.8659 0.000166866
22 1.28792 16.8659 0.000166821
23 1.28792 16.8659 0.000166825
24 1.28792 16.8659 0.000166792
25 1.28792 16.8659 0.000166789
26 1.28792 16.8659 0.000166753
27 1.28792 16.8659 0.000166759
28 1.28792 16.8659 0.000166738
29 1.28792 16.8659 0.000166738
30 1.28792 16.8659 0.000166723
31 1.28792 16.8659 0.000166728
32 1.28792 16.8659 0.000166721
33 1.28792 16.8659 0.000166725
34 1.28792 16.8659 0.000166721
35 1.28792 16.8659 0.000166732
36 1.28792 16.8659 0.000166727
37 1.28792 16.8659 0.000166744
38 1.28792 16.8659 0.000166737
39 1.28792 16.8659 0.000166752
40 1.28792 16.8659 0.000166747
41 1.28792 16.8659 0.000166762
42 1.28792 16.8659 0.000166758
43 1.28792 16.8659 0.000166769
44 1.28792 16.8659 0.000166766
45 1.28792 16.8659 0.000166777
46 1.28792 16.8659 0.000166773
47 1.28792 16.8659 0.00016679
48 1.28792 16.8659 0.000166787
49 1.28792 16.8659 0.000166795
50 1.28792 16.8659 0.000166792
51 1.28792 16.8659 0.000166796
52 1.28792 16.8659 0.000166797
53 1.28792 16.8659 0.000166804
54 1.28792 16.8659 0.000166802
55 1.28792 16.8659 0.000166808
56 1.28792 16.8659 0.000166808
57 1.28792 16.8659 0.000166809
58 1.28792 16.8659 0.000166807
59 1.28792 16.8659 0.000166814
60 1.28792 16.8659 0.000166808
61 1.28792 16.8659 0.000166816
62 1.28792 16.8659 0.000166808
63 1.28792 16.8659 0.000166817
64 1.28792 16.8659 0.000166813
65 1.28792 16.8659 0.00016682
66 1.28792 16.8659 0.000166814
67 1.28792 16.8659 0.000166822
68 1.28792 16.8659 0.000166814
69 1.28792 16.8659 0.000166823
70 1.28792 16.8659 0.000166813
71 1.28792 16.8659 0.000166823
72 1.28792 16.8659 0.000166818
73 1.28792 16.8659 0.000166826
74 1.28792 16.8659 0.000166821
75 1.28792 16.8659 0.000166825
76 1.28792 16.8659 0.000166826
77 1.28792 16.8659 0.000166827
78 1.28792 16.8659 0.000166828
79 1.28792 16.8659 0.000166831
80 1.28792 16.8659 0.000166828
81 1.28792 16.8659 0.000166833
82 1.28792 16.8659 0.000166833
83 1.28792 16.8659 0.000166837
84 1.28792 16.8659 0.000166831
85 1.28792 16.8659 0.000166843
86 1.28792 16.8659 0.000166835
87 1.28792 16.8659 0.000166845
88 1.28792 16.8659 0.000166839
89 1.28792 16.8659 0.000166848
90 1.28792 16.8659 0.000166847
91 1.28792 16.8659 0.000166849
92 1.28792 16.8659 0.000166846
93 1.28792 16.8659 0.000166853
94 1.28792 16.8659 0.000166849
95 1.28792 16.8659 0.000166855
96 1.28792 16.8659 0.000166856
97 1.28792 16.8659 0.000166859
98 1.28792 16.8659 0.000166857
99 1.28792 16.8659 0.000166865
min energy  # max energy
-29.1274 16.8659
