Initial energy of the MPS: 0.160137
# DMRG Sweep # Mid bond EE # Energy # Std #
0 0.00485488 -27.325 5.11126
1 0.407707 -28.77 0.00707026
2 0.468523 -28.7704 0.00113123
3 0.480068 -28.7704 0.000170168
Initial energy of the MPS: -0.128854
# DMRG Sweep # Mid bond EE # Energy # Std #
0 0.020076 16.2692 2.99915
1 0.860336 17.1926 0.0137398
2 1.10178 17.194 0.00330956
3 1.27966 17.1941 0.00107908
4 1.29471 17.1941 0.000666585
5 1.29985 17.1941 0.000597095
6 1.30007 17.1941 0.000576025
7 1.30028 17.1941 0.000571325
8 1.30031 17.1941 0.00056937
9 1.30034 17.1941 0.000569289
10 1.30035 17.1941 0.00056975
11 1.30036 17.1941 0.000570039
12 1.30037 17.1941 0.000570695
13 1.30037 17.1941 0.000570894
14 1.30037 17.1941 0.000571318
15 1.30038 17.1941 0.000571481
16 1.30038 17.1941 0.000571763
17 1.30038 17.1941 0.000571948
18 1.30038 17.1941 0.00057215
19 1.30038 17.1941 0.000572333
20 1.30038 17.1941 0.000572479
21 1.30038 17.1941 0.000572641
22 1.30038 17.1941 0.000572742
23 1.30038 17.1941 0.000572868
24 1.30038 17.1941 0.000572922
25 1.30038 17.1941 0.000573005
26 1.30038 17.1941 0.000573014
27 1.30038 17.1941 0.000573064
28 1.30038 17.1941 0.000573041
29 1.30038 17.1941 0.000573067
30 1.30038 17.1941 0.000573033
31 1.30038 17.1941 0.000573047
32 1.30038 17.1941 0.000573016
33 1.30038 17.1941 0.00057302
34 1.30038 17.1941 0.000572996
35 1.30038 17.1941 0.000573001
36 1.30038 17.1941 0.000572986
37 1.30038 17.1941 0.000572989
38 1.30038 17.1941 0.000572983
39 1.30038 17.1941 0.000572987
40 1.30038 17.1941 0.00057299
41 1.30038 17.1941 0.000572992
42 1.30038 17.1941 0.000573001
43 1.30038 17.1941 0.000573005
44 1.30038 17.1941 0.000573017
45 1.30038 17.1941 0.000573025
46 1.30038 17.1941 0.000573038
47 1.30038 17.1941 0.000573044
48 1.30038 17.1941 0.000573063
49 1.30038 17.1941 0.000573069
50 1.30038 17.1941 0.000573088
51 1.30038 17.1941 0.000573096
52 1.30038 17.1941 0.000573118
53 1.30038 17.1941 0.000573127
54 1.30038 17.1941 0.000573152
55 1.30038 17.1941 0.000573159
56 1.30038 17.1941 0.000573184
57 1.30038 17.1941 0.000573193
58 1.30038 17.1941 0.00057322
59 1.30038 17.1941 0.000573231
60 1.30038 17.1941 0.000573261
61 1.30038 17.1941 0.00057327
62 1.30038 17.1941 0.000573304
63 1.30038 17.1941 0.000573313
64 1.30038 17.1941 0.00057335
65 1.30038 17.1941 0.000573361
66 1.30038 17.1941 0.0005734
67 1.30038 17.1941 0.000573411
68 1.30038 17.1941 0.000573452
69 1.30038 17.1941 0.000573466
70 1.30038 17.1941 0.00057351
71 1.30038 17.1941 0.000573523
72 1.30038 17.1941 0.00057357
73 1.30038 17.1941 0.000573584
74 1.30038 17.1941 0.000573635
75 1.30038 17.1941 0.000573647
76 1.30038 17.1941 0.0005737
77 1.30038 17.1941 0.000573716
78 1.30038 17.1941 0.00057377
79 1.30038 17.1941 0.000573784
80 1.30038 17.1941 0.000573838
81 1.30038 17.1941 0.000573853
82 1.30038 17.1941 0.000573908
83 1.30038 17.1941 0.000573922
84 1.30038 17.1941 0.000573975
85 1.30038 17.1941 0.000573989
86 1.30038 17.1941 0.000574038
87 1.30038 17.1941 0.000574052
88 1.30038 17.1941 0.000574098
89 1.30038 17.1941 0.000574112
90 1.30038 17.1941 0.000574152
91 1.30038 17.1941 0.000574166
92 1.30038 17.1941 0.000574202
93 1.30038 17.1941 0.000574214
94 1.30038 17.1941 0.000574245
95 1.30038 17.1941 0.000574257
96 1.30038 17.1941 0.000574283
97 1.30038 17.1941 0.000574295
98 1.30038 17.1941 0.000574315
99 1.30038 17.1941 0.000574327
min energy  # max energy
-28.7704 17.1941
