Initial energy of the MPS: 0.328884
# DMRG Sweep # Mid bond EE # Energy # Std #
0 0.00571628 -27.2065 5.09075
1 0.71124 -28.5631 0.00164488
2 0.70115 -28.5631 9.26384e-05
Initial energy of the MPS: -0.186452
# DMRG Sweep # Mid bond EE # Energy # Std #
0 0.0115916 16.2923 3.0069
1 0.890881 17.0969 0.0117079
2 1.08628 17.0978 0.0020695
3 1.17898 17.0979 0.000559908
4 1.19855 17.0979 0.000322957
5 1.20075 17.0979 0.000283364
6 1.20089 17.0979 0.000278932
7 1.20094 17.0979 0.000278179
8 1.20095 17.0979 0.000277686
9 1.20096 17.0979 0.000277607
10 1.20096 17.0979 0.000277379
11 1.20096 17.0979 0.000277491
12 1.20097 17.0979 0.000277499
13 1.20097 17.0979 0.000277751
14 1.20097 17.0979 0.000277917
15 1.20097 17.0979 0.00027819
16 1.20097 17.0979 0.000278342
17 1.20097 17.0979 0.000278536
18 1.20097 17.0979 0.000278629
19 1.20097 17.0979 0.000278777
20 1.20097 17.0979 0.000278824
21 1.20097 17.0979 0.00027894
22 1.20097 17.0979 0.000278943
23 1.20097 17.0979 0.000279026
24 1.20097 17.0979 0.000278989
25 1.20097 17.0979 0.00027906
26 1.20097 17.0979 0.000279005
27 1.20097 17.0979 0.000279061
28 1.20097 17.0979 0.000279005
29 1.20097 17.0979 0.000279051
30 1.20097 17.0979 0.000278999
31 1.20097 17.0979 0.000279044
32 1.20097 17.0979 0.000279003
33 1.20097 17.0979 0.000279045
34 1.20097 17.0979 0.00027902
35 1.20097 17.0979 0.000279061
36 1.20097 17.0979 0.000279044
37 1.20097 17.0979 0.000279085
38 1.20097 17.0979 0.000279083
39 1.20097 17.0979 0.000279124
40 1.20097 17.0979 0.000279132
41 1.20097 17.0979 0.000279174
42 1.20097 17.0979 0.000279183
43 1.20097 17.0979 0.000279222
44 1.20097 17.0979 0.000279232
45 1.20097 17.0979 0.000279271
46 1.20097 17.0979 0.000279283
47 1.20097 17.0979 0.00027932
48 1.20097 17.0979 0.000279335
49 1.20097 17.0979 0.000279368
50 1.20097 17.0979 0.00027938
51 1.20097 17.0979 0.000279413
52 1.20097 17.0979 0.000279424
53 1.20097 17.0979 0.00027946
54 1.20097 17.0979 0.000279472
55 1.20097 17.0979 0.000279504
56 1.20097 17.0979 0.000279516
57 1.20097 17.0979 0.000279547
58 1.20097 17.0979 0.00027956
59 1.20097 17.0979 0.000279596
60 1.20097 17.0979 0.000279607
61 1.20097 17.0979 0.00027964
62 1.20097 17.0979 0.000279653
63 1.20097 17.0979 0.000279684
64 1.20097 17.0979 0.000279696
65 1.20097 17.0979 0.000279728
66 1.20097 17.0979 0.00027974
67 1.20097 17.0979 0.000279769
68 1.20097 17.0979 0.00027978
69 1.20097 17.0979 0.000279805
70 1.20097 17.0979 0.000279814
71 1.20097 17.0979 0.000279841
72 1.20097 17.0979 0.00027985
73 1.20097 17.0979 0.000279876
74 1.20097 17.0979 0.000279884
75 1.20097 17.0979 0.000279904
76 1.20097 17.0979 0.00027991
77 1.20097 17.0979 0.000279931
78 1.20097 17.0979 0.000279937
79 1.20097 17.0979 0.000279955
80 1.20097 17.0979 0.000279959
81 1.20097 17.0979 0.000279977
82 1.20097 17.0979 0.000279979
83 1.20097 17.0979 0.000279996
84 1.20097 17.0979 0.000279997
85 1.20097 17.0979 0.000280012
86 1.20097 17.0979 0.000280015
87 1.20097 17.0979 0.000280025
88 1.20097 17.0979 0.000280024
89 1.20097 17.0979 0.000280037
90 1.20097 17.0979 0.000280037
91 1.20097 17.0979 0.000280051
92 1.20097 17.0979 0.00028005
93 1.20097 17.0979 0.000280062
94 1.20097 17.0979 0.000280057
95 1.20097 17.0979 0.000280069
96 1.20097 17.0979 0.000280069
97 1.20097 17.0979 0.000280081
98 1.20097 17.0979 0.00028008
99 1.20097 17.0979 0.000280091
min energy  # max energy
-28.5631 17.0979
