Initial energy of the MPS: 0.156975
# DMRG Sweep # Mid bond EE # Energy # Std #
0 0.00542262 -27.6082 5.16125
1 0.578047 -28.9762 0.000144914
Initial energy of the MPS: -0.245273
# DMRG Sweep # Mid bond EE # Energy # Std #
0 0.0239996 16.119 2.98093
1 0.405784 17.09 0.0151825
2 0.524469 17.0907 0.00225185
3 0.781413 17.0909 0.00144634
4 1.00232 17.0909 0.000346316
5 1.01211 17.0909 0.000270818
6 1.01228 17.0909 0.000257633
7 1.0123 17.0909 0.000253398
8 1.01232 17.0909 0.000251665
9 1.01232 17.0909 0.000250809
10 1.01233 17.0909 0.000250416
11 1.01233 17.0909 0.000250403
12 1.01233 17.0909 0.000250257
13 1.01233 17.0909 0.000250309
14 1.01233 17.0909 0.000250237
15 1.01233 17.0909 0.000250229
16 1.01233 17.0909 0.000250186
17 1.01233 17.0909 0.000250195
18 1.01233 17.0909 0.000250176
19 1.01233 17.0909 0.000250212
20 1.01233 17.0909 0.000250198
21 1.01233 17.0909 0.000250248
22 1.01233 17.0909 0.000250217
23 1.01233 17.0909 0.000250268
24 1.01233 17.0909 0.000250228
25 1.01233 17.0909 0.000250263
26 1.01233 17.0909 0.00025023
27 1.01233 17.0909 0.000250263
28 1.01233 17.0909 0.000250234
29 1.01233 17.0909 0.000250263
30 1.01233 17.0909 0.000250252
31 1.01233 17.0909 0.000250272
32 1.01233 17.0909 0.000250268
33 1.01233 17.0909 0.000250289
34 1.01233 17.0909 0.000250291
35 1.01233 17.0909 0.000250308
36 1.01233 17.0909 0.000250317
37 1.01233 17.0909 0.000250333
38 1.01233 17.0909 0.000250341
39 1.01233 17.0909 0.000250356
40 1.01233 17.0909 0.000250364
41 1.01233 17.0909 0.000250377
42 1.01233 17.0909 0.000250388
43 1.01233 17.0909 0.0002504
44 1.01233 17.0909 0.000250404
45 1.01233 17.0909 0.000250415
46 1.01233 17.0909 0.00025042
47 1.01233 17.0909 0.000250429
48 1.01233 17.0909 0.000250428
49 1.01233 17.0909 0.000250436
50 1.01233 17.0909 0.000250436
51 1.01233 17.0909 0.000250438
52 1.01233 17.0909 0.000250437
53 1.01233 17.0909 0.000250445
54 1.01233 17.0909 0.000250441
55 1.01233 17.0909 0.000250444
56 1.01233 17.0909 0.000250447
57 1.01233 17.0909 0.000250448
58 1.01233 17.0909 0.000250443
59 1.01233 17.0909 0.000250447
60 1.01233 17.0909 0.000250447
61 1.01233 17.0909 0.000250448
62 1.01233 17.0909 0.000250449
63 1.01233 17.0909 0.000250451
64 1.01233 17.0909 0.000250448
65 1.01233 17.0909 0.000250453
66 1.01233 17.0909 0.000250452
67 1.01233 17.0909 0.000250457
68 1.01233 17.0909 0.000250453
69 1.01233 17.0909 0.000250457
70 1.01233 17.0909 0.000250458
71 1.01233 17.0909 0.000250458
72 1.01233 17.0909 0.000250458
73 1.01233 17.0909 0.000250462
74 1.01233 17.0909 0.000250464
75 1.01233 17.0909 0.000250463
76 1.01233 17.0909 0.000250465
77 1.01233 17.0909 0.000250469
78 1.01233 17.0909 0.000250463
79 1.01233 17.0909 0.000250471
80 1.01233 17.0909 0.000250468
81 1.01233 17.0909 0.000250474
82 1.01233 17.0909 0.000250472
83 1.01233 17.0909 0.000250478
84 1.01233 17.0909 0.000250475
85 1.01233 17.0909 0.000250478
86 1.01233 17.0909 0.000250478
87 1.01233 17.0909 0.000250481
88 1.01233 17.0909 0.000250482
89 1.01233 17.0909 0.000250488
90 1.01233 17.0909 0.000250485
91 1.01233 17.0909 0.000250492
92 1.01233 17.0909 0.000250492
93 1.01233 17.0909 0.000250494
94 1.01233 17.0909 0.000250496
95 1.01233 17.0909 0.000250501
96 1.01233 17.0909 0.000250501
97 1.01233 17.0909 0.000250505
98 1.01233 17.0909 0.000250502
99 1.01233 17.0909 0.000250509
min energy  # max energy
-28.9762 17.0909
