Initial energy of the MPS: 0.269439
# DMRG Sweep # Mid bond EE # Energy # Std #
0 0.0054525 -27.0817 5.06801
1 0.700751 -28.6075 0.00213274
2 0.720096 -28.6075 0.000266469
Initial energy of the MPS: -0.227963
# DMRG Sweep # Mid bond EE # Energy # Std #
0 0.0189962 16.2974 3.03207
1 0.795668 17.4175 0.00780591
2 0.844182 17.4182 0.00387835
3 0.901684 17.4183 0.000585388
4 0.949875 17.4183 0.000280517
5 0.950174 17.4183 0.000252239
6 0.950229 17.4183 0.000246418
7 0.950231 17.4183 0.000244222
8 0.950238 17.4183 0.000243584
9 0.950239 17.4183 0.000243258
10 0.950241 17.4183 0.000243229
11 0.950241 17.4183 0.00024319
12 0.950242 17.4183 0.000243253
13 0.950242 17.4183 0.000243281
14 0.950243 17.4183 0.000243428
15 0.950243 17.4183 0.000243513
16 0.950244 17.4183 0.000243683
17 0.950244 17.4183 0.000243761
18 0.950244 17.4183 0.000243882
19 0.950244 17.4183 0.000243912
20 0.950244 17.4183 0.000243996
21 0.950244 17.4183 0.000244005
22 0.950244 17.4183 0.000244074
23 0.950244 17.4183 0.000244076
24 0.950244 17.4183 0.000244129
25 0.950244 17.4183 0.000244126
26 0.950245 17.4183 0.000244167
27 0.950245 17.4183 0.000244169
28 0.950245 17.4183 0.000244196
29 0.950245 17.4183 0.000244199
30 0.950245 17.4183 0.000244215
31 0.950245 17.4183 0.000244216
32 0.950245 17.4183 0.000244225
33 0.950245 17.4183 0.00024423
34 0.950245 17.4183 0.000244231
35 0.950245 17.4183 0.000244237
36 0.950245 17.4183 0.00024423
37 0.950245 17.4183 0.000244231
38 0.950245 17.4183 0.000244215
39 0.950245 17.4183 0.000244206
40 0.950245 17.4183 0.000244191
41 0.950245 17.4183 0.00024418
42 0.950245 17.4183 0.00024416
43 0.950245 17.4183 0.000244146
44 0.950245 17.4183 0.000244131
45 0.950245 17.4183 0.000244119
46 0.950245 17.4183 0.000244099
47 0.950245 17.4183 0.000244085
48 0.950245 17.4183 0.000244069
49 0.950245 17.4183 0.000244054
50 0.950245 17.4183 0.000244038
51 0.950245 17.4183 0.000244028
52 0.950245 17.4183 0.000244008
53 0.950245 17.4183 0.000243997
54 0.950245 17.4183 0.000243979
55 0.950245 17.4183 0.000243969
56 0.950245 17.4183 0.000243952
57 0.950245 17.4183 0.000243942
58 0.950245 17.4183 0.000243918
59 0.950245 17.4183 0.000243913
60 0.950245 17.4183 0.000243893
61 0.950245 17.4183 0.000243887
62 0.950245 17.4183 0.000243865
63 0.950245 17.4183 0.000243858
64 0.950245 17.4183 0.000243838
65 0.950245 17.4183 0.000243832
66 0.950245 17.4183 0.000243816
67 0.950245 17.4183 0.000243809
68 0.950245 17.4183 0.000243788
69 0.950245 17.4183 0.000243783
70 0.950245 17.4183 0.000243764
71 0.950245 17.4183 0.000243755
72 0.950245 17.4183 0.00024374
73 0.950245 17.4183 0.000243734
74 0.950245 17.4183 0.000243715
75 0.950245 17.4183 0.000243711
76 0.950245 17.4183 0.000243692
77 0.950245 17.4183 0.000243687
78 0.950245 17.4183 0.000243673
79 0.950245 17.4183 0.000243669
80 0.950245 17.4183 0.000243653
81 0.950245 17.4183 0.000243643
82 0.950245 17.4183 0.000243629
83 0.950245 17.4183 0.000243628
84 0.950245 17.4183 0.000243611
85 0.950245 17.4183 0.000243607
86 0.950245 17.4183 0.000243594
87 0.950245 17.4183 0.000243587
88 0.950245 17.4183 0.000243572
89 0.950245 17.4183 0.000243571
90 0.950245 17.4183 0.000243561
91 0.950245 17.4183 0.000243553
92 0.950245 17.4183 0.000243542
93 0.950245 17.4183 0.00024354
94 0.950245 17.4183 0.000243525
95 0.950245 17.4183 0.000243526
96 0.950245 17.4183 0.000243514
97 0.950245 17.4183 0.000243512
98 0.950245 17.4183 0.000243498
99 0.950245 17.4183 0.000243495
min energy  # max energy
-28.6075 17.4183
