Initial energy of the MPS: 0.380995
# DMRG Sweep # Mid bond EE # Energy # Std #
0 0.00471163 -27.5602 5.1593
1 0.632331 -28.9413 0.00259804
2 0.690556 -28.9413 8.03418e-05
Initial energy of the MPS: -0.253156
# DMRG Sweep # Mid bond EE # Energy # Std #
0 0.017347 16.1627 2.98849
1 0.891657 17.0608 0.0221192
2 1.12332 17.0628 0.00208357
3 1.25033 17.0629 0.000591956
4 1.26215 17.0629 0.000382637
5 1.26371 17.0629 0.000347213
6 1.26383 17.0629 0.000339536
7 1.26393 17.0629 0.000336683
8 1.26394 17.0629 0.000336474
9 1.26395 17.0629 0.000336537
10 1.26396 17.0629 0.000336697
11 1.26396 17.0629 0.000336717
12 1.26396 17.0629 0.000336677
13 1.26396 17.0629 0.000336656
14 1.26397 17.0629 0.000336606
15 1.26397 17.0629 0.000336609
16 1.26397 17.0629 0.000336643
17 1.26397 17.0629 0.000336684
18 1.26397 17.0629 0.000336809
19 1.26397 17.0629 0.000336882
20 1.26397 17.0629 0.000337077
21 1.26397 17.0629 0.000337176
22 1.26397 17.0629 0.000337405
23 1.26397 17.0629 0.00033752
24 1.26397 17.0629 0.000337746
25 1.26397 17.0629 0.000337854
26 1.26397 17.0629 0.000338049
27 1.26397 17.0629 0.000338149
28 1.26397 17.0629 0.000338301
29 1.26397 17.0629 0.00033838
30 1.26397 17.0629 0.000338498
31 1.26397 17.0629 0.000338563
32 1.26397 17.0629 0.000338658
33 1.26397 17.0629 0.000338706
34 1.26397 17.0629 0.000338781
35 1.26397 17.0629 0.00033882
36 1.26397 17.0629 0.000338873
37 1.26397 17.0629 0.000338904
38 1.26397 17.0629 0.000338941
39 1.26397 17.0629 0.000338966
40 1.26397 17.0629 0.000338984
41 1.26397 17.0629 0.000339003
42 1.26397 17.0629 0.000339004
43 1.26397 17.0629 0.000339017
44 1.26397 17.0629 0.000339008
45 1.26397 17.0629 0.000339017
46 1.26397 17.0629 0.000339001
47 1.26397 17.0629 0.000339008
48 1.26397 17.0629 0.000338988
49 1.26397 17.0629 0.000338994
50 1.26397 17.0629 0.000338972
51 1.26397 17.0629 0.000338974
52 1.26397 17.0629 0.000338952
53 1.26397 17.0629 0.000338954
54 1.26397 17.0629 0.000338933
55 1.26397 17.0629 0.000338936
56 1.26397 17.0629 0.000338911
57 1.26397 17.0629 0.000338914
58 1.26397 17.0629 0.000338892
59 1.26397 17.0629 0.000338891
60 1.26397 17.0629 0.000338874
61 1.26397 17.0629 0.000338871
62 1.26397 17.0629 0.000338855
63 1.26397 17.0629 0.000338852
64 1.26397 17.0629 0.000338835
65 1.26397 17.0629 0.000338834
66 1.26397 17.0629 0.000338819
67 1.26397 17.0629 0.000338816
68 1.26397 17.0629 0.000338801
69 1.26397 17.0629 0.0003388
70 1.26397 17.0629 0.000338784
71 1.26397 17.0629 0.000338784
72 1.26397 17.0629 0.000338768
73 1.26397 17.0629 0.000338767
74 1.26397 17.0629 0.000338754
75 1.26397 17.0629 0.000338752
76 1.26397 17.0629 0.000338738
77 1.26397 17.0629 0.000338738
78 1.26397 17.0629 0.000338722
79 1.26397 17.0629 0.000338721
80 1.26397 17.0629 0.000338709
81 1.26397 17.0629 0.000338709
82 1.26397 17.0629 0.000338698
83 1.26397 17.0629 0.000338695
84 1.26397 17.0629 0.000338683
85 1.26397 17.0629 0.000338682
86 1.26397 17.0629 0.000338671
87 1.26397 17.0629 0.000338669
88 1.26397 17.0629 0.000338658
89 1.26397 17.0629 0.000338657
90 1.26397 17.0629 0.000338646
91 1.26397 17.0629 0.000338644
92 1.26397 17.0629 0.000338638
93 1.26397 17.0629 0.000338633
94 1.26397 17.0629 0.000338627
95 1.26397 17.0629 0.000338626
96 1.26397 17.0629 0.000338615
97 1.26397 17.0629 0.000338615
98 1.26397 17.0629 0.000338605
99 1.26397 17.0629 0.000338606
min energy  # max energy
-28.9413 17.0629
