Initial energy of the MPS: 0.18258
# DMRG Sweep # Mid bond EE # Energy # Std #
0 0.00501001 -27.591 5.16353
1 0.394764 -29.109 0.000241069
Initial energy of the MPS: -0.301303
# DMRG Sweep # Mid bond EE # Energy # Std #
0 0.0101383 15.9183 2.95064
1 0.822898 16.9679 0.0181358
2 0.947765 16.9697 0.00429204
3 1.04207 16.9699 0.00105841
4 1.09302 16.9699 0.000614988
5 1.0968 16.9699 0.00055689
6 1.09713 16.9699 0.000544313
7 1.09719 16.9699 0.000538599
8 1.09723 16.9699 0.000536387
9 1.09725 16.9699 0.000535907
10 1.09726 16.9699 0.000535102
11 1.09727 16.9699 0.000535348
12 1.09727 16.9699 0.000534903
13 1.09728 16.9699 0.0005349
14 1.09728 16.9699 0.000534622
15 1.09728 16.9699 0.000534407
16 1.09728 16.9699 0.000534243
17 1.09728 16.9699 0.000533934
18 1.09728 16.9699 0.000533881
19 1.09728 16.9699 0.000533587
20 1.09728 16.9699 0.000533621
21 1.09728 16.9699 0.000533401
22 1.09728 16.9699 0.000533448
23 1.09729 16.9699 0.000533308
24 1.09729 16.9699 0.000533343
25 1.09729 16.9699 0.000533272
26 1.09729 16.9699 0.0005333
27 1.09729 16.9699 0.000533275
28 1.09729 16.9699 0.000533304
29 1.09729 16.9699 0.000533306
30 1.09729 16.9699 0.00053333
31 1.09729 16.9699 0.000533348
32 1.09729 16.9699 0.000533369
33 1.09729 16.9699 0.000533397
34 1.09729 16.9699 0.000533414
35 1.09729 16.9699 0.000533451
36 1.09729 16.9699 0.000533467
37 1.09729 16.9699 0.000533514
38 1.09729 16.9699 0.000533526
39 1.09729 16.9699 0.000533588
40 1.09729 16.9699 0.000533602
41 1.09729 16.9699 0.000533679
42 1.09729 16.9699 0.000533694
43 1.09729 16.9699 0.000533789
44 1.09729 16.9699 0.000533808
45 1.09729 16.9699 0.000533915
46 1.09729 16.9699 0.000533939
47 1.09729 16.9699 0.00053406
48 1.09729 16.9699 0.000534087
49 1.09729 16.9699 0.000534206
50 1.09729 16.9699 0.000534233
51 1.09729 16.9699 0.000534343
52 1.09729 16.9699 0.000534366
53 1.09729 16.9699 0.000534455
54 1.09729 16.9699 0.000534477
55 1.09729 16.9699 0.000534544
56 1.09729 16.9699 0.000534562
57 1.09729 16.9699 0.00053461
58 1.09729 16.9699 0.000534621
59 1.09729 16.9699 0.000534656
60 1.09729 16.9699 0.000534666
61 1.09729 16.9699 0.00053469
62 1.09729 16.9699 0.000534696
63 1.09729 16.9699 0.000534712
64 1.09729 16.9699 0.000534718
65 1.09729 16.9699 0.000534727
66 1.09729 16.9699 0.000534732
67 1.09729 16.9699 0.00053474
68 1.09729 16.9699 0.000534743
69 1.09729 16.9699 0.000534745
70 1.09729 16.9699 0.000534751
71 1.09729 16.9699 0.000534751
72 1.09729 16.9699 0.000534755
73 1.09729 16.9699 0.000534752
74 1.09729 16.9699 0.000534758
75 1.09729 16.9699 0.000534752
76 1.09729 16.9699 0.000534756
77 1.09729 16.9699 0.000534749
78 1.09729 16.9699 0.000534756
79 1.09729 16.9699 0.000534745
80 1.09729 16.9699 0.000534752
81 1.09729 16.9699 0.00053474
82 1.09729 16.9699 0.000534749
83 1.09729 16.9699 0.000534736
84 1.09729 16.9699 0.000534744
85 1.09729 16.9699 0.00053473
86 1.09729 16.9699 0.000534739
87 1.09729 16.9699 0.000534727
88 1.09729 16.9699 0.000534734
89 1.09729 16.9699 0.000534723
90 1.09729 16.9699 0.000534732
91 1.09729 16.9699 0.000534721
92 1.09729 16.9699 0.000534731
93 1.09729 16.9699 0.00053472
94 1.09729 16.9699 0.000534728
95 1.09729 16.9699 0.000534721
96 1.09729 16.9699 0.000534729
97 1.09729 16.9699 0.000534722
98 1.09729 16.9699 0.000534732
99 1.09729 16.9699 0.000534724
min energy  # max energy
-29.109 16.9699
