Initial energy of the MPS: 0.375264
# DMRG Sweep # Mid bond EE # Energy # Std #
0 0.0047795 -27.8785 5.21059
1 0.515621 -29.3098 4.08163e-05
Initial energy of the MPS: -0.133886
# DMRG Sweep # Mid bond EE # Energy # Std #
0 0.0195124 15.9479 2.94745
1 0.416003 16.7854 0.0237006
2 0.712613 16.7879 0.0030217
3 0.714339 16.788 0.000606308
4 0.735062 16.788 0.000279686
5 0.735354 16.788 0.000249573
6 0.735433 16.788 0.000242082
7 0.735439 16.788 0.000239596
8 0.735447 16.788 0.000239078
9 0.735448 16.788 0.000238849
10 0.735451 16.788 0.000238842
11 0.735451 16.788 0.000238762
12 0.735453 16.788 0.000238673
13 0.735453 16.788 0.000238605
14 0.735453 16.788 0.000238497
15 0.735454 16.788 0.000238492
16 0.735454 16.788 0.000238428
17 0.735454 16.788 0.000238471
18 0.735454 16.788 0.000238451
19 0.735454 16.788 0.000238514
20 0.735454 16.788 0.000238511
21 0.735454 16.788 0.000238569
22 0.735455 16.788 0.000238568
23 0.735455 16.788 0.000238614
24 0.735455 16.788 0.000238612
25 0.735455 16.788 0.000238648
26 0.735455 16.788 0.000238643
27 0.735455 16.788 0.000238676
28 0.735455 16.788 0.000238668
29 0.735455 16.788 0.000238697
30 0.735455 16.788 0.000238688
31 0.735455 16.788 0.000238714
32 0.735455 16.788 0.000238703
33 0.735455 16.788 0.000238723
34 0.735455 16.788 0.000238712
35 0.735455 16.788 0.000238729
36 0.735455 16.788 0.000238719
37 0.735455 16.788 0.000238737
38 0.735455 16.788 0.000238724
39 0.735455 16.788 0.000238737
40 0.735455 16.788 0.000238725
41 0.735455 16.788 0.000238738
42 0.735455 16.788 0.000238729
43 0.735455 16.788 0.000238739
44 0.735455 16.788 0.000238734
45 0.735455 16.788 0.000238737
46 0.735455 16.788 0.000238731
47 0.735455 16.788 0.000238737
48 0.735455 16.788 0.000238732
49 0.735455 16.788 0.000238738
50 0.735455 16.788 0.000238732
51 0.735455 16.788 0.000238739
52 0.735455 16.788 0.000238737
53 0.735455 16.788 0.000238742
54 0.735455 16.788 0.000238738
55 0.735455 16.788 0.000238749
56 0.735455 16.788 0.000238751
57 0.735455 16.788 0.000238757
58 0.735455 16.788 0.000238756
59 0.735455 16.788 0.000238764
60 0.735455 16.788 0.000238761
61 0.735455 16.788 0.000238769
62 0.735455 16.788 0.000238773
63 0.735455 16.788 0.000238779
64 0.735455 16.788 0.000238777
65 0.735455 16.788 0.000238787
66 0.735455 16.788 0.000238786
67 0.735455 16.788 0.000238795
68 0.735455 16.788 0.000238795
69 0.735455 16.788 0.000238805
70 0.735455 16.788 0.000238806
71 0.735455 16.788 0.000238815
72 0.735455 16.788 0.000238813
73 0.735455 16.788 0.000238824
74 0.735455 16.788 0.000238823
75 0.735455 16.788 0.000238834
76 0.735455 16.788 0.000238831
77 0.735455 16.788 0.000238841
78 0.735455 16.788 0.000238842
79 0.735455 16.788 0.00023885
80 0.735455 16.788 0.000238854
81 0.735455 16.788 0.00023886
82 0.735455 16.788 0.000238863
83 0.735455 16.788 0.000238869
84 0.735455 16.788 0.000238866
85 0.735455 16.788 0.000238877
86 0.735455 16.788 0.000238872
87 0.735455 16.788 0.000238885
88 0.735455 16.788 0.000238883
89 0.735455 16.788 0.000238889
90 0.735455 16.788 0.00023889
91 0.735455 16.788 0.000238897
92 0.735455 16.788 0.000238896
93 0.735455 16.788 0.000238904
94 0.735455 16.788 0.000238906
95 0.735455 16.788 0.00023891
96 0.735455 16.788 0.000238907
97 0.735455 16.788 0.000238915
98 0.735455 16.788 0.000238914
99 0.735455 16.788 0.000238921
min energy  # max energy
-29.3098 16.788
