Initial energy of the MPS: 0.0562146
# DMRG Sweep # Mid bond EE # Energy # Std #
0 0.00541993 -27.6146 5.16353
1 0.775615 -28.9798 0.00942668
2 0.92805 -28.9799 0.000156315
Initial energy of the MPS: -0.207554
# DMRG Sweep # Mid bond EE # Energy # Std #
0 0.0318036 16.1327 2.97819
1 0.757689 17.3285 0.00568559
2 0.914314 17.3289 0.0025043
3 1.03814 17.3291 0.00186239
4 1.31324 17.3291 0.000317654
5 1.3134 17.3291 0.00023371
6 1.31347 17.3291 0.000217381
7 1.31347 17.3291 0.000211579
8 1.31348 17.3291 0.000209053
9 1.31348 17.3291 0.000208016
10 1.31348 17.3291 0.000207084
11 1.31348 17.3291 0.000206654
12 1.31348 17.3291 0.000206115
13 1.31348 17.3291 0.000205759
14 1.31348 17.3291 0.000205529
15 1.31348 17.3291 0.000205358
16 1.31348 17.3291 0.000205276
17 1.31348 17.3291 0.000205187
18 1.31348 17.3291 0.000205171
19 1.31348 17.3291 0.000205105
20 1.31348 17.3291 0.0002051
21 1.31348 17.3291 0.000205045
22 1.31348 17.3291 0.000205033
23 1.31348 17.3291 0.000204992
24 1.31348 17.3291 0.000204976
25 1.31348 17.3291 0.000204949
26 1.31348 17.3291 0.000204936
27 1.31348 17.3291 0.000204921
28 1.31348 17.3291 0.000204919
29 1.31348 17.3291 0.000204915
30 1.31348 17.3291 0.000204918
31 1.31348 17.3291 0.000204924
32 1.31348 17.3291 0.000204928
33 1.31348 17.3291 0.000204935
34 1.31348 17.3291 0.00020494
35 1.31348 17.3291 0.000204952
36 1.31348 17.3291 0.000204955
37 1.31348 17.3291 0.000204965
38 1.31348 17.3291 0.000204964
39 1.31348 17.3291 0.000204971
40 1.31348 17.3291 0.000204973
41 1.31348 17.3291 0.00020498
42 1.31348 17.3291 0.00020498
43 1.31348 17.3291 0.000204984
44 1.31348 17.3291 0.000204977
45 1.31348 17.3291 0.000204982
46 1.31348 17.3291 0.000204981
47 1.31348 17.3291 0.000204984
48 1.31348 17.3291 0.000204979
49 1.31348 17.3291 0.000204981
50 1.31348 17.3291 0.000204974
51 1.31348 17.3291 0.00020498
52 1.31348 17.3291 0.000204976
53 1.31348 17.3291 0.00020498
54 1.31348 17.3291 0.000204973
55 1.31348 17.3291 0.000204978
56 1.31348 17.3291 0.000204974
57 1.31348 17.3291 0.000204978
58 1.31348 17.3291 0.000204971
59 1.31348 17.3291 0.000204973
60 1.31348 17.3291 0.000204971
61 1.31348 17.3291 0.000204976
62 1.31348 17.3291 0.000204969
63 1.31348 17.3291 0.00020498
64 1.31348 17.3291 0.000204972
65 1.31348 17.3291 0.000204982
66 1.31348 17.3291 0.00020498
67 1.31348 17.3291 0.000204981
68 1.31348 17.3291 0.000204975
69 1.31348 17.3291 0.000204987
70 1.31348 17.3291 0.000204982
71 1.31348 17.3291 0.00020499
72 1.31348 17.3291 0.000204983
73 1.31348 17.3291 0.000204996
74 1.31348 17.3291 0.00020499
75 1.31348 17.3291 0.000204996
76 1.31348 17.3291 0.00020499
77 1.31348 17.3291 0.000205002
78 1.31348 17.3291 0.000204993
79 1.31348 17.3291 0.000205002
80 1.31348 17.3291 0.000205001
81 1.31348 17.3291 0.000205008
82 1.31348 17.3291 0.000205003
83 1.31348 17.3291 0.000205011
84 1.31348 17.3291 0.000205005
85 1.31348 17.3291 0.000205011
86 1.31348 17.3291 0.000205009
87 1.31348 17.3291 0.00020501
88 1.31348 17.3291 0.000205009
89 1.31348 17.3291 0.000205015
90 1.31348 17.3291 0.000205012
91 1.31348 17.3291 0.000205019
92 1.31348 17.3291 0.000205011
93 1.31348 17.3291 0.000205019
94 1.31348 17.3291 0.000205018
95 1.31348 17.3291 0.000205022
96 1.31348 17.3291 0.000205019
97 1.31348 17.3291 0.000205022
98 1.31348 17.3291 0.000205021
99 1.31348 17.3291 0.000205028
min energy  # max energy
-28.9799 17.3291
