Initial energy of the MPS: 0.236129
# DMRG Sweep # Mid bond EE # Energy # Std #
0 0.00578736 -26.7135 5.00496
1 0.765528 -28.1754 0.00434915
2 0.844047 -28.1754 0.000605764
3 0.845252 -28.1754 0.000538709
4 0.845266 -28.1754 0.000511921
5 0.845267 -28.1754 0.000498893
6 0.845268 -28.1754 0.000492405
7 0.845268 -28.1754 0.00048844
8 0.845268 -28.1754 0.000485628
9 0.845268 -28.1754 0.000483766
10 0.845268 -28.1754 0.000482688
11 0.845268 -28.1754 0.000482206
12 0.845268 -28.1754 0.000481974
13 0.845268 -28.1754 0.000481844
14 0.845268 -28.1754 0.000481732
15 0.845268 -28.1754 0.000481661
16 0.845268 -28.1754 0.000481581
17 0.845268 -28.1754 0.000481527
18 0.845268 -28.1754 0.000481462
19 0.845268 -28.1754 0.000481418
20 0.845268 -28.1754 0.000481365
21 0.845268 -28.1754 0.000481318
22 0.845268 -28.1754 0.000481265
23 0.845268 -28.1754 0.000481224
24 0.845268 -28.1754 0.00048117
25 0.845268 -28.1754 0.000481131
26 0.845268 -28.1754 0.000481086
27 0.845268 -28.1754 0.000481052
28 0.845268 -28.1754 0.000481016
29 0.845268 -28.1754 0.000480987
30 0.845268 -28.1754 0.000480954
31 0.845268 -28.1754 0.000480931
32 0.845268 -28.1754 0.000480898
33 0.845268 -28.1754 0.000480878
34 0.845268 -28.1754 0.000480855
35 0.845268 -28.1754 0.000480831
36 0.845268 -28.1754 0.000480806
37 0.845268 -28.1754 0.000480791
38 0.845268 -28.1754 0.00048077
39 0.845268 -28.1754 0.00048075
40 0.845268 -28.1754 0.000480728
41 0.845268 -28.1754 0.000480717
42 0.845268 -28.1754 0.000480696
43 0.845268 -28.1754 0.000480682
44 0.845268 -28.1754 0.000480661
45 0.845268 -28.1754 0.000480646
46 0.845268 -28.1754 0.000480623
47 0.845268 -28.1754 0.000480613
48 0.845268 -28.1754 0.000480596
49 0.845268 -28.1754 0.000480583
50 0.845268 -28.1754 0.000480571
51 0.845268 -28.1754 0.000480557
52 0.845268 -28.1754 0.000480538
53 0.845268 -28.1754 0.000480532
54 0.845268 -28.1754 0.000480512
55 0.845268 -28.1754 0.000480506
56 0.845268 -28.1754 0.000480495
57 0.845268 -28.1754 0.000480484
58 0.845268 -28.1754 0.000480472
59 0.845268 -28.1754 0.000480467
60 0.845268 -28.1754 0.000480457
61 0.845268 -28.1754 0.000480448
62 0.845268 -28.1754 0.000480439
63 0.845268 -28.1754 0.000480429
64 0.845268 -28.1754 0.000480419
65 0.845268 -28.1754 0.000480413
66 0.845268 -28.1754 0.000480403
67 0.845268 -28.1754 0.000480399
68 0.845268 -28.1754 0.000480391
69 0.845268 -28.1754 0.000480387
70 0.845268 -28.1754 0.000480377
71 0.845268 -28.1754 0.000480375
72 0.845268 -28.1754 0.000480364
73 0.845268 -28.1754 0.000480362
74 0.845268 -28.1754 0.000480357
75 0.845268 -28.1754 0.000480349
76 0.845268 -28.1754 0.000480345
77 0.845268 -28.1754 0.000480343
78 0.845268 -28.1754 0.000480339
79 0.845268 -28.1754 0.000480333
80 0.845268 -28.1754 0.000480329
81 0.845268 -28.1754 0.000480324
82 0.845268 -28.1754 0.000480319
83 0.845268 -28.1754 0.000480318
84 0.845268 -28.1754 0.000480311
85 0.845268 -28.1754 0.000480309
86 0.845268 -28.1754 0.000480307
87 0.845268 -28.1754 0.000480302
88 0.845268 -28.1754 0.000480294
89 0.845268 -28.1754 0.000480297
90 0.845268 -28.1754 0.000480291
91 0.845268 -28.1754 0.00048029
92 0.845268 -28.1754 0.000480285
93 0.845268 -28.1754 0.000480281
94 0.845268 -28.1754 0.000480279
95 0.845268 -28.1754 0.000480274
96 0.845268 -28.1754 0.000480271
97 0.845268 -28.1754 0.000480267
98 0.845268 -28.1754 0.000480266
99 0.845268 -28.1754 0.000480259
Initial energy of the MPS: -0.252792
# DMRG Sweep # Mid bond EE # Energy # Std #
0 0.0365291 14.8282 2.75589
1 0.69492 15.7485 0.0256463
2 0.694446 15.7499 0.00481886
3 0.693932 15.75 0.000751896
4 0.693956 15.75 0.000104785
min energy  # max energy
-28.1754 15.75
