Initial energy of the MPS: 0.23609
# DMRG Sweep # Mid bond EE # Energy # Std #
0 0.00578738 -26.7103 5.00438
1 0.76555 -28.1754 0.00434837
2 0.844047 -28.1754 0.000605825
3 0.845252 -28.1754 0.000538661
4 0.845266 -28.1754 0.000511851
5 0.845267 -28.1754 0.000498848
6 0.845268 -28.1754 0.000492338
7 0.845268 -28.1754 0.000488389
8 0.845268 -28.1754 0.000485759
9 0.845268 -28.1754 0.000484025
10 0.845268 -28.1754 0.000482869
11 0.845268 -28.1754 0.000482313
12 0.845268 -28.1754 0.000482042
13 0.845268 -28.1754 0.000481898
14 0.845268 -28.1754 0.000481788
15 0.845268 -28.1754 0.000481711
16 0.845268 -28.1754 0.00048163
17 0.845268 -28.1754 0.00048157
18 0.845268 -28.1754 0.000481509
19 0.845268 -28.1754 0.000481465
20 0.845268 -28.1754 0.000481407
21 0.845268 -28.1754 0.000481364
22 0.845268 -28.1754 0.000481312
23 0.845268 -28.1754 0.000481273
24 0.845268 -28.1754 0.000481222
25 0.845268 -28.1754 0.000481181
26 0.845268 -28.1754 0.000481139
27 0.845268 -28.1754 0.000481101
28 0.845268 -28.1754 0.000481074
29 0.845268 -28.1754 0.000481039
30 0.845268 -28.1754 0.000481011
31 0.845268 -28.1754 0.000480983
32 0.845268 -28.1754 0.00048096
33 0.845268 -28.1754 0.000480939
34 0.845268 -28.1754 0.000480914
35 0.845268 -28.1754 0.000480893
36 0.845268 -28.1754 0.000480872
37 0.845268 -28.1754 0.000480853
38 0.845268 -28.1754 0.000480829
39 0.845268 -28.1754 0.000480809
40 0.845268 -28.1754 0.00048079
41 0.845268 -28.1754 0.000480774
42 0.845268 -28.1754 0.000480753
43 0.845268 -28.1754 0.000480737
44 0.845268 -28.1754 0.000480713
45 0.845268 -28.1754 0.000480698
46 0.845268 -28.1754 0.00048068
47 0.845268 -28.1754 0.000480661
48 0.845268 -28.1754 0.000480641
49 0.845268 -28.1754 0.00048063
50 0.845268 -28.1754 0.00048061
51 0.845268 -28.1754 0.000480598
52 0.845268 -28.1754 0.000480577
53 0.845268 -28.1754 0.000480563
54 0.845268 -28.1754 0.00048055
55 0.845268 -28.1754 0.000480536
56 0.845268 -28.1754 0.000480523
57 0.845268 -28.1754 0.00048051
58 0.845268 -28.1754 0.000480496
59 0.845268 -28.1754 0.000480486
60 0.845268 -28.1754 0.000480473
61 0.845268 -28.1754 0.000480469
62 0.845268 -28.1754 0.000480454
63 0.845268 -28.1754 0.000480448
64 0.845268 -28.1754 0.000480439
65 0.845268 -28.1754 0.000480432
66 0.845268 -28.1754 0.000480419
67 0.845268 -28.1754 0.000480416
68 0.845268 -28.1754 0.000480404
69 0.845268 -28.1754 0.000480399
70 0.845268 -28.1754 0.000480395
71 0.845268 -28.1754 0.000480389
72 0.845268 -28.1754 0.000480383
73 0.845268 -28.1754 0.000480375
74 0.845268 -28.1754 0.000480369
75 0.845268 -28.1754 0.000480365
76 0.845268 -28.1754 0.000480361
77 0.845268 -28.1754 0.000480356
78 0.845268 -28.1754 0.000480348
79 0.845268 -28.1754 0.000480344
80 0.845268 -28.1754 0.00048034
81 0.845268 -28.1754 0.000480338
82 0.845268 -28.1754 0.000480332
83 0.845268 -28.1754 0.000480329
84 0.845268 -28.1754 0.000480326
85 0.845268 -28.1754 0.000480323
86 0.845268 -28.1754 0.000480319
87 0.845268 -28.1754 0.000480316
88 0.845268 -28.1754 0.00048031
89 0.845268 -28.1754 0.000480304
90 0.845268 -28.1754 0.000480306
91 0.845268 -28.1754 0.000480302
92 0.845268 -28.1754 0.000480301
93 0.845268 -28.1754 0.000480301
94 0.845268 -28.1754 0.000480293
95 0.845268 -28.1754 0.000480294
96 0.845268 -28.1754 0.000480289
97 0.845268 -28.1754 0.000480284
98 0.845268 -28.1754 0.000480284
99 0.845268 -28.1754 0.000480287
Initial energy of the MPS: -0.252828
# DMRG Sweep # Mid bond EE # Energy # Std #
0 0.0364977 14.8238 2.75634
1 0.694311 15.7486 0.0251518
2 0.695458 15.75 0.00405159
3 0.694125 15.75 0.00105202
4 0.698466 15.75 0.000663654
5 0.758082 15.75 0.000475893
6 0.784248 15.7501 0.000359019
7 0.862335 15.7501 0.000333687
8 0.881566 15.7501 0.000203842
9 0.930533 15.7501 0.000138235
min energy  # max energy
-28.1754 15.7501
