Initial energy of the MPS: 0.236109
# DMRG Sweep # Mid bond EE # Energy # Std #
0 0.00578748 -26.7094 5.00424
1 0.765584 -28.1754 0.00434613
2 0.844049 -28.1754 0.000605766
3 0.845249 -28.1754 0.000538665
4 0.845263 -28.1754 0.000511758
5 0.845264 -28.1754 0.00049851
6 0.845265 -28.1754 0.000491733
7 0.845265 -28.1754 0.000487826
8 0.845265 -28.1754 0.000485625
9 0.845265 -28.1754 0.000484235
10 0.845265 -28.1754 0.000483109
11 0.845265 -28.1754 0.000482433
12 0.845265 -28.1754 0.000482099
13 0.845265 -28.1754 0.000481928
14 0.845265 -28.1754 0.000481816
15 0.845265 -28.1754 0.000481735
16 0.845265 -28.1754 0.000481647
17 0.845265 -28.1754 0.000481589
18 0.845265 -28.1754 0.000481521
19 0.845265 -28.1754 0.000481472
20 0.845265 -28.1754 0.000481415
21 0.845265 -28.1754 0.000481375
22 0.845265 -28.1754 0.000481328
23 0.845265 -28.1754 0.000481287
24 0.845265 -28.1754 0.000481246
25 0.845265 -28.1754 0.000481213
26 0.845265 -28.1754 0.000481162
27 0.845265 -28.1754 0.000481127
28 0.845265 -28.1754 0.000481086
29 0.845265 -28.1754 0.000481059
30 0.845265 -28.1754 0.000481027
31 0.845265 -28.1754 0.000481003
32 0.845265 -28.1754 0.000480977
33 0.845265 -28.1754 0.000480952
34 0.845265 -28.1754 0.000480926
35 0.845265 -28.1754 0.00048091
36 0.845265 -28.1754 0.000480889
37 0.845265 -28.1754 0.00048087
38 0.845265 -28.1754 0.000480848
39 0.845265 -28.1754 0.000480832
40 0.845265 -28.1754 0.000480804
41 0.845265 -28.1754 0.000480793
42 0.845265 -28.1754 0.000480768
43 0.845265 -28.1754 0.000480756
44 0.845265 -28.1754 0.000480732
45 0.845265 -28.1754 0.000480722
46 0.845265 -28.1754 0.000480703
47 0.845265 -28.1754 0.000480694
48 0.845265 -28.1754 0.00048067
49 0.845265 -28.1754 0.00048066
50 0.845265 -28.1754 0.000480641
51 0.845265 -28.1754 0.000480629
52 0.845265 -28.1754 0.000480611
53 0.845265 -28.1754 0.000480601
54 0.845265 -28.1754 0.000480578
55 0.845265 -28.1754 0.00048057
56 0.845265 -28.1754 0.000480556
57 0.845265 -28.1754 0.000480546
58 0.845265 -28.1754 0.000480531
59 0.845265 -28.1754 0.000480523
60 0.845265 -28.1754 0.000480507
61 0.845265 -28.1754 0.000480497
62 0.845265 -28.1754 0.000480488
63 0.845265 -28.1754 0.000480473
64 0.845265 -28.1754 0.000480467
65 0.845265 -28.1754 0.000480455
66 0.845265 -28.1754 0.000480444
67 0.845265 -28.1754 0.000480438
68 0.845265 -28.1754 0.000480425
69 0.845265 -28.1754 0.000480424
70 0.845265 -28.1754 0.000480414
71 0.845265 -28.1754 0.000480411
72 0.845265 -28.1754 0.000480406
73 0.845265 -28.1754 0.000480399
74 0.845265 -28.1754 0.000480391
75 0.845265 -28.1754 0.00048038
76 0.845265 -28.1754 0.000480376
77 0.845265 -28.1754 0.000480373
78 0.845265 -28.1754 0.000480363
79 0.845265 -28.1754 0.000480364
80 0.845265 -28.1754 0.000480358
81 0.845265 -28.1754 0.000480357
82 0.845265 -28.1754 0.000480352
83 0.845265 -28.1754 0.000480349
84 0.845265 -28.1754 0.000480344
85 0.845265 -28.1754 0.000480337
86 0.845265 -28.1754 0.000480329
87 0.845265 -28.1754 0.000480333
88 0.845265 -28.1754 0.000480328
89 0.845265 -28.1754 0.000480327
90 0.845265 -28.1754 0.000480325
91 0.845265 -28.1754 0.000480322
92 0.845265 -28.1754 0.00048032
93 0.845265 -28.1754 0.000480314
94 0.845265 -28.1754 0.000480313
95 0.845265 -28.1754 0.000480307
96 0.845265 -28.1754 0.000480305
97 0.845265 -28.1754 0.000480305
98 0.845265 -28.1754 0.000480302
99 0.845265 -28.1754 0.000480297
Initial energy of the MPS: -0.252759
# DMRG Sweep # Mid bond EE # Energy # Std #
0 0.036824 14.8046 2.75574
1 0.694609 15.7485 0.0246249
2 0.696103 15.7499 0.00514002
3 0.693941 15.75 0.000819845
4 0.707544 15.75 0.000726405
5 0.812915 15.75 0.000315093
6 0.927136 15.75 0.00038086
7 0.977236 15.75 0.00042843
8 0.958587 15.75 0.000312743
9 0.979388 15.75 0.000151715
10 1.02786 15.75 0.000171006
11 1.041 15.75 0.00021313
12 1.03385 15.75 0.000282746
13 1.02743 15.75 0.000436915
14 0.999844 15.75 0.000270301
15 1.01057 15.75 0.000146108
min energy  # max energy
-28.1754 15.75
