Initial energy of the MPS: 0.236058
# DMRG Sweep # Mid bond EE # Energy # Std #
0 0.00578737 -26.711 5.00449
1 0.76554 -28.1754 0.00434814
2 0.844047 -28.1754 0.000605768
3 0.845252 -28.1754 0.000538667
4 0.845266 -28.1754 0.000511871
5 0.845267 -28.1754 0.000498837
6 0.845268 -28.1754 0.000492322
7 0.845268 -28.1754 0.000488361
8 0.845268 -28.1754 0.000485665
9 0.845268 -28.1754 0.000483884
10 0.845268 -28.1754 0.000482759
11 0.845268 -28.1754 0.000482243
12 0.845268 -28.1754 0.000481986
13 0.845268 -28.1754 0.00048185
14 0.845268 -28.1754 0.000481741
15 0.845268 -28.1754 0.000481663
16 0.845268 -28.1754 0.000481586
17 0.845268 -28.1754 0.000481529
18 0.845268 -28.1754 0.000481468
19 0.845268 -28.1754 0.000481418
20 0.845268 -28.1754 0.00048136
21 0.845268 -28.1754 0.000481318
22 0.845268 -28.1754 0.000481266
23 0.845268 -28.1754 0.000481225
24 0.845268 -28.1754 0.000481172
25 0.845268 -28.1754 0.000481127
26 0.845268 -28.1754 0.000481091
27 0.845268 -28.1754 0.000481051
28 0.845268 -28.1754 0.000481018
29 0.845268 -28.1754 0.000480988
30 0.845268 -28.1754 0.000480952
31 0.845268 -28.1754 0.000480928
32 0.845268 -28.1754 0.000480904
33 0.845268 -28.1754 0.000480879
34 0.845268 -28.1754 0.000480855
35 0.845268 -28.1754 0.000480831
36 0.845268 -28.1754 0.000480809
37 0.845268 -28.1754 0.000480789
38 0.845268 -28.1754 0.000480769
39 0.845268 -28.1754 0.00048075
40 0.845268 -28.1754 0.000480727
41 0.845268 -28.1754 0.000480714
42 0.845268 -28.1754 0.000480687
43 0.845268 -28.1754 0.000480678
44 0.845268 -28.1754 0.000480654
45 0.845268 -28.1754 0.00048064
46 0.845268 -28.1754 0.000480623
47 0.845268 -28.1754 0.000480607
48 0.845268 -28.1754 0.000480588
49 0.845268 -28.1754 0.00048058
50 0.845268 -28.1754 0.000480559
51 0.845268 -28.1754 0.000480546
52 0.845268 -28.1754 0.000480533
53 0.845268 -28.1754 0.000480521
54 0.845268 -28.1754 0.000480505
55 0.845268 -28.1754 0.000480497
56 0.845268 -28.1754 0.000480482
57 0.845268 -28.1754 0.000480473
58 0.845268 -28.1754 0.000480461
59 0.845268 -28.1754 0.000480455
60 0.845268 -28.1754 0.000480439
61 0.845268 -28.1754 0.000480431
62 0.845268 -28.1754 0.000480425
63 0.845268 -28.1754 0.000480419
64 0.845268 -28.1754 0.000480409
65 0.845268 -28.1754 0.000480402
66 0.845268 -28.1754 0.000480396
67 0.845268 -28.1754 0.000480389
68 0.845268 -28.1754 0.000480381
69 0.845268 -28.1754 0.000480375
70 0.845268 -28.1754 0.000480363
71 0.845268 -28.1754 0.000480357
72 0.845268 -28.1754 0.000480356
73 0.845268 -28.1754 0.000480348
74 0.845268 -28.1754 0.000480345
75 0.845268 -28.1754 0.000480339
76 0.845268 -28.1754 0.000480333
77 0.845268 -28.1754 0.000480331
78 0.845268 -28.1754 0.000480324
79 0.845268 -28.1754 0.000480316
80 0.845268 -28.1754 0.000480317
81 0.845268 -28.1754 0.00048031
82 0.845268 -28.1754 0.000480304
83 0.845268 -28.1754 0.000480304
84 0.845268 -28.1754 0.000480297
85 0.845268 -28.1754 0.000480294
86 0.845268 -28.1754 0.000480292
87 0.845268 -28.1754 0.000480285
88 0.845268 -28.1754 0.000480287
89 0.845268 -28.1754 0.000480284
90 0.845268 -28.1754 0.000480277
91 0.845268 -28.1754 0.000480273
92 0.845268 -28.1754 0.000480267
93 0.845268 -28.1754 0.00048027
94 0.845268 -28.1754 0.000480265
95 0.845268 -28.1754 0.000480264
96 0.845268 -28.1754 0.000480258
97 0.845268 -28.1754 0.000480258
98 0.845268 -28.1754 0.000480254
99 0.845268 -28.1754 0.000480253
Initial energy of the MPS: -0.252871
# DMRG Sweep # Mid bond EE # Energy # Std #
0 0.03644 14.8215 2.75523
1 0.69444 15.7484 0.0252393
2 0.693647 15.75 0.00554507
3 0.693383 15.7501 0.00201573
4 0.743503 15.7501 0.000827143
5 0.847999 15.7501 0.000682826
6 0.902926 15.7501 0.000684834
7 0.922085 15.7502 0.00026777
8 0.978333 15.7502 0.00032945
9 0.965205 15.7502 0.000580937
10 0.963938 15.7502 0.000682678
11 0.946512 15.7502 0.000247708
12 0.971058 15.7502 0.00022668
13 0.968681 15.7502 0.000309158
14 0.954972 15.7502 0.000268848
15 0.949856 15.7502 0.000379727
16 0.939061 15.7502 0.000364969
17 0.926023 15.7502 0.000402111
18 0.90668 15.7502 0.000490653
19 0.873014 15.7502 0.000487765
20 0.818177 15.7502 0.000531703
21 0.662787 15.7503 0.000932986
22 0.281213 15.7503 0.000425632
23 0.0660013 15.7503 0.000118856
min energy  # max energy
-28.1754 15.7503
