Initial energy of the MPS: 0.236031
# DMRG Sweep # Mid bond EE # Energy # Std #
0 0.00578724 -26.712 5.00476
1 0.7655 -28.1754 0.00435049
2 0.844045 -28.1754 0.000605745
3 0.845252 -28.1754 0.000538771
4 0.845266 -28.1754 0.000512007
5 0.845267 -28.1754 0.000498993
6 0.845268 -28.1754 0.000492578
7 0.845268 -28.1754 0.000488722
8 0.845268 -28.1754 0.000485851
9 0.845268 -28.1754 0.000483799
10 0.845268 -28.1754 0.000482644
11 0.845268 -28.1754 0.00048217
12 0.845268 -28.1754 0.000481919
13 0.845268 -28.1754 0.000481785
14 0.845268 -28.1754 0.000481676
15 0.845268 -28.1754 0.000481604
16 0.845268 -28.1754 0.000481516
17 0.845268 -28.1754 0.00048146
18 0.845268 -28.1754 0.000481391
19 0.845268 -28.1754 0.000481345
20 0.845268 -28.1754 0.000481284
21 0.845268 -28.1754 0.000481243
22 0.845268 -28.1754 0.000481188
23 0.845268 -28.1754 0.000481141
24 0.845268 -28.1754 0.00048109
25 0.845268 -28.1754 0.00048105
26 0.845268 -28.1754 0.000481006
27 0.845268 -28.1754 0.000480979
28 0.845268 -28.1754 0.000480945
29 0.845268 -28.1754 0.000480918
30 0.845268 -28.1754 0.000480882
31 0.845268 -28.1754 0.000480862
32 0.845268 -28.1754 0.000480834
33 0.845268 -28.1754 0.000480817
34 0.845268 -28.1754 0.000480793
35 0.845268 -28.1754 0.000480778
36 0.845268 -28.1754 0.000480755
37 0.845268 -28.1754 0.00048074
38 0.845268 -28.1754 0.000480721
39 0.845268 -28.1754 0.000480707
40 0.845268 -28.1754 0.000480688
41 0.845268 -28.1754 0.000480674
42 0.845268 -28.1754 0.000480656
43 0.845268 -28.1754 0.000480645
44 0.845268 -28.1754 0.000480623
45 0.845268 -28.1754 0.000480617
46 0.845268 -28.1754 0.000480595
47 0.845268 -28.1754 0.000480581
48 0.845268 -28.1754 0.000480567
49 0.845268 -28.1754 0.000480557
50 0.845268 -28.1754 0.000480539
51 0.845268 -28.1754 0.000480533
52 0.845268 -28.1754 0.000480511
53 0.845268 -28.1754 0.0004805
54 0.845268 -28.1754 0.000480485
55 0.845268 -28.1754 0.000480475
56 0.845268 -28.1754 0.000480465
57 0.845268 -28.1754 0.000480454
58 0.845268 -28.1754 0.000480439
59 0.845268 -28.1754 0.000480429
60 0.845268 -28.1754 0.000480414
61 0.845268 -28.1754 0.00048041
62 0.845268 -28.1754 0.000480395
63 0.845268 -28.1754 0.000480387
64 0.845268 -28.1754 0.000480371
65 0.845268 -28.1754 0.000480372
66 0.845268 -28.1754 0.000480349
67 0.845268 -28.1754 0.000480345
68 0.845268 -28.1754 0.000480334
69 0.845268 -28.1754 0.000480328
70 0.845268 -28.1754 0.000480318
71 0.845268 -28.1754 0.000480314
72 0.845268 -28.1754 0.000480302
73 0.845268 -28.1754 0.000480299
74 0.845268 -28.1754 0.000480291
75 0.845268 -28.1754 0.000480283
76 0.845268 -28.1754 0.000480281
77 0.845268 -28.1754 0.000480271
78 0.845268 -28.1754 0.000480269
79 0.845268 -28.1754 0.000480263
80 0.845268 -28.1754 0.000480251
81 0.845268 -28.1754 0.000480247
82 0.845268 -28.1754 0.000480249
83 0.845268 -28.1754 0.000480246
84 0.845268 -28.1754 0.000480237
85 0.845268 -28.1754 0.000480235
86 0.845268 -28.1754 0.000480229
87 0.845268 -28.1754 0.000480224
88 0.845268 -28.1754 0.000480221
89 0.845268 -28.1754 0.000480221
90 0.845268 -28.1754 0.000480213
91 0.845268 -28.1754 0.000480207
92 0.845268 -28.1754 0.000480207
93 0.845268 -28.1754 0.0004802
94 0.845268 -28.1754 0.000480198
95 0.845268 -28.1754 0.000480196
96 0.845268 -28.1754 0.00048019
97 0.845268 -28.1754 0.000480191
98 0.845268 -28.1754 0.000480187
99 0.845268 -28.1754 0.000480186
Initial energy of the MPS: -0.252815
# DMRG Sweep # Mid bond EE # Energy # Std #
0 0.0368521 14.8203 2.75689
1 0.694598 15.7485 0.0236253
2 0.697814 15.7499 0.00505973
3 0.695234 15.75 0.000643446
4 0.69878 15.75 0.000271931
5 0.698124 15.75 0.0002073
6 0.695069 15.75 7.85429e-05
min energy  # max energy
-28.1754 15.75
