Initial energy of the MPS: 0.236082
# DMRG Sweep # Mid bond EE # Energy # Std #
0 0.00578741 -26.7108 5.00453
1 0.765551 -28.1754 0.0043465
2 0.844047 -28.1754 0.00060576
3 0.845252 -28.1754 0.000538644
4 0.845265 -28.1754 0.000511814
5 0.845267 -28.1754 0.000498742
6 0.845267 -28.1754 0.000492158
7 0.845268 -28.1754 0.000488192
8 0.845268 -28.1754 0.000485661
9 0.845268 -28.1754 0.000484019
10 0.845268 -28.1754 0.000482871
11 0.845268 -28.1754 0.000482281
12 0.845268 -28.1754 0.000481994
13 0.845268 -28.1754 0.000481843
14 0.845268 -28.1754 0.000481732
15 0.845268 -28.1754 0.000481652
16 0.845268 -28.1754 0.00048157
17 0.845268 -28.1754 0.000481511
18 0.845268 -28.1754 0.000481448
19 0.845268 -28.1754 0.000481394
20 0.845268 -28.1754 0.000481344
21 0.845268 -28.1754 0.000481301
22 0.845268 -28.1754 0.000481245
23 0.845268 -28.1754 0.000481205
24 0.845268 -28.1754 0.000481154
25 0.845268 -28.1754 0.00048111
26 0.845268 -28.1754 0.000481062
27 0.845268 -28.1754 0.000481026
28 0.845268 -28.1754 0.000480994
29 0.845268 -28.1754 0.00048096
30 0.845268 -28.1754 0.000480929
31 0.845268 -28.1754 0.000480905
32 0.845268 -28.1754 0.000480876
33 0.845268 -28.1754 0.000480854
34 0.845268 -28.1754 0.00048083
35 0.845268 -28.1754 0.00048081
36 0.845268 -28.1754 0.000480783
37 0.845268 -28.1754 0.00048076
38 0.845268 -28.1754 0.000480741
39 0.845268 -28.1754 0.000480723
40 0.845268 -28.1754 0.000480701
41 0.845268 -28.1754 0.000480684
42 0.845268 -28.1754 0.000480664
43 0.845268 -28.1754 0.000480645
44 0.845268 -28.1754 0.000480629
45 0.845268 -28.1754 0.000480615
46 0.845268 -28.1754 0.000480594
47 0.845268 -28.1754 0.000480579
48 0.845268 -28.1754 0.000480561
49 0.845268 -28.1754 0.000480549
50 0.845268 -28.1754 0.000480533
51 0.845268 -28.1754 0.000480519
52 0.845268 -28.1754 0.000480506
53 0.845268 -28.1754 0.000480494
54 0.845268 -28.1754 0.00048048
55 0.845268 -28.1754 0.000480469
56 0.845268 -28.1754 0.000480459
57 0.845268 -28.1754 0.000480446
58 0.845268 -28.1754 0.000480432
59 0.845268 -28.1754 0.000480426
60 0.845268 -28.1754 0.000480411
61 0.845268 -28.1754 0.0004804
62 0.845268 -28.1754 0.000480396
63 0.845268 -28.1754 0.000480386
64 0.845268 -28.1754 0.000480377
65 0.845268 -28.1754 0.000480368
66 0.845268 -28.1754 0.000480363
67 0.845268 -28.1754 0.000480356
68 0.845268 -28.1754 0.00048035
69 0.845268 -28.1754 0.000480341
70 0.845268 -28.1754 0.000480336
71 0.845268 -28.1754 0.000480328
72 0.845268 -28.1754 0.000480322
73 0.845268 -28.1754 0.000480318
74 0.845268 -28.1754 0.000480312
75 0.845268 -28.1754 0.000480305
76 0.845268 -28.1754 0.000480297
77 0.845268 -28.1754 0.000480298
78 0.845268 -28.1754 0.000480296
79 0.845268 -28.1754 0.000480289
80 0.845268 -28.1754 0.000480283
81 0.845268 -28.1754 0.000480277
82 0.845268 -28.1754 0.000480275
83 0.845268 -28.1754 0.000480266
84 0.845268 -28.1754 0.000480265
85 0.845268 -28.1754 0.000480265
86 0.845268 -28.1754 0.000480259
87 0.845268 -28.1754 0.000480257
88 0.845268 -28.1754 0.000480256
89 0.845268 -28.1754 0.000480249
90 0.845268 -28.1754 0.00048025
91 0.845268 -28.1754 0.000480245
92 0.845268 -28.1754 0.000480237
93 0.845268 -28.1754 0.000480237
94 0.845268 -28.1754 0.000480236
95 0.845268 -28.1754 0.000480234
96 0.845268 -28.1754 0.00048023
97 0.845268 -28.1754 0.000480228
98 0.845268 -28.1754 0.000480222
99 0.845268 -28.1754 0.00048022
Initial energy of the MPS: -0.252775
# DMRG Sweep # Mid bond EE # Energy # Std #
0 0.0368398 14.8207 2.75726
1 0.693957 15.7486 0.0231971
2 0.694201 15.7499 0.00512102
3 0.694628 15.75 0.00172317
4 0.796499 15.75 0.00078138
5 0.859919 15.75 0.000472643
6 0.934593 15.75 0.00119303
7 0.937827 15.75 0.000252967
8 1.01501 15.75 0.000409445
9 1.02083 15.7501 0.000591312
10 1.00559 15.7501 0.00069579
11 1.00903 15.7501 0.00020824
12 1.03854 15.7501 0.000275661
13 1.02861 15.7501 0.000400458
14 1.01597 15.7501 0.000595261
15 0.996145 15.7501 0.000453051
16 1.00299 15.7501 0.00028118
17 1.0072 15.7501 0.00034528
18 1.00012 15.7501 0.000421017
19 0.989133 15.7501 0.000464604
20 0.968859 15.7501 0.000399743
21 0.964501 15.7502 0.0003102
22 0.962569 15.7502 0.000317249
23 0.951498 15.7502 0.000335842
24 0.94441 15.7502 0.000312802
25 0.933527 15.7502 0.000327812
26 0.926972 15.7502 0.000359606
27 0.901774 15.7502 0.000352712
28 0.874914 15.7502 0.000353648
29 0.827815 15.7502 0.000298127
30 0.785423 15.7502 0.000571834
31 0.564291 15.7502 0.000304429
32 0.327663 15.7502 0.000231762
33 0.159262 15.7502 0.000128332
min energy  # max energy
-28.1754 15.7502
