Initial energy of the MPS: 0.235948
# DMRG Sweep # Mid bond EE # Energy # Std #
0 0.00578731 -26.7122 5.00473
1 0.765542 -28.1754 0.00434804
2 0.844047 -28.1754 0.000605767
3 0.845252 -28.1754 0.000538666
4 0.845266 -28.1754 0.000511871
5 0.845267 -28.1754 0.000498825
6 0.845268 -28.1754 0.000492273
7 0.845268 -28.1754 0.000488286
8 0.845268 -28.1754 0.000485624
9 0.845268 -28.1754 0.000483878
10 0.845268 -28.1754 0.000482765
11 0.845268 -28.1754 0.000482245
12 0.845268 -28.1754 0.000481985
13 0.845268 -28.1754 0.000481848
14 0.845268 -28.1754 0.000481741
15 0.845268 -28.1754 0.00048166
16 0.845268 -28.1754 0.000481585
17 0.845268 -28.1754 0.000481527
18 0.845268 -28.1754 0.000481459
19 0.845268 -28.1754 0.000481413
20 0.845268 -28.1754 0.000481357
21 0.845268 -28.1754 0.000481318
22 0.845268 -28.1754 0.000481268
23 0.845268 -28.1754 0.000481224
24 0.845268 -28.1754 0.000481169
25 0.845268 -28.1754 0.000481125
26 0.845268 -28.1754 0.000481083
27 0.845268 -28.1754 0.000481048
28 0.845268 -28.1754 0.000481014
29 0.845268 -28.1754 0.000480985
30 0.845268 -28.1754 0.000480954
31 0.845268 -28.1754 0.000480921
32 0.845268 -28.1754 0.000480902
33 0.845268 -28.1754 0.000480876
34 0.845268 -28.1754 0.000480849
35 0.845268 -28.1754 0.000480828
36 0.845268 -28.1754 0.000480804
37 0.845268 -28.1754 0.000480788
38 0.845268 -28.1754 0.000480765
39 0.845268 -28.1754 0.000480746
40 0.845268 -28.1754 0.000480725
41 0.845268 -28.1754 0.000480705
42 0.845268 -28.1754 0.000480692
43 0.845268 -28.1754 0.000480672
44 0.845268 -28.1754 0.000480653
45 0.845268 -28.1754 0.000480637
46 0.845268 -28.1754 0.000480619
47 0.845268 -28.1754 0.000480603
48 0.845268 -28.1754 0.000480587
49 0.845268 -28.1754 0.000480571
50 0.845268 -28.1754 0.000480556
51 0.845268 -28.1754 0.000480542
52 0.845268 -28.1754 0.000480532
53 0.845268 -28.1754 0.000480519
54 0.845268 -28.1754 0.000480504
55 0.845268 -28.1754 0.000480495
56 0.845268 -28.1754 0.000480484
57 0.845268 -28.1754 0.00048047
58 0.845268 -28.1754 0.000480464
59 0.845268 -28.1754 0.000480452
60 0.845268 -28.1754 0.00048044
61 0.845268 -28.1754 0.000480433
62 0.845268 -28.1754 0.000480426
63 0.845268 -28.1754 0.000480414
64 0.845268 -28.1754 0.000480408
65 0.845268 -28.1754 0.000480397
66 0.845268 -28.1754 0.000480394
67 0.845268 -28.1754 0.000480385
68 0.845268 -28.1754 0.000480377
69 0.845268 -28.1754 0.000480369
70 0.845268 -28.1754 0.000480365
71 0.845268 -28.1754 0.000480357
72 0.845268 -28.1754 0.000480355
73 0.845268 -28.1754 0.00048035
74 0.845268 -28.1754 0.000480343
75 0.845268 -28.1754 0.000480335
76 0.845268 -28.1754 0.000480332
77 0.845268 -28.1754 0.000480328
78 0.845268 -28.1754 0.000480323
79 0.845268 -28.1754 0.000480315
80 0.845268 -28.1754 0.000480314
81 0.845268 -28.1754 0.000480309
82 0.845268 -28.1754 0.000480303
83 0.845268 -28.1754 0.000480299
84 0.845268 -28.1754 0.000480294
85 0.845268 -28.1754 0.000480292
86 0.845268 -28.1754 0.000480291
87 0.845268 -28.1754 0.000480285
88 0.845268 -28.1754 0.000480282
89 0.845268 -28.1754 0.000480277
90 0.845268 -28.1754 0.00048028
91 0.845268 -28.1754 0.000480276
92 0.845268 -28.1754 0.000480271
93 0.845268 -28.1754 0.000480267
94 0.845268 -28.1754 0.000480263
95 0.845268 -28.1754 0.000480259
96 0.845268 -28.1754 0.000480255
97 0.845268 -28.1754 0.000480253
98 0.845268 -28.1754 0.000480251
99 0.845268 -28.1754 0.000480248
Initial energy of the MPS: -0.252821
# DMRG Sweep # Mid bond EE # Energy # Std #
0 0.0367313 14.8161 2.76467
1 0.695228 15.7484 0.0231517
2 0.695278 15.75 0.00375718
3 0.693683 15.75 0.000315654
4 0.694763 15.75 0.000163751
5 0.69507 15.75 0.000126664
min energy  # max energy
-28.1754 15.75
