Initial energy of the MPS: 0.236075
# DMRG Sweep # Mid bond EE # Energy # Std #
0 0.0057874 -26.7125 5.00479
1 0.765548 -28.1754 0.00434792
2 0.844048 -28.1754 0.000605802
3 0.845252 -28.1754 0.000538639
4 0.845266 -28.1754 0.000511822
5 0.845267 -28.1754 0.000498832
6 0.845268 -28.1754 0.000492341
7 0.845268 -28.1754 0.000488407
8 0.845268 -28.1754 0.00048578
9 0.845268 -28.1754 0.000484041
10 0.845268 -28.1754 0.000482868
11 0.845268 -28.1754 0.000482298
12 0.845268 -28.1754 0.000482023
13 0.845268 -28.1754 0.000481881
14 0.845268 -28.1754 0.00048177
15 0.845268 -28.1754 0.000481694
16 0.845268 -28.1754 0.000481614
17 0.845268 -28.1754 0.000481553
18 0.845268 -28.1754 0.000481491
19 0.845268 -28.1754 0.000481439
20 0.845268 -28.1754 0.000481385
21 0.845268 -28.1754 0.000481347
22 0.845268 -28.1754 0.000481292
23 0.845268 -28.1754 0.000481253
24 0.845268 -28.1754 0.000481204
25 0.845268 -28.1754 0.000481164
26 0.845268 -28.1754 0.000481119
27 0.845268 -28.1754 0.000481084
28 0.845268 -28.1754 0.000481051
29 0.845268 -28.1754 0.000481022
30 0.845268 -28.1754 0.00048099
31 0.845268 -28.1754 0.000480972
32 0.845268 -28.1754 0.000480942
33 0.845268 -28.1754 0.000480918
34 0.845268 -28.1754 0.000480895
35 0.845268 -28.1754 0.000480874
36 0.845268 -28.1754 0.000480851
37 0.845268 -28.1754 0.000480831
38 0.845268 -28.1754 0.00048081
39 0.845268 -28.1754 0.00048079
40 0.845268 -28.1754 0.000480769
41 0.845268 -28.1754 0.000480752
42 0.845268 -28.1754 0.000480732
43 0.845268 -28.1754 0.000480717
44 0.845268 -28.1754 0.000480696
45 0.845268 -28.1754 0.000480679
46 0.845268 -28.1754 0.000480659
47 0.845268 -28.1754 0.000480642
48 0.845268 -28.1754 0.000480622
49 0.845268 -28.1754 0.000480608
50 0.845268 -28.1754 0.000480587
51 0.845268 -28.1754 0.000480581
52 0.845268 -28.1754 0.00048056
53 0.845268 -28.1754 0.000480547
54 0.845268 -28.1754 0.00048053
55 0.845268 -28.1754 0.000480517
56 0.845268 -28.1754 0.000480503
57 0.845268 -28.1754 0.000480493
58 0.845268 -28.1754 0.000480481
59 0.845268 -28.1754 0.000480469
60 0.845268 -28.1754 0.000480461
61 0.845268 -28.1754 0.000480452
62 0.845268 -28.1754 0.00048044
63 0.845268 -28.1754 0.000480433
64 0.845268 -28.1754 0.000480418
65 0.845268 -28.1754 0.000480414
66 0.845268 -28.1754 0.000480405
67 0.845268 -28.1754 0.000480397
68 0.845268 -28.1754 0.000480391
69 0.845268 -28.1754 0.000480381
70 0.845268 -28.1754 0.000480374
71 0.845268 -28.1754 0.000480372
72 0.845268 -28.1754 0.000480361
73 0.845268 -28.1754 0.000480361
74 0.845268 -28.1754 0.00048035
75 0.845268 -28.1754 0.000480346
76 0.845268 -28.1754 0.000480341
77 0.845268 -28.1754 0.000480336
78 0.845268 -28.1754 0.000480329
79 0.845268 -28.1754 0.000480328
80 0.845268 -28.1754 0.000480322
81 0.845268 -28.1754 0.000480319
82 0.845268 -28.1754 0.000480314
83 0.845268 -28.1754 0.00048031
84 0.845268 -28.1754 0.000480308
85 0.845268 -28.1754 0.000480309
86 0.845268 -28.1754 0.000480296
87 0.845268 -28.1754 0.000480298
88 0.845268 -28.1754 0.000480293
89 0.845268 -28.1754 0.000480287
90 0.845268 -28.1754 0.000480288
91 0.845268 -28.1754 0.000480283
92 0.845268 -28.1754 0.000480278
93 0.845268 -28.1754 0.000480277
94 0.845268 -28.1754 0.000480278
95 0.845268 -28.1754 0.00048027
96 0.845268 -28.1754 0.000480268
97 0.845268 -28.1754 0.000480269
98 0.845268 -28.1754 0.000480262
99 0.845268 -28.1754 0.000480263
Initial energy of the MPS: -0.252791
# DMRG Sweep # Mid bond EE # Energy # Std #
0 0.0364737 14.8174 2.75923
1 0.694991 15.7488 0.0235143
2 0.69565 15.75 0.00445267
3 0.693726 15.7501 0.00161224
4 0.714318 15.7501 0.00100849
5 0.864799 15.7501 0.000386496
6 0.9314 15.7501 0.000614308
7 0.93823 15.7501 0.000673372
8 0.947374 15.7501 0.000365481
9 0.987039 15.7502 0.000522813
10 0.958684 15.7502 0.000597471
11 0.961502 15.7502 0.000208975
12 0.986573 15.7502 0.000246439
13 0.973791 15.7502 0.000302571
14 0.970932 15.7502 0.000457406
15 0.943755 15.7502 0.000524001
16 0.930249 15.7502 0.000278489
17 0.930884 15.7502 0.000271462
18 0.917266 15.7502 0.000335417
19 0.897879 15.7502 0.000317103
20 0.879842 15.7502 0.000380608
21 0.837308 15.7502 0.00041105
22 0.744404 15.7502 0.000407563
23 0.483405 15.7502 0.000335218
24 0.266843 15.7502 0.000254138
25 0.124212 15.7502 0.000139988
min energy  # max energy
-28.1754 15.7502
