Initial energy of the MPS: 0.236128
# DMRG Sweep # Mid bond EE # Energy # Std #
0 0.00578736 -26.71 5.00434
1 0.76553 -28.1754 0.00434837
2 0.844045 -28.1754 0.00060578
3 0.845252 -28.1754 0.000538645
4 0.845265 -28.1754 0.00051187
5 0.845267 -28.1754 0.000498923
6 0.845267 -28.1754 0.000492516
7 0.845268 -28.1754 0.000488661
8 0.845268 -28.1754 0.000485935
9 0.845268 -28.1754 0.000483981
10 0.845268 -28.1754 0.000482779
11 0.845268 -28.1754 0.000482238
12 0.845268 -28.1754 0.000481977
13 0.845268 -28.1754 0.000481837
14 0.845268 -28.1754 0.000481728
15 0.845268 -28.1754 0.000481647
16 0.845268 -28.1754 0.00048157
17 0.845268 -28.1754 0.000481511
18 0.845268 -28.1754 0.000481446
19 0.845268 -28.1754 0.000481399
20 0.845268 -28.1754 0.000481343
21 0.845268 -28.1754 0.000481302
22 0.845268 -28.1754 0.000481253
23 0.845268 -28.1754 0.000481206
24 0.845268 -28.1754 0.000481155
25 0.845268 -28.1754 0.000481112
26 0.845268 -28.1754 0.000481066
27 0.845268 -28.1754 0.000481033
28 0.845268 -28.1754 0.000480997
29 0.845268 -28.1754 0.000480973
30 0.845268 -28.1754 0.000480935
31 0.845268 -28.1754 0.000480914
32 0.845268 -28.1754 0.000480889
33 0.845268 -28.1754 0.000480863
34 0.845268 -28.1754 0.000480838
35 0.845268 -28.1754 0.000480814
36 0.845268 -28.1754 0.000480794
37 0.845268 -28.1754 0.000480774
38 0.845268 -28.1754 0.00048075
39 0.845268 -28.1754 0.000480734
40 0.845268 -28.1754 0.000480712
41 0.845268 -28.1754 0.000480696
42 0.845268 -28.1754 0.000480672
43 0.845268 -28.1754 0.000480659
44 0.845268 -28.1754 0.000480637
45 0.845268 -28.1754 0.000480626
46 0.845268 -28.1754 0.000480606
47 0.845268 -28.1754 0.000480591
48 0.845268 -28.1754 0.000480576
49 0.845268 -28.1754 0.000480558
50 0.845268 -28.1754 0.000480542
51 0.845268 -28.1754 0.000480531
52 0.845268 -28.1754 0.00048052
53 0.845268 -28.1754 0.000480506
54 0.845268 -28.1754 0.000480495
55 0.845268 -28.1754 0.000480483
56 0.845268 -28.1754 0.000480471
57 0.845268 -28.1754 0.000480458
58 0.845268 -28.1754 0.00048045
59 0.845268 -28.1754 0.000480444
60 0.845268 -28.1754 0.000480428
61 0.845268 -28.1754 0.000480419
62 0.845268 -28.1754 0.000480411
63 0.845268 -28.1754 0.000480402
64 0.845268 -28.1754 0.000480391
65 0.845268 -28.1754 0.000480385
66 0.845268 -28.1754 0.000480379
67 0.845268 -28.1754 0.000480375
68 0.845268 -28.1754 0.000480365
69 0.845268 -28.1754 0.00048036
70 0.845268 -28.1754 0.000480352
71 0.845268 -28.1754 0.000480345
72 0.845268 -28.1754 0.000480337
73 0.845268 -28.1754 0.000480331
74 0.845268 -28.1754 0.000480327
75 0.845268 -28.1754 0.000480323
76 0.845268 -28.1754 0.00048032
77 0.845268 -28.1754 0.000480313
78 0.845268 -28.1754 0.00048031
79 0.845268 -28.1754 0.000480305
80 0.845268 -28.1754 0.000480302
81 0.845268 -28.1754 0.000480298
82 0.845268 -28.1754 0.000480292
83 0.845268 -28.1754 0.000480285
84 0.845268 -28.1754 0.000480283
85 0.845268 -28.1754 0.000480282
86 0.845268 -28.1754 0.000480277
87 0.845268 -28.1754 0.000480267
88 0.845268 -28.1754 0.000480268
89 0.845268 -28.1754 0.000480263
90 0.845268 -28.1754 0.000480263
91 0.845268 -28.1754 0.000480258
92 0.845268 -28.1754 0.000480257
93 0.845268 -28.1754 0.000480251
94 0.845268 -28.1754 0.000480246
95 0.845268 -28.1754 0.000480244
96 0.845268 -28.1754 0.000480242
97 0.845268 -28.1754 0.000480239
98 0.845268 -28.1754 0.000480235
99 0.845268 -28.1754 0.000480231
Initial energy of the MPS: -0.252796
# DMRG Sweep # Mid bond EE # Energy # Std #
0 0.0364477 14.8285 2.75522
1 0.694355 15.7484 0.0238729
2 0.697457 15.7499 0.00479559
3 0.697428 15.75 0.000664796
4 0.696923 15.75 0.000239639
5 0.703772 15.75 0.000704554
6 0.751334 15.75 0.000462395
7 0.783299 15.75 0.000150554
8 0.83892 15.75 0.000106716
min energy  # max energy
-28.1754 15.75
