Initial energy of the MPS: 0.236112
# DMRG Sweep # Mid bond EE # Energy # Std #
0 0.00578735 -26.7121 5.00475
1 0.765533 -28.1754 0.00434847
2 0.844046 -28.1754 0.000605748
3 0.845252 -28.1754 0.000538644
4 0.845266 -28.1754 0.000511862
5 0.845267 -28.1754 0.00049886
6 0.845268 -28.1754 0.000492393
7 0.845268 -28.1754 0.000488458
8 0.845268 -28.1754 0.000485728
9 0.845268 -28.1754 0.000483889
10 0.845268 -28.1754 0.000482756
11 0.845268 -28.1754 0.000482235
12 0.845268 -28.1754 0.000481979
13 0.845268 -28.1754 0.000481842
14 0.845268 -28.1754 0.000481738
15 0.845268 -28.1754 0.000481655
16 0.845268 -28.1754 0.000481576
17 0.845268 -28.1754 0.000481524
18 0.845268 -28.1754 0.00048146
19 0.845268 -28.1754 0.000481411
20 0.845268 -28.1754 0.000481357
21 0.845268 -28.1754 0.000481314
22 0.845268 -28.1754 0.000481263
23 0.845268 -28.1754 0.00048122
24 0.845268 -28.1754 0.000481169
25 0.845268 -28.1754 0.000481126
26 0.845268 -28.1754 0.000481082
27 0.845268 -28.1754 0.000481052
28 0.845268 -28.1754 0.000481011
29 0.845268 -28.1754 0.000480983
30 0.845268 -28.1754 0.000480955
31 0.845268 -28.1754 0.000480927
32 0.845268 -28.1754 0.0004809
33 0.845268 -28.1754 0.000480875
34 0.845268 -28.1754 0.000480853
35 0.845268 -28.1754 0.000480829
36 0.845268 -28.1754 0.000480805
37 0.845268 -28.1754 0.000480789
38 0.845268 -28.1754 0.000480763
39 0.845268 -28.1754 0.000480741
40 0.845268 -28.1754 0.000480726
41 0.845268 -28.1754 0.00048071
42 0.845268 -28.1754 0.000480688
43 0.845268 -28.1754 0.00048067
44 0.845268 -28.1754 0.000480652
45 0.845268 -28.1754 0.000480633
46 0.845268 -28.1754 0.000480621
47 0.845268 -28.1754 0.000480606
48 0.845268 -28.1754 0.000480588
49 0.845268 -28.1754 0.000480575
50 0.845268 -28.1754 0.000480555
51 0.845268 -28.1754 0.000480542
52 0.845268 -28.1754 0.000480529
53 0.845268 -28.1754 0.000480518
54 0.845268 -28.1754 0.000480503
55 0.845268 -28.1754 0.000480494
56 0.845268 -28.1754 0.000480485
57 0.845268 -28.1754 0.000480471
58 0.845268 -28.1754 0.000480457
59 0.845268 -28.1754 0.000480451
60 0.845268 -28.1754 0.000480441
61 0.845268 -28.1754 0.00048043
62 0.845268 -28.1754 0.000480425
63 0.845268 -28.1754 0.000480412
64 0.845268 -28.1754 0.000480407
65 0.845268 -28.1754 0.000480398
66 0.845268 -28.1754 0.000480393
67 0.845268 -28.1754 0.000480384
68 0.845268 -28.1754 0.000480375
69 0.845268 -28.1754 0.000480372
70 0.845268 -28.1754 0.000480362
71 0.845268 -28.1754 0.000480357
72 0.845268 -28.1754 0.000480354
73 0.845268 -28.1754 0.000480349
74 0.845268 -28.1754 0.000480343
75 0.845268 -28.1754 0.000480335
76 0.845268 -28.1754 0.000480332
77 0.845268 -28.1754 0.000480327
78 0.845268 -28.1754 0.000480322
79 0.845268 -28.1754 0.000480318
80 0.845268 -28.1754 0.000480312
81 0.845268 -28.1754 0.000480308
82 0.845268 -28.1754 0.000480305
83 0.845268 -28.1754 0.000480296
84 0.845268 -28.1754 0.000480297
85 0.845268 -28.1754 0.000480293
86 0.845268 -28.1754 0.000480289
87 0.845268 -28.1754 0.000480282
88 0.845268 -28.1754 0.000480283
89 0.845268 -28.1754 0.000480278
90 0.845268 -28.1754 0.000480273
91 0.845268 -28.1754 0.000480272
92 0.845268 -28.1754 0.000480268
93 0.845268 -28.1754 0.000480263
94 0.845268 -28.1754 0.000480261
95 0.845268 -28.1754 0.000480261
96 0.845268 -28.1754 0.000480256
97 0.845268 -28.1754 0.00048025
98 0.845268 -28.1754 0.000480249
99 0.845268 -28.1754 0.000480252
Initial energy of the MPS: -0.252791
# DMRG Sweep # Mid bond EE # Energy # Std #
0 0.0361051 14.8107 2.75715
1 0.695146 15.7484 0.0259076
2 0.693643 15.7499 0.00406003
3 0.69414 15.7499 0.00194566
4 0.765526 15.75 0.00168406
5 0.837526 15.75 0.000917578
6 0.92649 15.75 0.000965697
7 0.938887 15.7501 0.000516036
8 1.00336 15.7501 0.000641828
9 0.996295 15.7501 0.000819895
10 0.988123 15.7501 0.000598756
11 1.01271 15.7502 0.000587904
12 1.00922 15.7502 0.000820657
13 0.991458 15.7502 0.000736292
14 0.990576 15.7502 0.000483753
15 0.995607 15.7502 0.000532608
16 0.982327 15.7503 0.000698048
17 0.965842 15.7503 0.000637058
18 0.948857 15.7503 0.00062563
19 0.937008 15.7503 0.000629828
20 0.908867 15.7503 0.000625801
21 0.874219 15.7503 0.000570358
22 0.842653 15.7504 0.000451078
23 0.825152 15.7504 0.00081918
24 0.587699 15.7504 0.000442319
25 0.216512 15.7504 0.000222603
26 0.0580479 15.7504 0.000113721
min energy  # max energy
-28.1754 15.7504
