Initial energy of the MPS: 0.236109
# DMRG Sweep # Mid bond EE # Energy # Std #
0 0.00578734 -26.711 5.00456
1 0.765531 -28.1754 0.00434942
2 0.844047 -28.1754 0.000605769
3 0.845252 -28.1754 0.000538667
4 0.845266 -28.1754 0.000511886
5 0.845267 -28.1754 0.00049891
6 0.845268 -28.1754 0.000492462
7 0.845268 -28.1754 0.000488543
8 0.845268 -28.1754 0.000485728
9 0.845268 -28.1754 0.000483829
10 0.845268 -28.1754 0.000482719
11 0.845268 -28.1754 0.000482224
12 0.845268 -28.1754 0.000481982
13 0.845268 -28.1754 0.000481851
14 0.845268 -28.1754 0.000481743
15 0.845268 -28.1754 0.000481667
16 0.845268 -28.1754 0.000481589
17 0.845268 -28.1754 0.000481533
18 0.845268 -28.1754 0.000481472
19 0.845268 -28.1754 0.000481428
20 0.845268 -28.1754 0.000481371
21 0.845268 -28.1754 0.00048133
22 0.845268 -28.1754 0.000481278
23 0.845268 -28.1754 0.000481234
24 0.845268 -28.1754 0.00048118
25 0.845268 -28.1754 0.000481137
26 0.845268 -28.1754 0.000481099
27 0.845268 -28.1754 0.000481062
28 0.845268 -28.1754 0.00048103
29 0.845268 -28.1754 0.000481005
30 0.845268 -28.1754 0.000480972
31 0.845268 -28.1754 0.000480949
32 0.845268 -28.1754 0.000480921
33 0.845268 -28.1754 0.000480903
34 0.845268 -28.1754 0.000480877
35 0.845268 -28.1754 0.000480853
36 0.845268 -28.1754 0.000480828
37 0.845268 -28.1754 0.000480814
38 0.845268 -28.1754 0.000480788
39 0.845268 -28.1754 0.000480774
40 0.845268 -28.1754 0.000480747
41 0.845268 -28.1754 0.000480736
42 0.845268 -28.1754 0.00048071
43 0.845268 -28.1754 0.000480697
44 0.845268 -28.1754 0.000480677
45 0.845268 -28.1754 0.000480663
46 0.845268 -28.1754 0.000480641
47 0.845268 -28.1754 0.000480626
48 0.845268 -28.1754 0.00048061
49 0.845268 -28.1754 0.000480595
50 0.845268 -28.1754 0.00048058
51 0.845268 -28.1754 0.000480564
52 0.845268 -28.1754 0.000480552
53 0.845268 -28.1754 0.000480541
54 0.845268 -28.1754 0.000480527
55 0.845268 -28.1754 0.000480513
56 0.845268 -28.1754 0.000480502
57 0.845268 -28.1754 0.00048049
58 0.845268 -28.1754 0.000480481
59 0.845268 -28.1754 0.000480471
60 0.845268 -28.1754 0.00048046
61 0.845268 -28.1754 0.00048045
62 0.845268 -28.1754 0.000480441
63 0.845268 -28.1754 0.000480434
64 0.845268 -28.1754 0.000480428
65 0.845268 -28.1754 0.00048042
66 0.845268 -28.1754 0.000480408
67 0.845268 -28.1754 0.000480401
68 0.845268 -28.1754 0.000480398
69 0.845268 -28.1754 0.000480387
70 0.845268 -28.1754 0.000480383
71 0.845268 -28.1754 0.000480377
72 0.845268 -28.1754 0.000480372
73 0.845268 -28.1754 0.000480366
74 0.845268 -28.1754 0.000480357
75 0.845268 -28.1754 0.000480355
76 0.845268 -28.1754 0.000480349
77 0.845268 -28.1754 0.000480345
78 0.845268 -28.1754 0.00048034
79 0.845268 -28.1754 0.000480335
80 0.845268 -28.1754 0.000480331
81 0.845268 -28.1754 0.000480328
82 0.845268 -28.1754 0.000480325
83 0.845268 -28.1754 0.000480315
84 0.845268 -28.1754 0.000480311
85 0.845268 -28.1754 0.000480311
86 0.845268 -28.1754 0.000480307
87 0.845268 -28.1754 0.000480306
88 0.845268 -28.1754 0.000480298
89 0.845268 -28.1754 0.000480294
90 0.845268 -28.1754 0.000480292
91 0.845268 -28.1754 0.000480289
92 0.845268 -28.1754 0.000480286
93 0.845268 -28.1754 0.000480284
94 0.845268 -28.1754 0.00048028
95 0.845268 -28.1754 0.000480279
96 0.845268 -28.1754 0.000480272
97 0.845268 -28.1754 0.000480271
98 0.845268 -28.1754 0.000480264
99 0.845268 -28.1754 0.000480266
Initial energy of the MPS: -0.252841
# DMRG Sweep # Mid bond EE # Energy # Std #
0 0.0365822 14.8248 2.75564
1 0.695304 15.7486 0.0253938
2 0.695889 15.75 0.00457962
3 0.69404 15.75 0.000761073
4 0.696624 15.75 0.000363418
5 0.737231 15.75 0.000234942
6 0.852144 15.75 0.000290175
7 0.881987 15.75 0.000328308
8 0.911376 15.75 0.000286391
9 0.906302 15.7501 0.000169877
10 0.950911 15.7501 0.000240679
11 0.96589 15.7501 0.000362264
12 0.942081 15.7501 0.000124467
min energy  # max energy
-28.1754 15.7501
