Initial energy of the MPS: 0.236082
# DMRG Sweep # Mid bond EE # Energy # Std #
0 0.00578735 -26.7123 5.00477
1 0.765544 -28.1754 0.0043488
2 0.844048 -28.1754 0.000605799
3 0.845252 -28.1754 0.000538663
4 0.845265 -28.1754 0.000511867
5 0.845267 -28.1754 0.000498876
6 0.845267 -28.1754 0.000492379
7 0.845268 -28.1754 0.000488441
8 0.845268 -28.1754 0.000485744
9 0.845268 -28.1754 0.000483951
10 0.845268 -28.1754 0.000482811
11 0.845268 -28.1754 0.000482279
12 0.845268 -28.1754 0.000482018
13 0.845268 -28.1754 0.000481877
14 0.845268 -28.1754 0.000481769
15 0.845268 -28.1754 0.000481692
16 0.845268 -28.1754 0.000481613
17 0.845268 -28.1754 0.000481558
18 0.845268 -28.1754 0.000481491
19 0.845268 -28.1754 0.000481448
20 0.845268 -28.1754 0.000481392
21 0.845268 -28.1754 0.00048135
22 0.845268 -28.1754 0.000481298
23 0.845268 -28.1754 0.000481256
24 0.845268 -28.1754 0.000481202
25 0.845268 -28.1754 0.00048116
26 0.845268 -28.1754 0.000481121
27 0.845268 -28.1754 0.000481086
28 0.845268 -28.1754 0.000481047
29 0.845268 -28.1754 0.000481026
30 0.845268 -28.1754 0.000480989
31 0.845268 -28.1754 0.000480967
32 0.845268 -28.1754 0.000480941
33 0.845268 -28.1754 0.000480922
34 0.845268 -28.1754 0.000480897
35 0.845268 -28.1754 0.000480875
36 0.845268 -28.1754 0.000480854
37 0.845268 -28.1754 0.00048083
38 0.845268 -28.1754 0.00048081
39 0.845268 -28.1754 0.000480792
40 0.845268 -28.1754 0.000480767
41 0.845268 -28.1754 0.00048075
42 0.845268 -28.1754 0.000480731
43 0.845268 -28.1754 0.00048071
44 0.845268 -28.1754 0.000480693
45 0.845268 -28.1754 0.000480677
46 0.845268 -28.1754 0.000480651
47 0.845268 -28.1754 0.000480642
48 0.845268 -28.1754 0.000480623
49 0.845268 -28.1754 0.000480605
50 0.845268 -28.1754 0.000480589
51 0.845268 -28.1754 0.00048058
52 0.845268 -28.1754 0.000480559
53 0.845268 -28.1754 0.000480546
54 0.845268 -28.1754 0.000480534
55 0.845268 -28.1754 0.000480522
56 0.845268 -28.1754 0.000480509
57 0.845268 -28.1754 0.000480497
58 0.845268 -28.1754 0.000480486
59 0.845268 -28.1754 0.000480473
60 0.845268 -28.1754 0.000480462
61 0.845268 -28.1754 0.000480455
62 0.845268 -28.1754 0.000480443
63 0.845268 -28.1754 0.000480436
64 0.845268 -28.1754 0.000480428
65 0.845268 -28.1754 0.000480423
66 0.845268 -28.1754 0.000480411
67 0.845268 -28.1754 0.000480407
68 0.845268 -28.1754 0.000480392
69 0.845268 -28.1754 0.000480389
70 0.845268 -28.1754 0.000480385
71 0.845268 -28.1754 0.000480381
72 0.845268 -28.1754 0.000480371
73 0.845268 -28.1754 0.000480365
74 0.845268 -28.1754 0.000480361
75 0.845268 -28.1754 0.000480357
76 0.845268 -28.1754 0.000480348
77 0.845268 -28.1754 0.000480343
78 0.845268 -28.1754 0.000480343
79 0.845268 -28.1754 0.000480338
80 0.845268 -28.1754 0.000480334
81 0.845268 -28.1754 0.000480329
82 0.845268 -28.1754 0.000480319
83 0.845268 -28.1754 0.00048032
84 0.845268 -28.1754 0.000480312
85 0.845268 -28.1754 0.000480315
86 0.845268 -28.1754 0.000480308
87 0.845268 -28.1754 0.000480303
88 0.845268 -28.1754 0.000480302
89 0.845268 -28.1754 0.000480297
90 0.845268 -28.1754 0.000480294
91 0.845268 -28.1754 0.000480292
92 0.845268 -28.1754 0.000480286
93 0.845268 -28.1754 0.000480291
94 0.845268 -28.1754 0.000480285
95 0.845268 -28.1754 0.000480283
96 0.845268 -28.1754 0.000480278
97 0.845268 -28.1754 0.000480274
98 0.845268 -28.1754 0.000480274
99 0.845268 -28.1754 0.000480272
Initial energy of the MPS: -0.252869
# DMRG Sweep # Mid bond EE # Energy # Std #
0 0.0367561 14.8219 2.75638
1 0.694671 15.7483 0.0260648
2 0.694267 15.7499 0.00561676
3 0.693742 15.75 0.00135097
4 0.70527 15.75 0.00123296
5 0.82001 15.75 0.000386635
6 0.950408 15.75 0.000631227
7 0.956621 15.75 0.000707316
8 0.972936 15.75 0.000221792
9 1.02797 15.75 0.000321036
10 1.0276 15.75 0.000445247
11 1.0085 15.75 0.00057105
12 1.0117 15.7501 0.000282351
13 1.03478 15.7501 0.000252085
14 1.04359 15.7501 0.000332791
15 1.0365 15.7501 0.000461696
16 1.01682 15.7501 0.00056045
17 1.00082 15.7501 0.000425311
18 1.00731 15.7501 0.00027278
19 1.01375 15.7501 0.000303662
20 1.00548 15.7501 0.000405625
21 0.997249 15.7501 0.000396891
22 0.983267 15.7501 0.000388433
23 0.975039 15.7501 0.000322505
24 0.966697 15.7501 0.000314584
25 0.95377 15.7502 0.000313322
26 0.94207 15.7502 0.000286237
27 0.930455 15.7502 0.000301693
28 0.924821 15.7502 0.000269095
29 0.917364 15.7502 0.000298972
30 0.899094 15.7502 0.000299053
31 0.866263 15.7502 0.000315
32 0.802009 15.7502 0.000333741
33 0.671403 15.7502 0.000419636
34 0.457342 15.7502 0.000425034
35 0.245061 15.7502 0.000322569
36 0.13286 15.7502 0.000188056
37 0.0798964 15.7502 0.000115491
min energy  # max energy
-28.1754 15.7502
