Initial energy of the MPS: 0.236067
# DMRG Sweep # Mid bond EE # Energy # Std #
0 0.00578733 -26.713 5.00483
1 0.765517 -28.1754 0.00435075
2 0.844046 -28.1754 0.000605789
3 0.845252 -28.1754 0.000538728
4 0.845265 -28.1754 0.000511962
5 0.845267 -28.1754 0.000498995
6 0.845267 -28.1754 0.000492619
7 0.845267 -28.1754 0.000488767
8 0.845267 -28.1754 0.00048592
9 0.845268 -28.1754 0.000483878
10 0.845268 -28.1754 0.000482712
11 0.845268 -28.1754 0.000482226
12 0.845268 -28.1754 0.000481988
13 0.845268 -28.1754 0.000481851
14 0.845268 -28.1754 0.000481748
15 0.845268 -28.1754 0.000481671
16 0.845268 -28.1754 0.000481592
17 0.845268 -28.1754 0.000481537
18 0.845268 -28.1754 0.000481478
19 0.845268 -28.1754 0.00048143
20 0.845268 -28.1754 0.000481375
21 0.845268 -28.1754 0.000481335
22 0.845268 -28.1754 0.000481282
23 0.845268 -28.1754 0.000481239
24 0.845268 -28.1754 0.000481185
25 0.845268 -28.1754 0.000481147
26 0.845268 -28.1754 0.000481107
27 0.845268 -28.1754 0.000481077
28 0.845268 -28.1754 0.000481037
29 0.845268 -28.1754 0.000481011
30 0.845268 -28.1754 0.000480978
31 0.845268 -28.1754 0.000480959
32 0.845268 -28.1754 0.00048093
33 0.845268 -28.1754 0.00048091
34 0.845268 -28.1754 0.000480879
35 0.845268 -28.1754 0.000480864
36 0.845268 -28.1754 0.000480839
37 0.845268 -28.1754 0.000480825
38 0.845268 -28.1754 0.000480804
39 0.845268 -28.1754 0.000480787
40 0.845268 -28.1754 0.000480765
41 0.845268 -28.1754 0.000480747
42 0.845268 -28.1754 0.000480732
43 0.845268 -28.1754 0.000480716
44 0.845268 -28.1754 0.000480696
45 0.845268 -28.1754 0.000480681
46 0.845268 -28.1754 0.000480666
47 0.845268 -28.1754 0.000480652
48 0.845268 -28.1754 0.000480635
49 0.845268 -28.1754 0.000480623
50 0.845268 -28.1754 0.000480602
51 0.845268 -28.1754 0.000480594
52 0.845268 -28.1754 0.000480574
53 0.845268 -28.1754 0.00048057
54 0.845268 -28.1754 0.000480553
55 0.845268 -28.1754 0.000480542
56 0.845268 -28.1754 0.000480528
57 0.845268 -28.1754 0.000480517
58 0.845268 -28.1754 0.000480503
59 0.845268 -28.1754 0.0004805
60 0.845268 -28.1754 0.000480486
61 0.845268 -28.1754 0.000480476
62 0.845268 -28.1754 0.000480467
63 0.845268 -28.1754 0.000480457
64 0.845268 -28.1754 0.000480447
65 0.845268 -28.1754 0.000480442
66 0.845268 -28.1754 0.000480432
67 0.845268 -28.1754 0.000480429
68 0.845268 -28.1754 0.000480417
69 0.845268 -28.1754 0.00048041
70 0.845268 -28.1754 0.000480403
71 0.845268 -28.1754 0.000480399
72 0.845268 -28.1754 0.000480394
73 0.845268 -28.1754 0.000480388
74 0.845268 -28.1754 0.000480382
75 0.845268 -28.1754 0.000480376
76 0.845268 -28.1754 0.00048037
77 0.845268 -28.1754 0.00048037
78 0.845268 -28.1754 0.000480356
79 0.845268 -28.1754 0.000480358
80 0.845268 -28.1754 0.000480349
81 0.845268 -28.1754 0.000480347
82 0.845268 -28.1754 0.000480339
83 0.845268 -28.1754 0.000480338
84 0.845268 -28.1754 0.000480334
85 0.845268 -28.1754 0.000480332
86 0.845268 -28.1754 0.000480329
87 0.845268 -28.1754 0.000480323
88 0.845268 -28.1754 0.000480315
89 0.845268 -28.1754 0.000480315
90 0.845268 -28.1754 0.000480308
91 0.845268 -28.1754 0.000480309
92 0.845268 -28.1754 0.000480302
93 0.845268 -28.1754 0.000480303
94 0.845268 -28.1754 0.000480294
95 0.845268 -28.1754 0.000480292
96 0.845268 -28.1754 0.000480289
97 0.845268 -28.1754 0.000480287
98 0.845268 -28.1754 0.000480281
99 0.845268 -28.1754 0.000480279
Initial energy of the MPS: -0.252802
# DMRG Sweep # Mid bond EE # Energy # Std #
0 0.036518 14.8111 2.76554
1 0.695301 15.7485 0.0256346
2 0.694191 15.7499 0.00398716
3 0.693257 15.75 0.00106043
4 0.718925 15.75 0.000762976
5 0.831855 15.75 0.000462046
6 0.942794 15.75 0.000484221
7 0.965014 15.75 0.000744823
8 0.95845 15.75 0.000219123
9 1.02206 15.75 0.000320483
10 1.03147 15.75 0.000538232
11 1.00809 15.75 0.000641683
12 1.00777 15.75 0.000218977
13 1.04325 15.7501 0.000312548
14 1.03878 15.7501 0.000342323
15 1.02685 15.7501 0.000430557
16 1.0161 15.7501 0.000373356
17 1.01258 15.7501 0.000522902
18 1.00259 15.7501 0.000273629
19 1.01571 15.7501 0.000305327
20 1.01172 15.7501 0.00044534
21 0.989257 15.7501 0.000401573
22 0.986942 15.7501 0.000317278
23 0.977489 15.7501 0.000290101
24 0.973441 15.7501 0.000255097
25 0.968182 15.7501 0.000265644
26 0.962586 15.7501 0.000304899
27 0.945727 15.7501 0.00030202
28 0.932799 15.7501 0.000315401
29 0.916793 15.7502 0.000283601
30 0.907105 15.7502 0.000289816
31 0.892797 15.7502 0.000261551
32 0.874328 15.7502 0.00027624
33 0.826094 15.7502 0.000283193
34 0.751009 15.7502 0.000451655
35 0.602663 15.7502 0.000804442
36 0.280033 15.7502 0.000405526
37 0.0862079 15.7502 0.00015756
38 0.0227697 15.7502 5.01314e-05
min energy  # max energy
-28.1754 15.7502
