Initial energy of the MPS: 0.236069
# DMRG Sweep # Mid bond EE # Energy # Std #
0 0.00578737 -26.7118 5.00472
1 0.765545 -28.1754 0.00434809
2 0.844047 -28.1754 0.000605793
3 0.845252 -28.1754 0.000538695
4 0.845266 -28.1754 0.000511886
5 0.845267 -28.1754 0.000498822
6 0.845268 -28.1754 0.00049225
7 0.845268 -28.1754 0.000488278
8 0.845268 -28.1754 0.00048566
9 0.845268 -28.1754 0.00048395
10 0.845268 -28.1754 0.000482822
11 0.845268 -28.1754 0.000482277
12 0.845268 -28.1754 0.000482012
13 0.845268 -28.1754 0.000481867
14 0.845268 -28.1754 0.000481762
15 0.845268 -28.1754 0.000481681
16 0.845268 -28.1754 0.000481603
17 0.845268 -28.1754 0.000481542
18 0.845268 -28.1754 0.000481487
19 0.845268 -28.1754 0.000481434
20 0.845268 -28.1754 0.000481381
21 0.845268 -28.1754 0.000481339
22 0.845268 -28.1754 0.000481287
23 0.845268 -28.1754 0.000481248
24 0.845268 -28.1754 0.000481199
25 0.845268 -28.1754 0.000481155
26 0.845268 -28.1754 0.000481111
27 0.845268 -28.1754 0.000481073
28 0.845268 -28.1754 0.000481036
29 0.845268 -28.1754 0.000481005
30 0.845268 -28.1754 0.000480976
31 0.845268 -28.1754 0.000480951
32 0.845268 -28.1754 0.000480924
33 0.845268 -28.1754 0.000480905
34 0.845268 -28.1754 0.000480876
35 0.845268 -28.1754 0.000480856
36 0.845268 -28.1754 0.000480835
37 0.845268 -28.1754 0.000480811
38 0.845268 -28.1754 0.000480789
39 0.845268 -28.1754 0.000480768
40 0.845268 -28.1754 0.000480751
41 0.845268 -28.1754 0.000480733
42 0.845268 -28.1754 0.000480705
43 0.845268 -28.1754 0.00048069
44 0.845268 -28.1754 0.000480674
45 0.845268 -28.1754 0.000480659
46 0.845268 -28.1754 0.000480642
47 0.845268 -28.1754 0.000480628
48 0.845268 -28.1754 0.000480606
49 0.845268 -28.1754 0.000480597
50 0.845268 -28.1754 0.000480575
51 0.845268 -28.1754 0.000480567
52 0.845268 -28.1754 0.000480546
53 0.845268 -28.1754 0.000480539
54 0.845268 -28.1754 0.000480522
55 0.845268 -28.1754 0.000480514
56 0.845268 -28.1754 0.000480494
57 0.845268 -28.1754 0.000480494
58 0.845268 -28.1754 0.000480475
59 0.845268 -28.1754 0.00048047
60 0.845268 -28.1754 0.000480455
61 0.845268 -28.1754 0.000480448
62 0.845268 -28.1754 0.000480435
63 0.845268 -28.1754 0.000480433
64 0.845268 -28.1754 0.000480423
65 0.845268 -28.1754 0.000480416
66 0.845268 -28.1754 0.000480408
67 0.845268 -28.1754 0.000480407
68 0.845268 -28.1754 0.000480394
69 0.845268 -28.1754 0.00048039
70 0.845268 -28.1754 0.000480383
71 0.845268 -28.1754 0.000480377
72 0.845268 -28.1754 0.000480368
73 0.845268 -28.1754 0.000480366
74 0.845268 -28.1754 0.000480356
75 0.845268 -28.1754 0.000480355
76 0.845268 -28.1754 0.000480344
77 0.845268 -28.1754 0.000480346
78 0.845268 -28.1754 0.000480339
79 0.845268 -28.1754 0.000480335
80 0.845268 -28.1754 0.000480331
81 0.845268 -28.1754 0.000480328
82 0.845268 -28.1754 0.000480323
83 0.845268 -28.1754 0.000480323
84 0.845268 -28.1754 0.000480312
85 0.845268 -28.1754 0.000480314
86 0.845268 -28.1754 0.000480307
87 0.845268 -28.1754 0.000480306
88 0.845268 -28.1754 0.000480301
89 0.845268 -28.1754 0.000480298
90 0.845268 -28.1754 0.000480293
91 0.845268 -28.1754 0.00048029
92 0.845268 -28.1754 0.000480287
93 0.845268 -28.1754 0.000480289
94 0.845268 -28.1754 0.000480282
95 0.845268 -28.1754 0.000480282
96 0.845268 -28.1754 0.000480279
97 0.845268 -28.1754 0.000480273
98 0.845268 -28.1754 0.000480271
99 0.845268 -28.1754 0.000480268
Initial energy of the MPS: -0.252846
# DMRG Sweep # Mid bond EE # Energy # Std #
0 0.0366786 14.8221 2.75612
1 0.694429 15.7484 0.0248477
2 0.698289 15.7499 0.00500142
3 0.694244 15.75 0.00179047
4 0.739433 15.75 0.00110385
5 0.877222 15.7501 0.0011075
6 0.867909 15.7501 0.000851021
7 0.959913 15.7501 0.000806218
8 0.958622 15.7501 0.000503958
9 0.996617 15.7501 0.000454487
10 0.997633 15.7502 0.000724146
11 0.98211 15.7502 0.000535888
12 0.993244 15.7502 0.000397341
13 0.983506 15.7502 0.000496552
14 0.967565 15.7502 0.000434547
15 0.96353 15.7502 0.000437351
16 0.958004 15.7502 0.000454567
17 0.945774 15.7503 0.000484509
18 0.926903 15.7503 0.00048089
19 0.90558 15.7503 0.000442052
20 0.882947 15.7503 0.000468072
21 0.824945 15.7503 0.000488761
22 0.699974 15.7503 0.00058129
23 0.459197 15.7503 0.000559861
24 0.198761 15.7503 0.000335809
25 0.060181 15.7503 0.000173598
26 0.0120111 15.7503 7.65348e-05
min energy  # max energy
-28.1754 15.7503
