Initial energy of the MPS: 0.236111
# DMRG Sweep # Mid bond EE # Energy # Std #
0 0.00578732 -26.7128 5.00478
1 0.765513 -28.1754 0.00434974
2 0.844044 -28.1754 0.000605745
3 0.845252 -28.1754 0.000538732
4 0.845265 -28.1754 0.000511975
5 0.845267 -28.1754 0.000498951
6 0.845267 -28.1754 0.000492484
7 0.845268 -28.1754 0.000488564
8 0.845268 -28.1754 0.000485671
9 0.845268 -28.1754 0.000483696
10 0.845268 -28.1754 0.00048262
11 0.845268 -28.1754 0.000482162
12 0.845268 -28.1754 0.000481933
13 0.845268 -28.1754 0.000481798
14 0.845268 -28.1754 0.000481692
15 0.845268 -28.1754 0.000481617
16 0.845268 -28.1754 0.000481538
17 0.845268 -28.1754 0.000481484
18 0.845268 -28.1754 0.000481412
19 0.845268 -28.1754 0.000481373
20 0.845268 -28.1754 0.000481314
21 0.845268 -28.1754 0.000481268
22 0.845268 -28.1754 0.000481215
23 0.845268 -28.1754 0.000481169
24 0.845268 -28.1754 0.000481116
25 0.845268 -28.1754 0.000481076
26 0.845268 -28.1754 0.000481034
27 0.845268 -28.1754 0.000481003
28 0.845268 -28.1754 0.000480968
29 0.845268 -28.1754 0.000480938
30 0.845268 -28.1754 0.00048091
31 0.845268 -28.1754 0.000480883
32 0.845268 -28.1754 0.000480859
33 0.845268 -28.1754 0.000480836
34 0.845268 -28.1754 0.000480817
35 0.845268 -28.1754 0.000480792
36 0.845268 -28.1754 0.000480774
37 0.845268 -28.1754 0.000480759
38 0.845268 -28.1754 0.000480736
39 0.845268 -28.1754 0.000480718
40 0.845268 -28.1754 0.000480703
41 0.845268 -28.1754 0.000480685
42 0.845268 -28.1754 0.00048067
43 0.845268 -28.1754 0.000480654
44 0.845268 -28.1754 0.00048064
45 0.845268 -28.1754 0.00048062
46 0.845268 -28.1754 0.000480604
47 0.845268 -28.1754 0.000480589
48 0.845268 -28.1754 0.000480573
49 0.845268 -28.1754 0.000480563
50 0.845268 -28.1754 0.000480548
51 0.845268 -28.1754 0.000480538
52 0.845268 -28.1754 0.000480525
53 0.845268 -28.1754 0.000480511
54 0.845268 -28.1754 0.000480495
55 0.845268 -28.1754 0.000480486
56 0.845268 -28.1754 0.000480472
57 0.845268 -28.1754 0.000480461
58 0.845268 -28.1754 0.000480447
59 0.845268 -28.1754 0.000480437
60 0.845268 -28.1754 0.000480427
61 0.845268 -28.1754 0.000480417
62 0.845268 -28.1754 0.00048041
63 0.845268 -28.1754 0.000480396
64 0.845268 -28.1754 0.000480387
65 0.845268 -28.1754 0.00048038
66 0.845268 -28.1754 0.000480369
67 0.845268 -28.1754 0.000480362
68 0.845268 -28.1754 0.000480352
69 0.845268 -28.1754 0.000480347
70 0.845268 -28.1754 0.000480337
71 0.845268 -28.1754 0.000480333
72 0.845268 -28.1754 0.000480326
73 0.845268 -28.1754 0.000480322
74 0.845268 -28.1754 0.000480311
75 0.845268 -28.1754 0.000480306
76 0.845268 -28.1754 0.000480298
77 0.845268 -28.1754 0.000480292
78 0.845268 -28.1754 0.000480289
79 0.845268 -28.1754 0.000480285
80 0.845268 -28.1754 0.000480278
81 0.845268 -28.1754 0.000480274
82 0.845268 -28.1754 0.000480272
83 0.845268 -28.1754 0.000480265
84 0.845268 -28.1754 0.000480259
85 0.845268 -28.1754 0.000480257
86 0.845268 -28.1754 0.000480254
87 0.845268 -28.1754 0.000480249
88 0.845268 -28.1754 0.00048025
89 0.845268 -28.1754 0.000480239
90 0.845268 -28.1754 0.000480237
91 0.845268 -28.1754 0.000480233
92 0.845268 -28.1754 0.000480231
93 0.845268 -28.1754 0.000480228
94 0.845268 -28.1754 0.000480222
95 0.845268 -28.1754 0.000480223
96 0.845268 -28.1754 0.000480217
97 0.845268 -28.1754 0.000480215
98 0.845268 -28.1754 0.000480214
99 0.845268 -28.1754 0.000480209
Initial energy of the MPS: -0.252772
# DMRG Sweep # Mid bond EE # Energy # Std #
0 0.0367045 14.8127 2.75791
1 0.694548 15.7483 0.0260964
2 0.695067 15.7499 0.00529964
3 0.694033 15.75 0.00157326
4 0.714432 15.75 0.00106859
5 0.833476 15.75 0.000443256
6 0.935435 15.75 0.000827177
7 0.943029 15.75 0.000404076
8 0.992697 15.75 0.000257863
9 1.02604 15.75 0.00030976
10 1.00782 15.75 0.000575683
11 0.999093 15.7501 0.000690893
12 0.990303 15.7501 0.000344599
13 1.02906 15.7501 0.000241747
14 1.04134 15.7501 0.000351257
15 1.02112 15.7501 0.000433817
16 1.02276 15.7501 0.000447011
17 1.00215 15.7501 0.000423796
18 1.00762 15.7501 0.000529548
19 0.983965 15.7501 0.000335821
20 0.992148 15.7501 0.000272502
21 0.985257 15.7501 0.000313293
22 0.986264 15.7501 0.000290055
23 0.975837 15.7502 0.000350829
24 0.965892 15.7502 0.00034316
25 0.953531 15.7502 0.000333164
26 0.938003 15.7502 0.000294855
27 0.93327 15.7502 0.000340233
28 0.912829 15.7502 0.000338558
29 0.890517 15.7502 0.000319024
30 0.868272 15.7502 0.000325978
31 0.832849 15.7502 0.000337864
32 0.76569 15.7502 0.000389032
33 0.537431 15.7502 0.000261994
34 0.297873 15.7502 0.000209636
35 0.127524 15.7502 0.000154275
36 0.0439541 15.7502 8.31014e-05
min energy  # max energy
-28.1754 15.7502
