Initial energy of the MPS: 0.236036
# DMRG Sweep # Mid bond EE # Energy # Std #
0 0.00578734 -26.7127 5.00474
1 0.765528 -28.1754 0.00434838
2 0.844044 -28.1754 0.000605794
3 0.845251 -28.1754 0.000538673
4 0.845265 -28.1754 0.0005119
5 0.845266 -28.1754 0.000498938
6 0.845267 -28.1754 0.000492518
7 0.845267 -28.1754 0.000488666
8 0.845267 -28.1754 0.000485945
9 0.845267 -28.1754 0.000483974
10 0.845267 -28.1754 0.000482771
11 0.845267 -28.1754 0.000482235
12 0.845267 -28.1754 0.000481979
13 0.845267 -28.1754 0.000481834
14 0.845267 -28.1754 0.000481724
15 0.845267 -28.1754 0.000481641
16 0.845267 -28.1754 0.00048157
17 0.845267 -28.1754 0.000481505
18 0.845267 -28.1754 0.000481445
19 0.845267 -28.1754 0.000481398
20 0.845267 -28.1754 0.000481338
21 0.845267 -28.1754 0.000481294
22 0.845267 -28.1754 0.000481243
23 0.845267 -28.1754 0.000481198
24 0.845267 -28.1754 0.000481145
25 0.845267 -28.1754 0.000481102
26 0.845267 -28.1754 0.000481055
27 0.845267 -28.1754 0.000481024
28 0.845267 -28.1754 0.00048099
29 0.845267 -28.1754 0.000480957
30 0.845267 -28.1754 0.000480929
31 0.845267 -28.1754 0.000480906
32 0.845267 -28.1754 0.000480877
33 0.845267 -28.1754 0.000480856
34 0.845267 -28.1754 0.000480832
35 0.845267 -28.1754 0.00048081
36 0.845267 -28.1754 0.000480787
37 0.845267 -28.1754 0.000480765
38 0.845267 -28.1754 0.000480744
39 0.845267 -28.1754 0.000480723
40 0.845267 -28.1754 0.000480704
41 0.845267 -28.1754 0.000480686
42 0.845267 -28.1754 0.000480665
43 0.845267 -28.1754 0.000480653
44 0.845267 -28.1754 0.000480632
45 0.845267 -28.1754 0.000480618
46 0.845267 -28.1754 0.000480597
47 0.845267 -28.1754 0.000480583
48 0.845267 -28.1754 0.000480569
49 0.845267 -28.1754 0.000480559
50 0.845267 -28.1754 0.000480542
51 0.845267 -28.1754 0.000480531
52 0.845267 -28.1754 0.000480513
53 0.845267 -28.1754 0.0004805
54 0.845267 -28.1754 0.000480483
55 0.845267 -28.1754 0.000480477
56 0.845267 -28.1754 0.000480467
57 0.845267 -28.1754 0.000480455
58 0.845267 -28.1754 0.000480449
59 0.845267 -28.1754 0.000480436
60 0.845267 -28.1754 0.000480426
61 0.845267 -28.1754 0.000480418
62 0.845267 -28.1754 0.00048041
63 0.845267 -28.1754 0.000480398
64 0.845267 -28.1754 0.000480391
65 0.845267 -28.1754 0.000480381
66 0.845267 -28.1754 0.000480374
67 0.845267 -28.1754 0.000480367
68 0.845267 -28.1754 0.000480361
69 0.845267 -28.1754 0.000480354
70 0.845267 -28.1754 0.00048035
71 0.845267 -28.1754 0.000480345
72 0.845267 -28.1754 0.000480336
73 0.845267 -28.1754 0.000480331
74 0.845267 -28.1754 0.00048033
75 0.845267 -28.1754 0.000480318
76 0.845267 -28.1754 0.000480316
77 0.845267 -28.1754 0.000480311
78 0.845267 -28.1754 0.000480303
79 0.845267 -28.1754 0.000480299
80 0.845267 -28.1754 0.000480296
81 0.845267 -28.1754 0.000480293
82 0.845267 -28.1754 0.000480288
83 0.845267 -28.1754 0.000480283
84 0.845267 -28.1754 0.000480282
85 0.845267 -28.1754 0.000480278
86 0.845267 -28.1754 0.000480269
87 0.845267 -28.1754 0.000480267
88 0.845267 -28.1754 0.000480266
89 0.845267 -28.1754 0.000480259
90 0.845267 -28.1754 0.000480258
91 0.845267 -28.1754 0.000480253
92 0.845267 -28.1754 0.000480248
93 0.845267 -28.1754 0.000480248
94 0.845267 -28.1754 0.000480241
95 0.845267 -28.1754 0.000480237
96 0.845267 -28.1754 0.000480236
97 0.845267 -28.1754 0.000480232
98 0.845267 -28.1754 0.00048023
99 0.845267 -28.1754 0.000480222
Initial energy of the MPS: -0.252793
# DMRG Sweep # Mid bond EE # Energy # Std #
0 0.0365507 14.8179 2.75644
1 0.694339 15.7487 0.0239099
2 0.696495 15.7499 0.00439831
3 0.694552 15.75 0.00109806
4 0.73959 15.75 0.000518454
5 0.826163 15.75 0.000634267
6 0.848753 15.75 0.000357611
7 0.933517 15.75 0.000487014
8 0.941165 15.75 0.000587441
9 0.945323 15.75 0.000203787
10 1.00783 15.75 0.000176843
11 1.03251 15.75 0.000197514
12 1.03274 15.75 0.000207886
13 1.03514 15.75 0.000261526
14 1.0287 15.75 0.00029997
15 1.02326 15.75 0.000518595
16 0.998699 15.7501 0.000530587
17 0.979337 15.7501 0.00015174
18 1.02519 15.7501 0.000163233
19 1.03011 15.7501 0.000203478
20 1.02942 15.7501 0.000215388
21 1.02314 15.7501 0.000310963
22 1.00969 15.7501 0.000404998
23 0.97612 15.7501 0.00036862
24 0.972805 15.7501 0.000191389
25 0.992691 15.7501 0.000205804
26 0.991414 15.7501 0.000294806
27 0.980127 15.7501 0.000308551
28 0.962043 15.7501 0.000264925
29 0.952921 15.7501 0.000209722
30 0.944246 15.7501 0.000213152
31 0.939397 15.7501 0.000241252
32 0.931177 15.7501 0.000225639
33 0.918968 15.7501 0.000248051
34 0.903847 15.7501 0.000248518
35 0.888949 15.7501 0.000256595
36 0.876597 15.7501 0.000234697
37 0.852035 15.7501 0.00024751
38 0.809181 15.7501 0.000264611
39 0.74353 15.7501 0.000334731
40 0.642502 15.7501 0.000407229
41 0.487309 15.7501 0.000456001
42 0.286684 15.7501 0.000378486
43 0.125168 15.7501 0.000217264
44 0.0478411 15.7501 0.000130077
min energy  # max energy
-28.1754 15.7501
