Initial energy of the MPS: 0.236057
# DMRG Sweep # Mid bond EE # Energy # Std #
0 0.00578724 -26.7128 5.00483
1 0.765514 -28.1754 0.00435031
2 0.844044 -28.1754 0.000605801
3 0.845252 -28.1754 0.000538704
4 0.845265 -28.1754 0.000511961
5 0.845267 -28.1754 0.000499039
6 0.845267 -28.1754 0.000492689
7 0.845268 -28.1754 0.000488908
8 0.845268 -28.1754 0.000486199
9 0.845268 -28.1754 0.000484157
10 0.845268 -28.1754 0.000482852
11 0.845268 -28.1754 0.000482284
12 0.845268 -28.1754 0.000482005
13 0.845268 -28.1754 0.000481857
14 0.845268 -28.1754 0.000481741
15 0.845268 -28.1754 0.000481659
16 0.845268 -28.1754 0.000481576
17 0.845268 -28.1754 0.000481521
18 0.845268 -28.1754 0.000481457
19 0.845268 -28.1754 0.000481406
20 0.845268 -28.1754 0.000481348
21 0.845268 -28.1754 0.000481306
22 0.845268 -28.1754 0.000481251
23 0.845268 -28.1754 0.000481203
24 0.845268 -28.1754 0.000481152
25 0.845268 -28.1754 0.000481115
26 0.845268 -28.1754 0.000481071
27 0.845268 -28.1754 0.000481044
28 0.845268 -28.1754 0.000481004
29 0.845268 -28.1754 0.000480979
30 0.845268 -28.1754 0.00048095
31 0.845268 -28.1754 0.000480925
32 0.845268 -28.1754 0.000480902
33 0.845268 -28.1754 0.000480877
34 0.845268 -28.1754 0.000480857
35 0.845268 -28.1754 0.000480834
36 0.845268 -28.1754 0.00048081
37 0.845268 -28.1754 0.000480796
38 0.845268 -28.1754 0.000480775
39 0.845268 -28.1754 0.000480754
40 0.845268 -28.1754 0.000480736
41 0.845268 -28.1754 0.000480719
42 0.845268 -28.1754 0.000480696
43 0.845268 -28.1754 0.000480682
44 0.845268 -28.1754 0.000480665
45 0.845268 -28.1754 0.00048065
46 0.845268 -28.1754 0.000480633
47 0.845268 -28.1754 0.000480619
48 0.845268 -28.1754 0.000480605
49 0.845268 -28.1754 0.000480589
50 0.845268 -28.1754 0.000480576
51 0.845268 -28.1754 0.00048056
52 0.845268 -28.1754 0.000480548
53 0.845268 -28.1754 0.000480535
54 0.845268 -28.1754 0.000480526
55 0.845268 -28.1754 0.000480511
56 0.845268 -28.1754 0.000480498
57 0.845268 -28.1754 0.000480485
58 0.845268 -28.1754 0.000480475
59 0.845268 -28.1754 0.000480463
60 0.845268 -28.1754 0.000480458
61 0.845268 -28.1754 0.000480445
62 0.845268 -28.1754 0.000480436
63 0.845268 -28.1754 0.000480426
64 0.845268 -28.1754 0.000480415
65 0.845268 -28.1754 0.000480409
66 0.845268 -28.1754 0.000480404
67 0.845268 -28.1754 0.000480388
68 0.845268 -28.1754 0.000480383
69 0.845268 -28.1754 0.000480379
70 0.845268 -28.1754 0.00048037
71 0.845268 -28.1754 0.000480363
72 0.845268 -28.1754 0.000480355
73 0.845268 -28.1754 0.00048035
74 0.845268 -28.1754 0.000480346
75 0.845268 -28.1754 0.000480338
76 0.845268 -28.1754 0.000480331
77 0.845268 -28.1754 0.000480325
78 0.845268 -28.1754 0.000480321
79 0.845268 -28.1754 0.000480316
80 0.845268 -28.1754 0.000480308
81 0.845268 -28.1754 0.000480303
82 0.845268 -28.1754 0.0004803
83 0.845268 -28.1754 0.000480296
84 0.845268 -28.1754 0.000480289
85 0.845268 -28.1754 0.00048029
86 0.845268 -28.1754 0.000480283
87 0.845268 -28.1754 0.000480278
88 0.845268 -28.1754 0.000480275
89 0.845268 -28.1754 0.000480274
90 0.845268 -28.1754 0.000480266
91 0.845268 -28.1754 0.000480265
92 0.845268 -28.1754 0.000480259
93 0.845268 -28.1754 0.000480256
94 0.845268 -28.1754 0.000480256
95 0.845268 -28.1754 0.000480252
96 0.845268 -28.1754 0.000480243
97 0.845268 -28.1754 0.000480238
98 0.845268 -28.1754 0.000480239
99 0.845268 -28.1754 0.000480239
Initial energy of the MPS: -0.252837
# DMRG Sweep # Mid bond EE # Energy # Std #
0 0.0368749 14.8184 2.75425
1 0.694701 15.7483 0.0268343
2 0.693485 15.7499 0.0043536
3 0.693792 15.75 0.00166904
4 0.756236 15.75 0.00102505
5 0.879415 15.75 0.0006121
6 0.963452 15.75 0.000768853
7 0.948476 15.75 0.000588472
8 1.00527 15.75 0.000415035
9 1.03076 15.7501 0.000849925
10 0.994631 15.7501 0.00040416
11 1.03221 15.7501 0.000309634
12 1.03585 15.7501 0.000496695
13 1.02153 15.7501 0.000702346
14 1.00391 15.7501 0.000552279
15 1.00827 15.7501 0.000381038
16 1.00539 15.7501 0.000380994
17 1.00256 15.7502 0.000401913
18 0.997796 15.7502 0.000366701
19 0.993303 15.7502 0.000571287
20 0.969835 15.7502 0.000514932
21 0.959639 15.7502 0.000423967
22 0.957822 15.7502 0.000414169
23 0.945389 15.7502 0.000452173
24 0.924018 15.7502 0.000429912
25 0.910261 15.7502 0.00044694
26 0.878444 15.7502 0.000390783
27 0.834347 15.7502 0.000443834
28 0.678444 15.7503 0.000388965
29 0.398381 15.7503 0.000337784
30 0.219068 15.7503 0.00022566
31 0.0983259 15.7503 0.000131499
min energy  # max energy
-28.1754 15.7503
