Initial energy of the MPS: 0.236016
# DMRG Sweep # Mid bond EE # Energy # Std #
0 0.00578726 -26.7126 5.00484
1 0.765547 -28.1754 0.00434745
2 0.844046 -28.1754 0.000605795
3 0.845252 -28.1754 0.000538654
4 0.845265 -28.1754 0.000511852
5 0.845267 -28.1754 0.000498826
6 0.845267 -28.1754 0.0004923
7 0.845268 -28.1754 0.000488349
8 0.845268 -28.1754 0.000485696
9 0.845268 -28.1754 0.000483942
10 0.845268 -28.1754 0.000482802
11 0.845268 -28.1754 0.000482255
12 0.845268 -28.1754 0.00048199
13 0.845268 -28.1754 0.000481849
14 0.845268 -28.1754 0.000481733
15 0.845268 -28.1754 0.000481659
16 0.845268 -28.1754 0.000481581
17 0.845268 -28.1754 0.000481522
18 0.845268 -28.1754 0.000481454
19 0.845268 -28.1754 0.000481406
20 0.845268 -28.1754 0.000481349
21 0.845268 -28.1754 0.000481308
22 0.845268 -28.1754 0.000481257
23 0.845268 -28.1754 0.000481213
24 0.845268 -28.1754 0.000481162
25 0.845268 -28.1754 0.00048112
26 0.845268 -28.1754 0.000481073
27 0.845268 -28.1754 0.00048104
28 0.845268 -28.1754 0.000481007
29 0.845268 -28.1754 0.000480977
30 0.845268 -28.1754 0.00048095
31 0.845268 -28.1754 0.00048092
32 0.845268 -28.1754 0.000480896
33 0.845268 -28.1754 0.000480871
34 0.845268 -28.1754 0.000480847
35 0.845268 -28.1754 0.000480826
36 0.845268 -28.1754 0.000480801
37 0.845268 -28.1754 0.000480783
38 0.845268 -28.1754 0.000480759
39 0.845268 -28.1754 0.000480738
40 0.845268 -28.1754 0.000480716
41 0.845268 -28.1754 0.000480701
42 0.845268 -28.1754 0.00048068
43 0.845268 -28.1754 0.00048066
44 0.845268 -28.1754 0.000480647
45 0.845268 -28.1754 0.000480628
46 0.845268 -28.1754 0.000480614
47 0.845268 -28.1754 0.0004806
48 0.845268 -28.1754 0.000480577
49 0.845268 -28.1754 0.000480565
50 0.845268 -28.1754 0.00048055
51 0.845268 -28.1754 0.000480531
52 0.845268 -28.1754 0.000480523
53 0.845268 -28.1754 0.00048051
54 0.845268 -28.1754 0.000480493
55 0.845268 -28.1754 0.000480484
56 0.845268 -28.1754 0.000480469
57 0.845268 -28.1754 0.000480461
58 0.845268 -28.1754 0.00048045
59 0.845268 -28.1754 0.00048044
60 0.845268 -28.1754 0.000480432
61 0.845268 -28.1754 0.000480418
62 0.845268 -28.1754 0.000480414
63 0.845268 -28.1754 0.0004804
64 0.845268 -28.1754 0.000480396
65 0.845268 -28.1754 0.000480389
66 0.845268 -28.1754 0.000480379
67 0.845268 -28.1754 0.000480369
68 0.845268 -28.1754 0.000480365
69 0.845268 -28.1754 0.00048036
70 0.845268 -28.1754 0.000480353
71 0.845268 -28.1754 0.000480343
72 0.845268 -28.1754 0.000480342
73 0.845268 -28.1754 0.000480331
74 0.845268 -28.1754 0.000480331
75 0.845268 -28.1754 0.00048032
76 0.845268 -28.1754 0.000480319
77 0.845268 -28.1754 0.000480309
78 0.845268 -28.1754 0.00048031
79 0.845268 -28.1754 0.000480302
80 0.845268 -28.1754 0.000480297
81 0.845268 -28.1754 0.000480292
82 0.845268 -28.1754 0.000480294
83 0.845268 -28.1754 0.000480288
84 0.845268 -28.1754 0.000480285
85 0.845268 -28.1754 0.000480276
86 0.845268 -28.1754 0.000480273
87 0.845268 -28.1754 0.00048027
88 0.845268 -28.1754 0.000480264
89 0.845268 -28.1754 0.000480266
90 0.845268 -28.1754 0.000480265
91 0.845268 -28.1754 0.000480259
92 0.845268 -28.1754 0.000480254
93 0.845268 -28.1754 0.000480252
94 0.845268 -28.1754 0.000480253
95 0.845268 -28.1754 0.000480247
96 0.845268 -28.1754 0.000480246
97 0.845268 -28.1754 0.000480242
98 0.845268 -28.1754 0.000480238
99 0.845268 -28.1754 0.000480237
Initial energy of the MPS: -0.25279
# DMRG Sweep # Mid bond EE # Energy # Std #
0 0.0367022 14.8027 2.77131
1 0.694746 15.7484 0.0247049
2 0.694722 15.7499 0.00504891
3 0.69348 15.75 0.0013422
4 0.710953 15.75 0.000715769
5 0.807703 15.75 0.000782451
6 0.89792 15.75 0.000608439
7 0.960979 15.75 0.000376556
8 1.02084 15.75 0.000641716
9 0.989051 15.7501 0.000385682
10 1.02291 15.7501 0.00020776
11 1.0468 15.7501 0.00030659
12 1.03541 15.7501 0.00049341
13 1.01559 15.7501 0.000477916
14 1.00441 15.7501 0.000306488
15 1.01545 15.7501 0.000370766
16 1.00797 15.7501 0.000481908
17 0.989756 15.7501 0.000381213
18 0.991678 15.7501 0.000363747
19 0.994023 15.7501 0.000424711
20 0.976948 15.7501 0.000402656
21 0.966326 15.7501 0.000296944
22 0.958362 15.7501 0.00026783
23 0.950269 15.7502 0.0002877
24 0.935957 15.7502 0.000303248
25 0.922946 15.7502 0.000303965
26 0.901772 15.7502 0.000325103
27 0.878473 15.7502 0.000295613
28 0.841922 15.7502 0.00032807
29 0.796692 15.7502 0.000373868
30 0.741227 15.7502 0.000792574
31 0.584317 15.7502 0.00115086
32 0.201803 15.7502 0.000446296
33 0.0575716 15.7502 0.000231349
34 0.0141704 15.7502 0.000110552
min energy  # max energy
-28.1754 15.7502
