Initial energy of the MPS: 0.236076
# DMRG Sweep # Mid bond EE # Energy # Std #
0 0.00578732 -26.7103 5.00437
1 0.765519 -28.1754 0.00434944
2 0.844044 -28.1754 0.000605786
3 0.845252 -28.1754 0.00053869
4 0.845265 -28.1754 0.000511938
5 0.845267 -28.1754 0.000498999
6 0.845267 -28.1754 0.000492616
7 0.845268 -28.1754 0.000488802
8 0.845268 -28.1754 0.00048605
9 0.845268 -28.1754 0.000484001
10 0.845268 -28.1754 0.000482764
11 0.845268 -28.1754 0.000482235
12 0.845268 -28.1754 0.000481967
13 0.845268 -28.1754 0.000481834
14 0.845268 -28.1754 0.000481719
15 0.845268 -28.1754 0.000481638
16 0.845268 -28.1754 0.000481562
17 0.845268 -28.1754 0.000481501
18 0.845268 -28.1754 0.000481444
19 0.845268 -28.1754 0.000481393
20 0.845268 -28.1754 0.000481338
21 0.845268 -28.1754 0.000481294
22 0.845268 -28.1754 0.000481242
23 0.845268 -28.1754 0.000481195
24 0.845268 -28.1754 0.000481144
25 0.845268 -28.1754 0.000481102
26 0.845268 -28.1754 0.000481063
27 0.845268 -28.1754 0.000481027
28 0.845268 -28.1754 0.000480992
29 0.845268 -28.1754 0.000480967
30 0.845268 -28.1754 0.000480934
31 0.845268 -28.1754 0.00048091
32 0.845268 -28.1754 0.000480883
33 0.845268 -28.1754 0.000480864
34 0.845268 -28.1754 0.000480836
35 0.845268 -28.1754 0.000480818
36 0.845268 -28.1754 0.000480795
37 0.845268 -28.1754 0.000480776
38 0.845268 -28.1754 0.00048075
39 0.845268 -28.1754 0.000480739
40 0.845268 -28.1754 0.000480717
41 0.845268 -28.1754 0.000480699
42 0.845268 -28.1754 0.00048068
43 0.845268 -28.1754 0.000480667
44 0.845268 -28.1754 0.000480647
45 0.845268 -28.1754 0.000480631
46 0.845268 -28.1754 0.000480618
47 0.845268 -28.1754 0.000480602
48 0.845268 -28.1754 0.000480584
49 0.845268 -28.1754 0.000480571
50 0.845268 -28.1754 0.000480559
51 0.845268 -28.1754 0.000480541
52 0.845268 -28.1754 0.000480528
53 0.845268 -28.1754 0.000480515
54 0.845268 -28.1754 0.000480505
55 0.845268 -28.1754 0.000480488
56 0.845268 -28.1754 0.00048048
57 0.845268 -28.1754 0.000480468
58 0.845268 -28.1754 0.000480458
59 0.845268 -28.1754 0.000480446
60 0.845268 -28.1754 0.000480435
61 0.845268 -28.1754 0.000480424
62 0.845268 -28.1754 0.000480416
63 0.845268 -28.1754 0.000480407
64 0.845268 -28.1754 0.000480399
65 0.845268 -28.1754 0.000480391
66 0.845268 -28.1754 0.000480382
67 0.845268 -28.1754 0.000480372
68 0.845268 -28.1754 0.000480369
69 0.845268 -28.1754 0.000480357
70 0.845268 -28.1754 0.00048035
71 0.845268 -28.1754 0.000480345
72 0.845268 -28.1754 0.000480338
73 0.845268 -28.1754 0.000480332
74 0.845268 -28.1754 0.000480327
75 0.845268 -28.1754 0.00048032
76 0.845268 -28.1754 0.000480314
77 0.845268 -28.1754 0.000480308
78 0.845268 -28.1754 0.000480305
79 0.845268 -28.1754 0.000480299
80 0.845268 -28.1754 0.000480299
81 0.845268 -28.1754 0.000480293
82 0.845268 -28.1754 0.000480287
83 0.845268 -28.1754 0.000480279
84 0.845268 -28.1754 0.00048028
85 0.845268 -28.1754 0.000480271
86 0.845268 -28.1754 0.000480271
87 0.845268 -28.1754 0.000480261
88 0.845268 -28.1754 0.000480258
89 0.845268 -28.1754 0.000480257
90 0.845268 -28.1754 0.000480253
91 0.845268 -28.1754 0.000480249
92 0.845268 -28.1754 0.000480246
93 0.845268 -28.1754 0.000480239
94 0.845268 -28.1754 0.00048024
95 0.845268 -28.1754 0.000480233
96 0.845268 -28.1754 0.000480233
97 0.845268 -28.1754 0.000480226
98 0.845268 -28.1754 0.000480227
99 0.845268 -28.1754 0.000480222
Initial energy of the MPS: -0.25279
# DMRG Sweep # Mid bond EE # Energy # Std #
0 0.0365584 14.8033 2.76729
1 0.694715 15.7487 0.0248095
2 0.694821 15.75 0.00409618
3 0.694197 15.75 0.00092009
4 0.697258 15.75 0.000486266
5 0.724963 15.75 0.000301538
6 0.779756 15.75 0.000192435
7 0.850445 15.75 0.000227984
8 0.86143 15.75 0.000134628
min energy  # max energy
-28.1754 15.75
