Initial energy of the MPS: 0.236079
# DMRG Sweep # Mid bond EE # Energy # Std #
0 0.00578736 -26.7126 5.00487
1 0.765527 -28.1754 0.00434961
2 0.844047 -28.1754 0.000605748
3 0.845252 -28.1754 0.000538696
4 0.845265 -28.1754 0.000511909
5 0.845267 -28.1754 0.000498886
6 0.845267 -28.1754 0.000492395
7 0.845268 -28.1754 0.000488453
8 0.845268 -28.1754 0.000485653
9 0.845268 -28.1754 0.000483795
10 0.845268 -28.1754 0.000482709
11 0.845268 -28.1754 0.000482224
12 0.845268 -28.1754 0.000481984
13 0.845268 -28.1754 0.000481852
14 0.845268 -28.1754 0.000481745
15 0.845268 -28.1754 0.000481672
16 0.845268 -28.1754 0.000481596
17 0.845268 -28.1754 0.000481543
18 0.845268 -28.1754 0.000481474
19 0.845268 -28.1754 0.000481432
20 0.845268 -28.1754 0.000481373
21 0.845268 -28.1754 0.000481336
22 0.845268 -28.1754 0.000481283
23 0.845268 -28.1754 0.00048124
24 0.845268 -28.1754 0.000481186
25 0.845268 -28.1754 0.000481149
26 0.845268 -28.1754 0.000481102
27 0.845268 -28.1754 0.000481073
28 0.845268 -28.1754 0.000481036
29 0.845268 -28.1754 0.000481007
30 0.845268 -28.1754 0.000480976
31 0.845268 -28.1754 0.000480951
32 0.845268 -28.1754 0.000480924
33 0.845268 -28.1754 0.000480899
34 0.845268 -28.1754 0.000480875
35 0.845268 -28.1754 0.000480855
36 0.845268 -28.1754 0.000480832
37 0.845268 -28.1754 0.00048081
38 0.845268 -28.1754 0.000480786
39 0.845268 -28.1754 0.000480772
40 0.845268 -28.1754 0.000480752
41 0.845268 -28.1754 0.000480738
42 0.845268 -28.1754 0.00048071
43 0.845268 -28.1754 0.0004807
44 0.845268 -28.1754 0.000480675
45 0.845268 -28.1754 0.000480667
46 0.845268 -28.1754 0.000480644
47 0.845268 -28.1754 0.00048063
48 0.845268 -28.1754 0.000480614
49 0.845268 -28.1754 0.000480599
50 0.845268 -28.1754 0.00048059
51 0.845268 -28.1754 0.000480569
52 0.845268 -28.1754 0.000480557
53 0.845268 -28.1754 0.000480547
54 0.845268 -28.1754 0.000480531
55 0.845268 -28.1754 0.000480524
56 0.845268 -28.1754 0.000480508
57 0.845268 -28.1754 0.000480498
58 0.845268 -28.1754 0.000480479
59 0.845268 -28.1754 0.00048048
60 0.845268 -28.1754 0.000480467
61 0.845268 -28.1754 0.000480464
62 0.845268 -28.1754 0.000480447
63 0.845268 -28.1754 0.000480445
64 0.845268 -28.1754 0.000480436
65 0.845268 -28.1754 0.000480428
66 0.845268 -28.1754 0.000480416
67 0.845268 -28.1754 0.000480413
68 0.845268 -28.1754 0.000480404
69 0.845268 -28.1754 0.000480402
70 0.845268 -28.1754 0.000480396
71 0.845268 -28.1754 0.00048039
72 0.845268 -28.1754 0.000480377
73 0.845268 -28.1754 0.00048038
74 0.845268 -28.1754 0.000480373
75 0.845268 -28.1754 0.000480369
76 0.845268 -28.1754 0.000480361
77 0.845268 -28.1754 0.000480357
78 0.845268 -28.1754 0.000480352
79 0.845268 -28.1754 0.00048035
80 0.845268 -28.1754 0.000480343
81 0.845268 -28.1754 0.000480337
82 0.845268 -28.1754 0.000480336
83 0.845268 -28.1754 0.000480331
84 0.845268 -28.1754 0.000480329
85 0.845268 -28.1754 0.000480326
86 0.845268 -28.1754 0.000480317
87 0.845268 -28.1754 0.00048032
88 0.845268 -28.1754 0.000480311
89 0.845268 -28.1754 0.000480312
90 0.845268 -28.1754 0.000480307
91 0.845268 -28.1754 0.000480308
92 0.845268 -28.1754 0.000480298
93 0.845268 -28.1754 0.000480298
94 0.845268 -28.1754 0.000480295
95 0.845268 -28.1754 0.000480293
96 0.845268 -28.1754 0.000480287
97 0.845268 -28.1754 0.00048029
98 0.845268 -28.1754 0.00048028
99 0.845268 -28.1754 0.000480281
Initial energy of the MPS: -0.252783
# DMRG Sweep # Mid bond EE # Energy # Std #
0 0.0361304 14.8262 2.7588
1 0.694653 15.7486 0.0258404
2 0.694913 15.7499 0.00473053
3 0.695093 15.75 0.00170306
4 0.783296 15.75 0.000995222
5 0.904085 15.75 0.000464163
6 0.97252 15.75 0.0011923
7 0.956406 15.75 0.000319866
8 1.02268 15.7501 0.000426207
9 1.01869 15.7501 0.000768471
10 1.00012 15.7501 0.000532102
11 1.02172 15.7501 0.000268548
12 1.03112 15.7501 0.000344232
13 1.024 15.7501 0.000502788
14 1.01262 15.7501 0.000578999
15 0.998186 15.7502 0.000707136
16 0.992044 15.7502 0.000405813
17 0.989766 15.7502 0.00041948
18 0.979433 15.7502 0.0004126
19 0.97451 15.7502 0.000431927
20 0.96516 15.7502 0.00047206
21 0.950896 15.7502 0.000464175
22 0.936857 15.7502 0.000455949
23 0.916331 15.7503 0.000514997
24 0.887132 15.7503 0.00050281
25 0.848134 15.7503 0.000366478
26 0.824479 15.7503 0.00053867
27 0.723445 15.7503 0.000513007
28 0.421094 15.7503 0.000293006
29 0.174216 15.7503 0.000185762
30 0.0490766 15.7503 8.20136e-05
min energy  # max energy
-28.1754 15.7503
