Initial energy of the MPS: 0.236071
# DMRG Sweep # Mid bond EE # Energy # Std #
0 0.00578737 -26.7116 5.0047
1 0.765543 -28.1754 0.00434815
2 0.844047 -28.1754 0.000605763
3 0.845252 -28.1754 0.00053869
4 0.845266 -28.1754 0.000511876
5 0.845267 -28.1754 0.000498779
6 0.845268 -28.1754 0.000492172
7 0.845268 -28.1754 0.000488168
8 0.845268 -28.1754 0.000485526
9 0.845268 -28.1754 0.00048382
10 0.845268 -28.1754 0.000482743
11 0.845268 -28.1754 0.00048224
12 0.845268 -28.1754 0.000481987
13 0.845268 -28.1754 0.000481861
14 0.845268 -28.1754 0.000481747
15 0.845268 -28.1754 0.000481672
16 0.845268 -28.1754 0.000481591
17 0.845268 -28.1754 0.000481536
18 0.845268 -28.1754 0.000481472
19 0.845268 -28.1754 0.000481427
20 0.845268 -28.1754 0.00048137
21 0.845268 -28.1754 0.000481329
22 0.845268 -28.1754 0.00048128
23 0.845268 -28.1754 0.000481235
24 0.845268 -28.1754 0.000481182
25 0.845268 -28.1754 0.00048114
26 0.845268 -28.1754 0.000481096
27 0.845268 -28.1754 0.000481059
28 0.845268 -28.1754 0.000481024
29 0.845268 -28.1754 0.000480997
30 0.845268 -28.1754 0.000480962
31 0.845268 -28.1754 0.000480938
32 0.845268 -28.1754 0.000480907
33 0.845268 -28.1754 0.000480883
34 0.845268 -28.1754 0.000480859
35 0.845268 -28.1754 0.000480837
36 0.845268 -28.1754 0.000480812
37 0.845268 -28.1754 0.000480795
38 0.845268 -28.1754 0.00048077
39 0.845268 -28.1754 0.000480752
40 0.845268 -28.1754 0.000480729
41 0.845268 -28.1754 0.000480715
42 0.845268 -28.1754 0.000480694
43 0.845268 -28.1754 0.000480676
44 0.845268 -28.1754 0.000480656
45 0.845268 -28.1754 0.000480642
46 0.845268 -28.1754 0.000480623
47 0.845268 -28.1754 0.00048061
48 0.845268 -28.1754 0.000480592
49 0.845268 -28.1754 0.000480585
50 0.845268 -28.1754 0.000480564
51 0.845268 -28.1754 0.000480553
52 0.845268 -28.1754 0.000480537
53 0.845268 -28.1754 0.00048053
54 0.845268 -28.1754 0.000480508
55 0.845268 -28.1754 0.0004805
56 0.845268 -28.1754 0.000480489
57 0.845268 -28.1754 0.000480481
58 0.845268 -28.1754 0.000480466
59 0.845268 -28.1754 0.000480458
60 0.845268 -28.1754 0.000480448
61 0.845268 -28.1754 0.000480441
62 0.845268 -28.1754 0.000480428
63 0.845268 -28.1754 0.000480423
64 0.845268 -28.1754 0.000480414
65 0.845268 -28.1754 0.000480413
66 0.845268 -28.1754 0.000480402
67 0.845268 -28.1754 0.000480396
68 0.845268 -28.1754 0.000480386
69 0.845268 -28.1754 0.000480385
70 0.845268 -28.1754 0.000480371
71 0.845268 -28.1754 0.00048037
72 0.845268 -28.1754 0.00048036
73 0.845268 -28.1754 0.000480362
74 0.845268 -28.1754 0.000480354
75 0.845268 -28.1754 0.00048035
76 0.845268 -28.1754 0.000480341
77 0.845268 -28.1754 0.00048034
78 0.845268 -28.1754 0.000480331
79 0.845268 -28.1754 0.000480332
80 0.845268 -28.1754 0.000480324
81 0.845268 -28.1754 0.000480323
82 0.845268 -28.1754 0.000480316
83 0.845268 -28.1754 0.000480318
84 0.845268 -28.1754 0.000480311
85 0.845268 -28.1754 0.000480306
86 0.845268 -28.1754 0.000480305
87 0.845268 -28.1754 0.000480303
88 0.845268 -28.1754 0.000480295
89 0.845268 -28.1754 0.000480294
90 0.845268 -28.1754 0.000480292
91 0.845268 -28.1754 0.000480291
92 0.845268 -28.1754 0.000480282
93 0.845268 -28.1754 0.000480282
94 0.845268 -28.1754 0.000480274
95 0.845268 -28.1754 0.000480281
96 0.845268 -28.1754 0.000480269
97 0.845268 -28.1754 0.00048027
98 0.845268 -28.1754 0.000480266
99 0.845268 -28.1754 0.000480268
Initial energy of the MPS: -0.252802
# DMRG Sweep # Mid bond EE # Energy # Std #
0 0.0366008 14.8212 2.75583
1 0.693917 15.7485 0.0249345
2 0.694273 15.7499 0.00470064
3 0.693301 15.75 0.0021381
4 0.734447 15.75 0.00149801
5 0.839168 15.7501 0.000770438
6 0.947034 15.7501 0.00056477
7 0.940442 15.7501 0.00112259
8 0.954022 15.7501 0.00033194
9 0.99983 15.7501 0.000421739
10 0.987938 15.7501 0.000653072
11 0.992068 15.7502 0.000797995
12 0.975167 15.7502 0.000687044
13 0.991105 15.7502 0.000341151
14 0.99632 15.7502 0.00043857
15 0.985134 15.7502 0.000539467
16 0.966943 15.7502 0.000721435
17 0.953885 15.7503 0.000524408
18 0.942909 15.7503 0.000390026
19 0.938909 15.7503 0.000409136
20 0.923071 15.7503 0.000406295
21 0.90837 15.7503 0.000524666
22 0.866964 15.7503 0.00063461
23 0.742876 15.7503 0.000993015
24 0.42666 15.7503 0.000672282
25 0.11344 15.7503 0.000272486
26 0.0219148 15.7503 9.89918e-05
min energy  # max energy
-28.1754 15.7503
