Initial energy of the MPS: 0.23607
# DMRG Sweep # Mid bond EE # Energy # Std #
0 0.00578728 -26.7119 5.00475
1 0.765524 -28.1754 0.00434926
2 0.844045 -28.1754 0.000605792
3 0.845252 -28.1754 0.000538693
4 0.845265 -28.1754 0.000511933
5 0.845267 -28.1754 0.000498972
6 0.845267 -28.1754 0.000492569
7 0.845268 -28.1754 0.000488722
8 0.845268 -28.1754 0.000485944
9 0.845268 -28.1754 0.000483939
10 0.845268 -28.1754 0.000482752
11 0.845268 -28.1754 0.000482241
12 0.845268 -28.1754 0.000481986
13 0.845268 -28.1754 0.00048185
14 0.845268 -28.1754 0.000481736
15 0.845268 -28.1754 0.000481663
16 0.845268 -28.1754 0.000481579
17 0.845268 -28.1754 0.000481525
18 0.845268 -28.1754 0.000481462
19 0.845268 -28.1754 0.000481416
20 0.845268 -28.1754 0.000481357
21 0.845268 -28.1754 0.00048132
22 0.845268 -28.1754 0.000481266
23 0.845268 -28.1754 0.00048122
24 0.845268 -28.1754 0.000481164
25 0.845268 -28.1754 0.000481127
26 0.845268 -28.1754 0.00048108
27 0.845268 -28.1754 0.000481051
28 0.845268 -28.1754 0.000481014
29 0.845268 -28.1754 0.000480986
30 0.845268 -28.1754 0.000480956
31 0.845268 -28.1754 0.000480934
32 0.845268 -28.1754 0.000480906
33 0.845268 -28.1754 0.00048088
34 0.845268 -28.1754 0.000480859
35 0.845268 -28.1754 0.000480839
36 0.845268 -28.1754 0.000480815
37 0.845268 -28.1754 0.000480792
38 0.845268 -28.1754 0.000480773
39 0.845268 -28.1754 0.000480755
40 0.845268 -28.1754 0.000480731
41 0.845268 -28.1754 0.000480715
42 0.845268 -28.1754 0.000480703
43 0.845268 -28.1754 0.000480681
44 0.845268 -28.1754 0.000480666
45 0.845268 -28.1754 0.000480646
46 0.845268 -28.1754 0.000480631
47 0.845268 -28.1754 0.000480615
48 0.845268 -28.1754 0.000480601
49 0.845268 -28.1754 0.000480586
50 0.845268 -28.1754 0.000480572
51 0.845268 -28.1754 0.000480554
52 0.845268 -28.1754 0.000480547
53 0.845268 -28.1754 0.000480529
54 0.845268 -28.1754 0.000480518
55 0.845268 -28.1754 0.000480506
56 0.845268 -28.1754 0.000480493
57 0.845268 -28.1754 0.000480487
58 0.845268 -28.1754 0.000480474
59 0.845268 -28.1754 0.000480468
60 0.845268 -28.1754 0.000480451
61 0.845268 -28.1754 0.000480447
62 0.845268 -28.1754 0.000480438
63 0.845268 -28.1754 0.00048043
64 0.845268 -28.1754 0.000480419
65 0.845268 -28.1754 0.000480413
66 0.845268 -28.1754 0.000480404
67 0.845268 -28.1754 0.000480398
68 0.845268 -28.1754 0.00048039
69 0.845268 -28.1754 0.000480385
70 0.845268 -28.1754 0.000480377
71 0.845268 -28.1754 0.000480371
72 0.845268 -28.1754 0.000480367
73 0.845268 -28.1754 0.00048036
74 0.845268 -28.1754 0.000480355
75 0.845268 -28.1754 0.000480349
76 0.845268 -28.1754 0.000480341
77 0.845268 -28.1754 0.000480337
78 0.845268 -28.1754 0.000480334
79 0.845268 -28.1754 0.000480332
80 0.845268 -28.1754 0.000480328
81 0.845268 -28.1754 0.000480327
82 0.845268 -28.1754 0.000480314
83 0.845268 -28.1754 0.000480314
84 0.845268 -28.1754 0.000480309
85 0.845268 -28.1754 0.000480305
86 0.845268 -28.1754 0.0004803
87 0.845268 -28.1754 0.000480299
88 0.845268 -28.1754 0.000480295
89 0.845268 -28.1754 0.000480292
90 0.845268 -28.1754 0.000480286
91 0.845268 -28.1754 0.00048028
92 0.845268 -28.1754 0.000480281
93 0.845268 -28.1754 0.000480278
94 0.845268 -28.1754 0.000480275
95 0.845268 -28.1754 0.000480267
96 0.845268 -28.1754 0.000480266
97 0.845268 -28.1754 0.000480265
98 0.845268 -28.1754 0.00048026
99 0.845268 -28.1754 0.000480259
Initial energy of the MPS: -0.252806
# DMRG Sweep # Mid bond EE # Energy # Std #
0 0.0366501 14.818 2.7569
1 0.695019 15.7486 0.0236578
2 0.695811 15.75 0.00435567
3 0.694041 15.7501 0.00184532
4 0.727481 15.7501 0.000928609
5 0.854833 15.7501 0.000502394
6 0.895284 15.7501 0.000745909
7 0.947671 15.7502 0.000298544
8 0.95276 15.7502 0.000455167
9 0.976049 15.7502 0.000341116
10 0.967736 15.7502 0.000722816
11 0.961105 15.7502 0.000574281
12 0.949245 15.7502 0.000205906
13 0.978502 15.7502 0.000274877
14 0.956625 15.7502 0.000469087
15 0.944868 15.7502 0.000518697
16 0.919534 15.7502 0.000359147
17 0.914061 15.7502 0.000284342
18 0.900527 15.7502 0.000364437
19 0.87584 15.7502 0.000420306
20 0.81898 15.7502 0.000468449
21 0.664338 15.7503 0.000590723
22 0.379076 15.7503 0.000451148
23 0.137602 15.7503 0.000219603
24 0.0357806 15.7503 8.86241e-05
min energy  # max energy
-28.1754 15.7503
