Initial energy of the MPS: 0.236014
# DMRG Sweep # Mid bond EE # Energy # Std #
0 0.00578738 -26.712 5.00469
1 0.765561 -28.1754 0.00434631
2 0.844049 -28.1754 0.000605783
3 0.845252 -28.1754 0.000538656
4 0.845266 -28.1754 0.000511803
5 0.845267 -28.1754 0.000498699
6 0.845268 -28.1754 0.000492052
7 0.845268 -28.1754 0.000488077
8 0.845268 -28.1754 0.00048563
9 0.845268 -28.1754 0.000484063
10 0.845268 -28.1754 0.000482917
11 0.845268 -28.1754 0.000482311
12 0.845268 -28.1754 0.000482018
13 0.845268 -28.1754 0.000481865
14 0.845268 -28.1754 0.000481754
15 0.845268 -28.1754 0.000481665
16 0.845268 -28.1754 0.000481591
17 0.845268 -28.1754 0.000481527
18 0.845268 -28.1754 0.000481467
19 0.845268 -28.1754 0.000481417
20 0.845268 -28.1754 0.000481355
21 0.845268 -28.1754 0.000481316
22 0.845268 -28.1754 0.000481263
23 0.845268 -28.1754 0.00048122
24 0.845268 -28.1754 0.000481174
25 0.845268 -28.1754 0.000481131
26 0.845268 -28.1754 0.000481082
27 0.845268 -28.1754 0.000481046
28 0.845268 -28.1754 0.000481013
29 0.845268 -28.1754 0.000480982
30 0.845268 -28.1754 0.000480949
31 0.845268 -28.1754 0.000480926
32 0.845268 -28.1754 0.000480902
33 0.845268 -28.1754 0.000480877
34 0.845268 -28.1754 0.000480849
35 0.845268 -28.1754 0.000480827
36 0.845268 -28.1754 0.000480804
37 0.845268 -28.1754 0.000480788
38 0.845268 -28.1754 0.000480758
39 0.845268 -28.1754 0.000480739
40 0.845268 -28.1754 0.000480724
41 0.845268 -28.1754 0.000480703
42 0.845268 -28.1754 0.000480684
43 0.845268 -28.1754 0.000480666
44 0.845268 -28.1754 0.000480644
45 0.845268 -28.1754 0.000480629
46 0.845268 -28.1754 0.000480612
47 0.845268 -28.1754 0.000480599
48 0.845268 -28.1754 0.000480579
49 0.845268 -28.1754 0.00048057
50 0.845268 -28.1754 0.000480553
51 0.845268 -28.1754 0.000480541
52 0.845268 -28.1754 0.000480528
53 0.845268 -28.1754 0.000480513
54 0.845268 -28.1754 0.000480497
55 0.845268 -28.1754 0.000480493
56 0.845268 -28.1754 0.000480474
57 0.845268 -28.1754 0.000480465
58 0.845268 -28.1754 0.000480453
59 0.845268 -28.1754 0.000480444
60 0.845268 -28.1754 0.000480432
61 0.845268 -28.1754 0.00048043
62 0.845268 -28.1754 0.000480416
63 0.845268 -28.1754 0.000480408
64 0.845268 -28.1754 0.000480399
65 0.845268 -28.1754 0.000480386
66 0.845268 -28.1754 0.000480381
67 0.845268 -28.1754 0.000480373
68 0.845268 -28.1754 0.000480369
69 0.845268 -28.1754 0.000480364
70 0.845268 -28.1754 0.000480352
71 0.845268 -28.1754 0.00048035
72 0.845268 -28.1754 0.000480343
73 0.845268 -28.1754 0.000480338
74 0.845268 -28.1754 0.000480331
75 0.845268 -28.1754 0.000480331
76 0.845268 -28.1754 0.000480321
77 0.845268 -28.1754 0.000480316
78 0.845268 -28.1754 0.000480311
79 0.845268 -28.1754 0.000480307
80 0.845268 -28.1754 0.000480304
81 0.845268 -28.1754 0.000480301
82 0.845268 -28.1754 0.000480293
83 0.845268 -28.1754 0.000480294
84 0.845268 -28.1754 0.000480287
85 0.845268 -28.1754 0.000480283
86 0.845268 -28.1754 0.00048028
87 0.845268 -28.1754 0.00048028
88 0.845268 -28.1754 0.000480275
89 0.845268 -28.1754 0.000480269
90 0.845268 -28.1754 0.000480267
91 0.845268 -28.1754 0.000480265
92 0.845268 -28.1754 0.000480261
93 0.845268 -28.1754 0.00048026
94 0.845268 -28.1754 0.000480259
95 0.845268 -28.1754 0.000480254
96 0.845268 -28.1754 0.000480253
97 0.845268 -28.1754 0.000480248
98 0.845268 -28.1754 0.000480243
99 0.845268 -28.1754 0.000480243
Initial energy of the MPS: -0.252795
# DMRG Sweep # Mid bond EE # Energy # Std #
0 0.036759 14.8285 2.75832
1 0.69451 15.7486 0.0235262
2 0.697449 15.7499 0.00467849
3 0.693703 15.75 0.000424999
4 0.693417 15.75 0.000191762
5 0.696165 15.75 9.37499e-05
min energy  # max energy
-28.1754 15.75
