Initial energy of the MPS: 0.236142
# DMRG Sweep # Mid bond EE # Energy # Std #
0 0.00578733 -26.7121 5.0047
1 0.765528 -28.1754 0.00434797
2 0.844043 -28.1754 0.000605771
3 0.84525 -28.1754 0.000538651
4 0.845264 -28.1754 0.00051188
5 0.845265 -28.1754 0.000498913
6 0.845266 -28.1754 0.000492488
7 0.845266 -28.1754 0.000488636
8 0.845266 -28.1754 0.000485895
9 0.845266 -28.1754 0.000483932
10 0.845266 -28.1754 0.000482733
11 0.845266 -28.1754 0.000482209
12 0.845266 -28.1754 0.000481949
13 0.845266 -28.1754 0.000481813
14 0.845266 -28.1754 0.000481701
15 0.845266 -28.1754 0.000481626
16 0.845266 -28.1754 0.000481544
17 0.845266 -28.1754 0.000481478
18 0.845266 -28.1754 0.000481418
19 0.845266 -28.1754 0.00048137
20 0.845266 -28.1754 0.000481311
21 0.845266 -28.1754 0.000481269
22 0.845266 -28.1754 0.000481218
23 0.845266 -28.1754 0.000481171
24 0.845266 -28.1754 0.000481116
25 0.845266 -28.1754 0.000481076
26 0.845266 -28.1754 0.000481029
27 0.845266 -28.1754 0.000480999
28 0.845266 -28.1754 0.000480961
29 0.845266 -28.1754 0.000480938
30 0.845266 -28.1754 0.000480903
31 0.845266 -28.1754 0.000480874
32 0.845266 -28.1754 0.000480853
33 0.845266 -28.1754 0.000480828
34 0.845266 -28.1754 0.0004808
35 0.845266 -28.1754 0.000480782
36 0.845266 -28.1754 0.000480761
37 0.845266 -28.1754 0.000480742
38 0.845266 -28.1754 0.000480722
39 0.845266 -28.1754 0.0004807
40 0.845266 -28.1754 0.000480679
41 0.845266 -28.1754 0.000480661
42 0.845266 -28.1754 0.00048064
43 0.845266 -28.1754 0.000480627
44 0.845266 -28.1754 0.000480608
45 0.845266 -28.1754 0.000480591
46 0.845266 -28.1754 0.000480571
47 0.845266 -28.1754 0.000480557
48 0.845266 -28.1754 0.000480543
49 0.845266 -28.1754 0.000480533
50 0.845266 -28.1754 0.000480511
51 0.845266 -28.1754 0.000480502
52 0.845266 -28.1754 0.000480488
53 0.845266 -28.1754 0.000480475
54 0.845266 -28.1754 0.000480459
55 0.845266 -28.1754 0.000480449
56 0.845266 -28.1754 0.000480434
57 0.845266 -28.1754 0.000480428
58 0.845266 -28.1754 0.000480416
59 0.845266 -28.1754 0.000480405
60 0.845266 -28.1754 0.000480399
61 0.845266 -28.1754 0.000480388
62 0.845266 -28.1754 0.000480381
63 0.845266 -28.1754 0.000480369
64 0.845266 -28.1754 0.000480361
65 0.845266 -28.1754 0.000480351
66 0.845266 -28.1754 0.00048034
67 0.845266 -28.1754 0.000480333
68 0.845266 -28.1754 0.000480325
69 0.845266 -28.1754 0.00048032
70 0.845266 -28.1754 0.000480314
71 0.845266 -28.1754 0.000480307
72 0.845266 -28.1754 0.000480303
73 0.845266 -28.1754 0.000480293
74 0.845266 -28.1754 0.000480292
75 0.845266 -28.1754 0.000480283
76 0.845266 -28.1754 0.000480283
77 0.845266 -28.1754 0.00048027
78 0.845266 -28.1754 0.000480268
79 0.845266 -28.1754 0.00048026
80 0.845266 -28.1754 0.000480256
81 0.845266 -28.1754 0.000480252
82 0.845266 -28.1754 0.00048025
83 0.845266 -28.1754 0.000480242
84 0.845266 -28.1754 0.000480239
85 0.845266 -28.1754 0.000480235
86 0.845266 -28.1754 0.000480228
87 0.845266 -28.1754 0.00048023
88 0.845266 -28.1754 0.000480226
89 0.845266 -28.1754 0.000480221
90 0.845266 -28.1754 0.000480214
91 0.845266 -28.1754 0.000480214
92 0.845266 -28.1754 0.000480207
93 0.845266 -28.1754 0.000480204
94 0.845266 -28.1754 0.000480203
95 0.845266 -28.1754 0.000480196
96 0.845266 -28.1754 0.000480192
97 0.845266 -28.1754 0.000480191
98 0.845266 -28.1754 0.000480191
99 0.845266 -28.1754 0.000480185
Initial energy of the MPS: -0.252755
# DMRG Sweep # Mid bond EE # Energy # Std #
0 0.0363144 14.8278 2.75749
1 0.695046 15.7485 0.025554
2 0.694984 15.75 0.00480288
3 0.693954 15.7501 0.00173027
4 0.724321 15.7501 0.000825104
5 0.825034 15.7501 0.000704334
6 0.909279 15.7501 0.000674852
7 0.911224 15.7502 0.000300076
8 0.964397 15.7502 0.000466451
9 0.970996 15.7502 0.000544552
10 0.945945 15.7502 0.000235637
11 0.97811 15.7502 0.000216657
12 0.974893 15.7502 0.000293823
13 0.967299 15.7502 0.000416426
14 0.949714 15.7502 0.000537456
15 0.92857 15.7502 0.000363312
16 0.921828 15.7502 0.000273766
17 0.910597 15.7502 0.000325186
18 0.891342 15.7502 0.000327734
19 0.868954 15.7502 0.000409711
20 0.805976 15.7502 0.000419927
21 0.633125 15.7502 0.00037691
22 0.326005 15.7502 0.000249684
23 0.111225 15.7502 0.000135974
min energy  # max energy
-28.1754 15.7502
