Initial energy of the MPS: 0.236028
# DMRG Sweep # Mid bond EE # Energy # Std #
0 0.00578722 -26.7114 5.00457
1 0.765504 -28.1754 0.00435032
2 0.844043 -28.1754 0.000605777
3 0.845252 -28.1754 0.00053872
4 0.845265 -28.1754 0.000511965
5 0.845267 -28.1754 0.000499038
6 0.845267 -28.1754 0.000492698
7 0.845267 -28.1754 0.000488918
8 0.845267 -28.1754 0.000486234
9 0.845268 -28.1754 0.000484264
10 0.845268 -28.1754 0.000482949
11 0.845268 -28.1754 0.00048233
12 0.845268 -28.1754 0.000482016
13 0.845268 -28.1754 0.000481857
14 0.845268 -28.1754 0.000481727
15 0.845268 -28.1754 0.00048164
16 0.845268 -28.1754 0.000481555
17 0.845268 -28.1754 0.000481488
18 0.845268 -28.1754 0.000481422
19 0.845268 -28.1754 0.000481376
20 0.845268 -28.1754 0.000481319
21 0.845268 -28.1754 0.000481267
22 0.845268 -28.1754 0.000481216
23 0.845268 -28.1754 0.000481164
24 0.845268 -28.1754 0.000481114
25 0.845268 -28.1754 0.000481074
26 0.845268 -28.1754 0.000481029
27 0.845268 -28.1754 0.000481003
28 0.845268 -28.1754 0.000480964
29 0.845268 -28.1754 0.00048094
30 0.845268 -28.1754 0.000480907
31 0.845268 -28.1754 0.000480885
32 0.845268 -28.1754 0.000480862
33 0.845268 -28.1754 0.000480837
34 0.845268 -28.1754 0.000480815
35 0.845268 -28.1754 0.000480796
36 0.845268 -28.1754 0.000480775
37 0.845268 -28.1754 0.000480755
38 0.845268 -28.1754 0.000480737
39 0.845268 -28.1754 0.000480717
40 0.845268 -28.1754 0.000480707
41 0.845268 -28.1754 0.000480685
42 0.845268 -28.1754 0.000480673
43 0.845268 -28.1754 0.000480653
44 0.845268 -28.1754 0.000480637
45 0.845268 -28.1754 0.000480626
46 0.845268 -28.1754 0.00048061
47 0.845268 -28.1754 0.000480594
48 0.845268 -28.1754 0.000480583
49 0.845268 -28.1754 0.000480564
50 0.845268 -28.1754 0.000480552
51 0.845268 -28.1754 0.000480539
52 0.845268 -28.1754 0.000480526
53 0.845268 -28.1754 0.000480516
54 0.845268 -28.1754 0.000480497
55 0.845268 -28.1754 0.000480486
56 0.845268 -28.1754 0.000480476
57 0.845268 -28.1754 0.000480464
58 0.845268 -28.1754 0.000480456
59 0.845268 -28.1754 0.000480443
60 0.845268 -28.1754 0.000480429
61 0.845268 -28.1754 0.000480422
62 0.845268 -28.1754 0.00048041
63 0.845268 -28.1754 0.0004804
64 0.845268 -28.1754 0.000480387
65 0.845268 -28.1754 0.000480383
66 0.845268 -28.1754 0.00048037
67 0.845268 -28.1754 0.00048036
68 0.845268 -28.1754 0.000480348
69 0.845268 -28.1754 0.000480345
70 0.845268 -28.1754 0.000480336
71 0.845268 -28.1754 0.000480328
72 0.845268 -28.1754 0.000480321
73 0.845268 -28.1754 0.000480314
74 0.845268 -28.1754 0.000480307
75 0.845268 -28.1754 0.000480303
76 0.845268 -28.1754 0.000480298
77 0.845268 -28.1754 0.00048029
78 0.845268 -28.1754 0.000480282
79 0.845268 -28.1754 0.000480278
80 0.845268 -28.1754 0.000480272
81 0.845268 -28.1754 0.000480268
82 0.845268 -28.1754 0.000480263
83 0.845268 -28.1754 0.000480259
84 0.845268 -28.1754 0.000480255
85 0.845268 -28.1754 0.000480246
86 0.845268 -28.1754 0.000480245
87 0.845268 -28.1754 0.000480243
88 0.845268 -28.1754 0.000480235
89 0.845268 -28.1754 0.000480235
90 0.845268 -28.1754 0.000480227
91 0.845268 -28.1754 0.000480227
92 0.845268 -28.1754 0.000480221
93 0.845268 -28.1754 0.00048022
94 0.845268 -28.1754 0.000480214
95 0.845268 -28.1754 0.000480215
96 0.845268 -28.1754 0.00048021
97 0.845268 -28.1754 0.000480207
98 0.845268 -28.1754 0.000480201
99 0.845268 -28.1754 0.000480201
Initial energy of the MPS: -0.252833
# DMRG Sweep # Mid bond EE # Energy # Std #
0 0.0364773 14.8312 2.75698
1 0.694469 15.7487 0.0240489
2 0.69533 15.75 0.00432384
3 0.695702 15.75 0.00118058
4 0.710319 15.7501 0.00078369
5 0.800817 15.7501 0.000500082
6 0.880593 15.7501 0.00059493
7 0.90405 15.7501 0.000279001
8 0.961366 15.7501 0.000309586
9 0.977046 15.7501 0.000325805
10 0.971244 15.7501 0.000343614
11 0.976642 15.7501 0.00052978
12 0.952388 15.7501 0.000197642
13 0.979796 15.7501 0.000176444
14 0.986521 15.7501 0.000252693
15 0.981895 15.7501 0.000323694
16 0.956731 15.7501 0.000392025
17 0.937797 15.7501 0.000272642
18 0.934644 15.7501 0.000185925
19 0.946676 15.7501 0.000182302
20 0.940086 15.7501 0.000232203
21 0.929394 15.7501 0.000281327
22 0.911129 15.7501 0.000301927
23 0.887454 15.7502 0.000303935
24 0.858752 15.7502 0.000295304
25 0.826714 15.7502 0.000297474
26 0.75396 15.7502 0.000336837
27 0.594632 15.7502 0.000226228
28 0.391071 15.7502 0.000195522
29 0.224721 15.7502 0.000143559
min energy  # max energy
-28.1754 15.7502
