Initial energy of the MPS: 0.236029
# DMRG Sweep # Mid bond EE # Energy # Std #
0 0.00578734 -26.7131 5.00484
1 0.765535 -28.1754 0.00434841
2 0.844047 -28.1754 0.00060577
3 0.845252 -28.1754 0.000538666
4 0.845266 -28.1754 0.000511882
5 0.845267 -28.1754 0.00049888
6 0.845268 -28.1754 0.000492397
7 0.845268 -28.1754 0.00048846
8 0.845268 -28.1754 0.00048573
9 0.845268 -28.1754 0.000483897
10 0.845268 -28.1754 0.000482764
11 0.845268 -28.1754 0.000482247
12 0.845268 -28.1754 0.000481986
13 0.845268 -28.1754 0.00048185
14 0.845268 -28.1754 0.00048174
15 0.845268 -28.1754 0.000481662
16 0.845268 -28.1754 0.000481586
17 0.845268 -28.1754 0.000481528
18 0.845268 -28.1754 0.000481462
19 0.845268 -28.1754 0.000481417
20 0.845268 -28.1754 0.000481364
21 0.845268 -28.1754 0.000481318
22 0.845268 -28.1754 0.000481268
23 0.845268 -28.1754 0.000481225
24 0.845268 -28.1754 0.00048117
25 0.845268 -28.1754 0.000481132
26 0.845268 -28.1754 0.000481088
27 0.845268 -28.1754 0.000481054
28 0.845268 -28.1754 0.000481015
29 0.845268 -28.1754 0.00048099
30 0.845268 -28.1754 0.000480958
31 0.845268 -28.1754 0.000480934
32 0.845268 -28.1754 0.000480902
33 0.845268 -28.1754 0.000480882
34 0.845268 -28.1754 0.000480856
35 0.845268 -28.1754 0.000480835
36 0.845268 -28.1754 0.000480811
37 0.845268 -28.1754 0.000480795
38 0.845268 -28.1754 0.000480774
39 0.845268 -28.1754 0.000480753
40 0.845268 -28.1754 0.000480729
41 0.845268 -28.1754 0.000480714
42 0.845268 -28.1754 0.000480694
43 0.845268 -28.1754 0.000480673
44 0.845268 -28.1754 0.000480656
45 0.845268 -28.1754 0.000480642
46 0.845268 -28.1754 0.000480621
47 0.845268 -28.1754 0.000480609
48 0.845268 -28.1754 0.00048059
49 0.845268 -28.1754 0.000480577
50 0.845268 -28.1754 0.000480561
51 0.845268 -28.1754 0.000480549
52 0.845268 -28.1754 0.000480536
53 0.845268 -28.1754 0.000480525
54 0.845268 -28.1754 0.000480511
55 0.845268 -28.1754 0.0004805
56 0.845268 -28.1754 0.000480485
57 0.845268 -28.1754 0.000480476
58 0.845268 -28.1754 0.000480464
59 0.845268 -28.1754 0.000480458
60 0.845268 -28.1754 0.000480446
61 0.845268 -28.1754 0.000480436
62 0.845268 -28.1754 0.000480425
63 0.845268 -28.1754 0.000480423
64 0.845268 -28.1754 0.000480409
65 0.845268 -28.1754 0.000480406
66 0.845268 -28.1754 0.000480399
67 0.845268 -28.1754 0.000480389
68 0.845268 -28.1754 0.000480384
69 0.845268 -28.1754 0.000480377
70 0.845268 -28.1754 0.000480371
71 0.845268 -28.1754 0.000480366
72 0.845268 -28.1754 0.000480358
73 0.845268 -28.1754 0.000480352
74 0.845268 -28.1754 0.000480346
75 0.845268 -28.1754 0.000480342
76 0.845268 -28.1754 0.000480335
77 0.845268 -28.1754 0.00048033
78 0.845268 -28.1754 0.000480327
79 0.845268 -28.1754 0.000480325
80 0.845268 -28.1754 0.000480315
81 0.845268 -28.1754 0.000480313
82 0.845268 -28.1754 0.000480308
83 0.845268 -28.1754 0.000480307
84 0.845268 -28.1754 0.000480304
85 0.845268 -28.1754 0.0004803
86 0.845268 -28.1754 0.000480296
87 0.845268 -28.1754 0.000480295
88 0.845268 -28.1754 0.000480287
89 0.845268 -28.1754 0.000480284
90 0.845268 -28.1754 0.000480282
91 0.845268 -28.1754 0.00048028
92 0.845268 -28.1754 0.000480276
93 0.845268 -28.1754 0.000480273
94 0.845268 -28.1754 0.00048027
95 0.845268 -28.1754 0.000480264
96 0.845268 -28.1754 0.000480264
97 0.845268 -28.1754 0.000480263
98 0.845268 -28.1754 0.000480261
99 0.845268 -28.1754 0.000480253
Initial energy of the MPS: -0.252801
# DMRG Sweep # Mid bond EE # Energy # Std #
0 0.0365334 14.8225 2.7552
1 0.694775 15.7483 0.0281384
2 0.69792 15.7499 0.00477301
3 0.694518 15.75 0.000415688
4 0.696041 15.75 0.000205689
5 0.698898 15.75 0.000219615
6 0.701468 15.75 8.76734e-05
min energy  # max energy
-28.1754 15.75
