Initial energy of the MPS: 0.23609
# DMRG Sweep # Mid bond EE # Energy # Std #
0 0.00578747 -26.7128 5.00485
1 0.765582 -28.1754 0.00434533
2 0.84405 -28.1754 0.000605795
3 0.845252 -28.1754 0.000538641
4 0.845265 -28.1754 0.000511753
5 0.845267 -28.1754 0.000498597
6 0.845268 -28.1754 0.000491886
7 0.845268 -28.1754 0.000487955
8 0.845268 -28.1754 0.000485703
9 0.845268 -28.1754 0.000484315
10 0.845268 -28.1754 0.000483165
11 0.845268 -28.1754 0.000482442
12 0.845268 -28.1754 0.000482084
13 0.845268 -28.1754 0.00048191
14 0.845268 -28.1754 0.000481793
15 0.845268 -28.1754 0.000481707
16 0.845268 -28.1754 0.000481627
17 0.845268 -28.1754 0.000481561
18 0.845268 -28.1754 0.000481501
19 0.845268 -28.1754 0.000481445
20 0.845268 -28.1754 0.000481393
21 0.845268 -28.1754 0.000481351
22 0.845268 -28.1754 0.000481303
23 0.845268 -28.1754 0.000481269
24 0.845268 -28.1754 0.00048122
25 0.845268 -28.1754 0.000481188
26 0.845268 -28.1754 0.000481136
27 0.845268 -28.1754 0.000481106
28 0.845268 -28.1754 0.000481066
29 0.845268 -28.1754 0.00048104
30 0.845268 -28.1754 0.000481009
31 0.845268 -28.1754 0.000480987
32 0.845268 -28.1754 0.000480956
33 0.845268 -28.1754 0.000480934
34 0.845268 -28.1754 0.000480909
35 0.845268 -28.1754 0.000480894
36 0.845268 -28.1754 0.000480867
37 0.845268 -28.1754 0.000480848
38 0.845268 -28.1754 0.000480827
39 0.845268 -28.1754 0.000480812
40 0.845268 -28.1754 0.000480785
41 0.845268 -28.1754 0.00048077
42 0.845268 -28.1754 0.000480752
43 0.845268 -28.1754 0.000480734
44 0.845268 -28.1754 0.000480715
45 0.845268 -28.1754 0.000480699
46 0.845268 -28.1754 0.00048068
47 0.845268 -28.1754 0.000480662
48 0.845268 -28.1754 0.000480646
49 0.845268 -28.1754 0.000480632
50 0.845268 -28.1754 0.000480607
51 0.845268 -28.1754 0.0004806
52 0.845268 -28.1754 0.000480581
53 0.845268 -28.1754 0.000480574
54 0.845268 -28.1754 0.000480553
55 0.845268 -28.1754 0.000480546
56 0.845268 -28.1754 0.000480525
57 0.845268 -28.1754 0.000480522
58 0.845268 -28.1754 0.000480503
59 0.845268 -28.1754 0.000480499
60 0.845268 -28.1754 0.000480483
61 0.845268 -28.1754 0.000480483
62 0.845268 -28.1754 0.000480465
63 0.845268 -28.1754 0.000480463
64 0.845268 -28.1754 0.000480447
65 0.845268 -28.1754 0.000480443
66 0.845268 -28.1754 0.000480432
67 0.845268 -28.1754 0.000480428
68 0.845268 -28.1754 0.000480415
69 0.845268 -28.1754 0.000480412
70 0.845268 -28.1754 0.000480403
71 0.845268 -28.1754 0.000480403
72 0.845268 -28.1754 0.000480388
73 0.845268 -28.1754 0.000480386
74 0.845268 -28.1754 0.000480375
75 0.845268 -28.1754 0.000480372
76 0.845268 -28.1754 0.000480369
77 0.845268 -28.1754 0.000480362
78 0.845268 -28.1754 0.000480355
79 0.845268 -28.1754 0.000480353
80 0.845268 -28.1754 0.000480343
81 0.845268 -28.1754 0.000480345
82 0.845268 -28.1754 0.000480336
83 0.845268 -28.1754 0.000480338
84 0.845268 -28.1754 0.00048033
85 0.845268 -28.1754 0.000480329
86 0.845268 -28.1754 0.000480317
87 0.845268 -28.1754 0.000480324
88 0.845268 -28.1754 0.000480317
89 0.845268 -28.1754 0.000480317
90 0.845268 -28.1754 0.000480309
91 0.845268 -28.1754 0.000480307
92 0.845268 -28.1754 0.000480299
93 0.845268 -28.1754 0.000480298
94 0.845268 -28.1754 0.000480295
95 0.845268 -28.1754 0.000480292
96 0.845268 -28.1754 0.000480289
97 0.845268 -28.1754 0.000480287
98 0.845268 -28.1754 0.000480285
99 0.845268 -28.1754 0.000480283
Initial energy of the MPS: -0.252791
# DMRG Sweep # Mid bond EE # Energy # Std #
0 0.036469 14.8174 2.76575
1 0.694012 15.7487 0.0235116
2 0.695099 15.7499 0.00488642
3 0.693253 15.75 0.000568642
4 0.697292 15.75 0.000295542
5 0.72049 15.75 0.000234122
6 0.749865 15.75 0.000203149
7 0.835036 15.75 0.000273788
8 0.850707 15.75 0.000151729
9 0.894809 15.75 8.26226e-05
min energy  # max energy
-28.1754 15.75
