Initial energy of the MPS: 0.236025
# DMRG Sweep # Mid bond EE # Energy # Std #
0 0.00578733 -26.711 5.00454
1 0.765551 -28.1754 0.00434801
2 0.844048 -28.1754 0.000605784
3 0.845252 -28.1754 0.000538667
4 0.845265 -28.1754 0.000511846
5 0.845267 -28.1754 0.000498793
6 0.845267 -28.1754 0.000492228
7 0.845268 -28.1754 0.000488238
8 0.845268 -28.1754 0.000485639
9 0.845268 -28.1754 0.00048395
10 0.845268 -28.1754 0.000482831
11 0.845268 -28.1754 0.000482298
12 0.845268 -28.1754 0.00048203
13 0.845268 -28.1754 0.000481893
14 0.845268 -28.1754 0.00048178
15 0.845268 -28.1754 0.000481704
16 0.845268 -28.1754 0.000481629
17 0.845268 -28.1754 0.000481569
18 0.845268 -28.1754 0.0004815
19 0.845268 -28.1754 0.000481454
20 0.845268 -28.1754 0.000481398
21 0.845268 -28.1754 0.000481358
22 0.845268 -28.1754 0.000481312
23 0.845268 -28.1754 0.000481268
24 0.845268 -28.1754 0.00048122
25 0.845268 -28.1754 0.000481174
26 0.845268 -28.1754 0.000481134
27 0.845268 -28.1754 0.000481095
28 0.845268 -28.1754 0.00048106
29 0.845268 -28.1754 0.000481036
30 0.845268 -28.1754 0.000481005
31 0.845268 -28.1754 0.000480979
32 0.845268 -28.1754 0.000480952
33 0.845268 -28.1754 0.000480929
34 0.845268 -28.1754 0.000480904
35 0.845268 -28.1754 0.000480884
36 0.845268 -28.1754 0.000480862
37 0.845268 -28.1754 0.000480842
38 0.845268 -28.1754 0.000480819
39 0.845268 -28.1754 0.000480798
40 0.845268 -28.1754 0.000480774
41 0.845268 -28.1754 0.000480759
42 0.845268 -28.1754 0.000480742
43 0.845268 -28.1754 0.000480725
44 0.845268 -28.1754 0.000480706
45 0.845268 -28.1754 0.000480687
46 0.845268 -28.1754 0.000480662
47 0.845268 -28.1754 0.000480654
48 0.845268 -28.1754 0.000480632
49 0.845268 -28.1754 0.000480622
50 0.845268 -28.1754 0.000480601
51 0.845268 -28.1754 0.000480587
52 0.845268 -28.1754 0.000480569
53 0.845268 -28.1754 0.000480561
54 0.845268 -28.1754 0.000480543
55 0.845268 -28.1754 0.000480532
56 0.845268 -28.1754 0.000480515
57 0.845268 -28.1754 0.000480505
58 0.845268 -28.1754 0.000480493
59 0.845268 -28.1754 0.000480485
60 0.845268 -28.1754 0.00048047
61 0.845268 -28.1754 0.000480462
62 0.845268 -28.1754 0.000480449
63 0.845268 -28.1754 0.000480444
64 0.845268 -28.1754 0.000480436
65 0.845268 -28.1754 0.000480428
66 0.845268 -28.1754 0.000480417
67 0.845268 -28.1754 0.000480411
68 0.845268 -28.1754 0.000480403
69 0.845268 -28.1754 0.000480399
70 0.845268 -28.1754 0.000480393
71 0.845268 -28.1754 0.000480389
72 0.845268 -28.1754 0.000480379
73 0.845268 -28.1754 0.000480375
74 0.845268 -28.1754 0.000480373
75 0.845268 -28.1754 0.000480366
76 0.845268 -28.1754 0.000480357
77 0.845268 -28.1754 0.000480359
78 0.845268 -28.1754 0.000480348
79 0.845268 -28.1754 0.000480347
80 0.845268 -28.1754 0.000480341
81 0.845268 -28.1754 0.000480338
82 0.845268 -28.1754 0.000480335
83 0.845268 -28.1754 0.000480331
84 0.845268 -28.1754 0.000480325
85 0.845268 -28.1754 0.000480322
86 0.845268 -28.1754 0.000480317
87 0.845268 -28.1754 0.000480316
88 0.845268 -28.1754 0.000480315
89 0.845268 -28.1754 0.00048031
90 0.845268 -28.1754 0.000480304
91 0.845268 -28.1754 0.000480305
92 0.845268 -28.1754 0.000480301
93 0.845268 -28.1754 0.000480302
94 0.845268 -28.1754 0.000480294
95 0.845268 -28.1754 0.000480293
96 0.845268 -28.1754 0.000480292
97 0.845268 -28.1754 0.000480289
98 0.845268 -28.1754 0.000480282
99 0.845268 -28.1754 0.000480282
Initial energy of the MPS: -0.252807
# DMRG Sweep # Mid bond EE # Energy # Std #
0 0.0365382 14.8243 2.75519
1 0.694397 15.7486 0.0241002
2 0.696343 15.7499 0.0045016
3 0.694638 15.75 0.000614779
4 0.728621 15.75 0.0010071
5 0.850388 15.75 0.000267384
6 0.907345 15.75 0.000606603
7 0.930004 15.75 0.000207732
8 0.975076 15.75 0.000144821
min energy  # max energy
-28.1754 15.75
