Initial energy of the MPS: 0.236107
# DMRG Sweep # Mid bond EE # Energy # Std #
0 0.00578739 -26.7108 5.00443
1 0.765536 -28.1754 0.00434857
2 0.844047 -28.1754 0.000605775
3 0.845252 -28.1754 0.000538652
4 0.845266 -28.1754 0.000511868
5 0.845267 -28.1754 0.000498878
6 0.845268 -28.1754 0.000492418
7 0.845268 -28.1754 0.000488505
8 0.845268 -28.1754 0.000485785
9 0.845268 -28.1754 0.000483941
10 0.845268 -28.1754 0.00048279
11 0.845268 -28.1754 0.000482259
12 0.845268 -28.1754 0.000481996
13 0.845268 -28.1754 0.000481858
14 0.845268 -28.1754 0.000481753
15 0.845268 -28.1754 0.000481672
16 0.845268 -28.1754 0.000481594
17 0.845268 -28.1754 0.000481539
18 0.845268 -28.1754 0.000481479
19 0.845268 -28.1754 0.000481429
20 0.845268 -28.1754 0.000481374
21 0.845268 -28.1754 0.000481329
22 0.845268 -28.1754 0.00048128
23 0.845268 -28.1754 0.000481235
24 0.845268 -28.1754 0.000481183
25 0.845268 -28.1754 0.000481147
26 0.845268 -28.1754 0.000481102
27 0.845268 -28.1754 0.000481067
28 0.845268 -28.1754 0.000481029
29 0.845268 -28.1754 0.000481003
30 0.845268 -28.1754 0.000480972
31 0.845268 -28.1754 0.000480947
32 0.845268 -28.1754 0.000480924
33 0.845268 -28.1754 0.000480901
34 0.845268 -28.1754 0.000480872
35 0.845268 -28.1754 0.000480851
36 0.845268 -28.1754 0.000480827
37 0.845268 -28.1754 0.00048081
38 0.845268 -28.1754 0.000480789
39 0.845268 -28.1754 0.000480768
40 0.845268 -28.1754 0.000480745
41 0.845268 -28.1754 0.000480725
42 0.845268 -28.1754 0.000480708
43 0.845268 -28.1754 0.000480692
44 0.845268 -28.1754 0.000480671
45 0.845268 -28.1754 0.000480657
46 0.845268 -28.1754 0.000480635
47 0.845268 -28.1754 0.00048062
48 0.845268 -28.1754 0.000480605
49 0.845268 -28.1754 0.00048059
50 0.845268 -28.1754 0.000480574
51 0.845268 -28.1754 0.000480558
52 0.845268 -28.1754 0.000480547
53 0.845268 -28.1754 0.000480533
54 0.845268 -28.1754 0.000480517
55 0.845268 -28.1754 0.000480509
56 0.845268 -28.1754 0.000480495
57 0.845268 -28.1754 0.000480487
58 0.845268 -28.1754 0.000480475
59 0.845268 -28.1754 0.000480464
60 0.845268 -28.1754 0.000480454
61 0.845268 -28.1754 0.000480448
62 0.845268 -28.1754 0.000480436
63 0.845268 -28.1754 0.000480426
64 0.845268 -28.1754 0.000480419
65 0.845268 -28.1754 0.000480409
66 0.845268 -28.1754 0.000480403
67 0.845268 -28.1754 0.000480401
68 0.845268 -28.1754 0.000480389
69 0.845268 -28.1754 0.000480385
70 0.845268 -28.1754 0.000480374
71 0.845268 -28.1754 0.00048037
72 0.845268 -28.1754 0.000480364
73 0.845268 -28.1754 0.000480361
74 0.845268 -28.1754 0.00048035
75 0.845268 -28.1754 0.00048035
76 0.845268 -28.1754 0.000480341
77 0.845268 -28.1754 0.000480339
78 0.845268 -28.1754 0.000480331
79 0.845268 -28.1754 0.000480331
80 0.845268 -28.1754 0.000480327
81 0.845268 -28.1754 0.000480322
82 0.845268 -28.1754 0.000480313
83 0.845268 -28.1754 0.000480315
84 0.845268 -28.1754 0.000480306
85 0.845268 -28.1754 0.000480308
86 0.845268 -28.1754 0.0004803
87 0.845268 -28.1754 0.000480299
88 0.845268 -28.1754 0.000480292
89 0.845268 -28.1754 0.000480291
90 0.845268 -28.1754 0.000480286
91 0.845268 -28.1754 0.000480286
92 0.845268 -28.1754 0.000480281
93 0.845268 -28.1754 0.000480278
94 0.845268 -28.1754 0.000480276
95 0.845268 -28.1754 0.000480271
96 0.845268 -28.1754 0.000480272
97 0.845268 -28.1754 0.000480268
98 0.845268 -28.1754 0.000480264
99 0.845268 -28.1754 0.000480261
Initial energy of the MPS: -0.252775
# DMRG Sweep # Mid bond EE # Energy # Std #
0 0.0363279 14.795 2.76937
1 0.69565 15.7486 0.0237567
2 0.69422 15.75 0.00452131
3 0.69432 15.75 0.00108661
4 0.7013 15.75 0.000376277
5 0.72213 15.75 0.000488096
6 0.771477 15.75 0.000337794
7 0.843337 15.7501 0.000294151
8 0.855474 15.7501 0.000223897
9 0.90421 15.7501 0.000156228
10 0.936214 15.7501 0.000199781
11 0.953123 15.7501 0.000198446
12 0.960763 15.7501 0.000315476
13 0.948582 15.7501 0.000350883
14 0.919924 15.7501 9.76093e-05
min energy  # max energy
-28.1754 15.7501
