Initial energy of the MPS: 0.236091
# DMRG Sweep # Mid bond EE # Energy # Std #
0 0.00578729 -26.7103 5.00437
1 0.7655 -28.1754 0.00435211
2 0.844044 -28.1754 0.000605796
3 0.845252 -28.1754 0.000538805
4 0.845265 -28.1754 0.000512051
5 0.845267 -28.1754 0.000499069
6 0.845267 -28.1754 0.000492699
7 0.845268 -28.1754 0.000488903
8 0.845268 -28.1754 0.00048611
9 0.845268 -28.1754 0.000484042
10 0.845268 -28.1754 0.000482795
11 0.845268 -28.1754 0.000482267
12 0.845268 -28.1754 0.000482002
13 0.845268 -28.1754 0.000481861
14 0.845268 -28.1754 0.000481748
15 0.845268 -28.1754 0.000481666
16 0.845268 -28.1754 0.000481588
17 0.845268 -28.1754 0.000481526
18 0.845268 -28.1754 0.000481467
19 0.845268 -28.1754 0.00048142
20 0.845268 -28.1754 0.000481364
21 0.845268 -28.1754 0.000481318
22 0.845268 -28.1754 0.000481264
23 0.845268 -28.1754 0.000481216
24 0.845268 -28.1754 0.000481165
25 0.845268 -28.1754 0.000481132
26 0.845268 -28.1754 0.000481085
27 0.845268 -28.1754 0.000481053
28 0.845268 -28.1754 0.000481027
29 0.845268 -28.1754 0.000480999
30 0.845268 -28.1754 0.000480966
31 0.845268 -28.1754 0.000480943
32 0.845268 -28.1754 0.000480917
33 0.845268 -28.1754 0.000480896
34 0.845268 -28.1754 0.000480873
35 0.845268 -28.1754 0.000480856
36 0.845268 -28.1754 0.000480832
37 0.845268 -28.1754 0.000480818
38 0.845268 -28.1754 0.000480794
39 0.845268 -28.1754 0.000480779
40 0.845268 -28.1754 0.000480767
41 0.845268 -28.1754 0.000480748
42 0.845268 -28.1754 0.000480733
43 0.845268 -28.1754 0.000480719
44 0.845268 -28.1754 0.000480704
45 0.845268 -28.1754 0.000480687
46 0.845268 -28.1754 0.000480671
47 0.845268 -28.1754 0.000480662
48 0.845268 -28.1754 0.000480645
49 0.845268 -28.1754 0.000480637
50 0.845268 -28.1754 0.000480617
51 0.845268 -28.1754 0.000480612
52 0.845268 -28.1754 0.000480595
53 0.845268 -28.1754 0.000480586
54 0.845268 -28.1754 0.000480573
55 0.845268 -28.1754 0.000480561
56 0.845268 -28.1754 0.000480548
57 0.845268 -28.1754 0.00048054
58 0.845268 -28.1754 0.000480526
59 0.845268 -28.1754 0.000480516
60 0.845268 -28.1754 0.000480508
61 0.845268 -28.1754 0.000480495
62 0.845268 -28.1754 0.000480484
63 0.845268 -28.1754 0.000480479
64 0.845268 -28.1754 0.000480467
65 0.845268 -28.1754 0.000480458
66 0.845268 -28.1754 0.000480449
67 0.845268 -28.1754 0.00048044
68 0.845268 -28.1754 0.000480432
69 0.845268 -28.1754 0.000480422
70 0.845268 -28.1754 0.000480418
71 0.845268 -28.1754 0.00048041
72 0.845268 -28.1754 0.000480401
73 0.845268 -28.1754 0.000480398
74 0.845268 -28.1754 0.000480391
75 0.845268 -28.1754 0.000480387
76 0.845268 -28.1754 0.000480378
77 0.845268 -28.1754 0.00048037
78 0.845268 -28.1754 0.000480364
79 0.845268 -28.1754 0.000480357
80 0.845268 -28.1754 0.000480354
81 0.845268 -28.1754 0.000480348
82 0.845268 -28.1754 0.000480344
83 0.845268 -28.1754 0.000480335
84 0.845268 -28.1754 0.000480335
85 0.845268 -28.1754 0.00048033
86 0.845268 -28.1754 0.000480328
87 0.845268 -28.1754 0.000480324
88 0.845268 -28.1754 0.000480319
89 0.845268 -28.1754 0.000480312
90 0.845268 -28.1754 0.000480312
91 0.845268 -28.1754 0.000480305
92 0.845268 -28.1754 0.000480302
93 0.845268 -28.1754 0.000480302
94 0.845268 -28.1754 0.000480292
95 0.845268 -28.1754 0.000480291
96 0.845268 -28.1754 0.000480287
97 0.845268 -28.1754 0.000480282
98 0.845268 -28.1754 0.000480281
99 0.845268 -28.1754 0.000480281
Initial energy of the MPS: -0.252841
# DMRG Sweep # Mid bond EE # Energy # Std #
0 0.036442 14.8225 2.75728
1 0.694695 15.7483 0.0263506
2 0.695282 15.75 0.00507662
3 0.693629 15.7501 0.00196699
4 0.723751 15.7501 0.00102441
5 0.808875 15.7501 0.000684151
6 0.882871 15.7502 0.000541423
7 0.942404 15.7502 0.000451819
8 0.954059 15.7502 0.000566112
9 0.943433 15.7502 0.000261553
10 0.971328 15.7502 0.000253773
11 0.970272 15.7502 0.000424761
12 0.949203 15.7502 0.000504932
13 0.927991 15.7502 0.000368986
14 0.924572 15.7502 0.000284155
15 0.918222 15.7502 0.00032995
16 0.899723 15.7502 0.000379089
17 0.879087 15.7502 0.000418747
18 0.816838 15.7502 0.000436707
19 0.661748 15.7502 0.00044949
20 0.397548 15.7503 0.000383188
21 0.16718 15.7503 0.000220829
22 0.0483935 15.7503 0.000109076
min energy  # max energy
-28.1754 15.7503
