Initial energy of the MPS: 0.236091
# DMRG Sweep # Mid bond EE # Energy # Std #
0 0.00578738 -26.7117 5.00465
1 0.765541 -28.1754 0.00434871
2 0.844047 -28.1754 0.000605777
3 0.845252 -28.1754 0.000538687
4 0.845266 -28.1754 0.000511884
5 0.845267 -28.1754 0.000498824
6 0.845268 -28.1754 0.000492277
7 0.845268 -28.1754 0.000488299
8 0.845268 -28.1754 0.000485599
9 0.845268 -28.1754 0.000483841
10 0.845268 -28.1754 0.000482752
11 0.845268 -28.1754 0.000482245
12 0.845268 -28.1754 0.000481994
13 0.845268 -28.1754 0.000481861
14 0.845268 -28.1754 0.000481751
15 0.845268 -28.1754 0.000481677
16 0.845268 -28.1754 0.000481602
17 0.845268 -28.1754 0.000481541
18 0.845268 -28.1754 0.000481483
19 0.845268 -28.1754 0.00048143
20 0.845268 -28.1754 0.000481378
21 0.845268 -28.1754 0.000481338
22 0.845268 -28.1754 0.000481286
23 0.845268 -28.1754 0.000481244
24 0.845268 -28.1754 0.000481194
25 0.845268 -28.1754 0.000481147
26 0.845268 -28.1754 0.000481106
27 0.845268 -28.1754 0.000481066
28 0.845268 -28.1754 0.000481029
29 0.845268 -28.1754 0.000481006
30 0.845268 -28.1754 0.000480973
31 0.845268 -28.1754 0.000480948
32 0.845268 -28.1754 0.000480924
33 0.845268 -28.1754 0.000480899
34 0.845268 -28.1754 0.000480871
35 0.845268 -28.1754 0.000480855
36 0.845268 -28.1754 0.000480829
37 0.845268 -28.1754 0.000480805
38 0.845268 -28.1754 0.000480785
39 0.845268 -28.1754 0.000480768
40 0.845268 -28.1754 0.000480749
41 0.845268 -28.1754 0.000480729
42 0.845268 -28.1754 0.000480706
43 0.845268 -28.1754 0.000480693
44 0.845268 -28.1754 0.000480674
45 0.845268 -28.1754 0.000480658
46 0.845268 -28.1754 0.00048064
47 0.845268 -28.1754 0.000480624
48 0.845268 -28.1754 0.000480606
49 0.845268 -28.1754 0.000480594
50 0.845268 -28.1754 0.000480577
51 0.845268 -28.1754 0.000480564
52 0.845268 -28.1754 0.000480547
53 0.845268 -28.1754 0.000480536
54 0.845268 -28.1754 0.000480522
55 0.845268 -28.1754 0.00048051
56 0.845268 -28.1754 0.000480494
57 0.845268 -28.1754 0.000480485
58 0.845268 -28.1754 0.000480471
59 0.845268 -28.1754 0.000480468
60 0.845268 -28.1754 0.000480457
61 0.845268 -28.1754 0.000480449
62 0.845268 -28.1754 0.00048044
63 0.845268 -28.1754 0.000480434
64 0.845268 -28.1754 0.000480421
65 0.845268 -28.1754 0.000480414
66 0.845268 -28.1754 0.000480406
67 0.845268 -28.1754 0.000480398
68 0.845268 -28.1754 0.000480391
69 0.845268 -28.1754 0.000480389
70 0.845268 -28.1754 0.000480382
71 0.845268 -28.1754 0.000480377
72 0.845268 -28.1754 0.000480367
73 0.845268 -28.1754 0.000480365
74 0.845268 -28.1754 0.000480358
75 0.845268 -28.1754 0.000480355
76 0.845268 -28.1754 0.000480349
77 0.845268 -28.1754 0.000480344
78 0.845268 -28.1754 0.000480335
79 0.845268 -28.1754 0.000480334
80 0.845268 -28.1754 0.000480327
81 0.845268 -28.1754 0.000480327
82 0.845268 -28.1754 0.000480321
83 0.845268 -28.1754 0.000480316
84 0.845268 -28.1754 0.000480314
85 0.845268 -28.1754 0.00048031
86 0.845268 -28.1754 0.000480306
87 0.845268 -28.1754 0.000480302
88 0.845268 -28.1754 0.000480299
89 0.845268 -28.1754 0.000480295
90 0.845268 -28.1754 0.000480294
91 0.845268 -28.1754 0.000480293
92 0.845268 -28.1754 0.000480286
93 0.845268 -28.1754 0.000480284
94 0.845268 -28.1754 0.000480279
95 0.845268 -28.1754 0.000480279
96 0.845268 -28.1754 0.000480278
97 0.845268 -28.1754 0.000480275
98 0.845268 -28.1754 0.000480269
99 0.845268 -28.1754 0.000480272
Initial energy of the MPS: -0.252756
# DMRG Sweep # Mid bond EE # Energy # Std #
0 0.0364078 14.8182 2.75775
1 0.694348 15.7487 0.0231627
2 0.696387 15.7499 0.0052374
3 0.693563 15.75 0.00160809
4 0.732573 15.75 0.00141003
5 0.837491 15.75 0.000574069
6 0.942583 15.7501 0.00074958
7 0.913463 15.7501 0.001183
8 0.956296 15.7501 0.000363898
9 0.997365 15.7501 0.000610304
10 0.989283 15.7501 0.000684373
11 0.979588 15.7501 0.000564559
12 1.00056 15.7501 0.000903097
13 0.983272 15.7502 0.000349765
14 1.00688 15.7502 0.0004696
15 0.999222 15.7502 0.000637407
16 0.966936 15.7502 0.000459865
17 0.972011 15.7502 0.00034103
18 0.964883 15.7502 0.000409911
19 0.95241 15.7502 0.000476552
20 0.933708 15.7502 0.000445498
21 0.916653 15.7503 0.000436447
22 0.89249 15.7503 0.000489737
23 0.855574 15.7503 0.000435099
24 0.796554 15.7503 0.000625875
25 0.685965 15.7503 0.00112941
26 0.328849 15.7503 0.000493273
27 0.10771 15.7503 0.000209009
28 0.0222944 15.7503 8.99069e-05
min energy  # max energy
-28.1754 15.7503
