Initial energy of the MPS: 0.236076
# DMRG Sweep # Mid bond EE # Energy # Std #
0 0.00578738 -26.7127 5.00477
1 0.765546 -28.1754 0.00434775
2 0.844048 -28.1754 0.000605783
3 0.845252 -28.1754 0.000538649
4 0.845266 -28.1754 0.000511845
5 0.845267 -28.1754 0.00049882
6 0.845268 -28.1754 0.000492292
7 0.845268 -28.1754 0.00048833
8 0.845268 -28.1754 0.000485707
9 0.845268 -28.1754 0.000483996
10 0.845268 -28.1754 0.000482841
11 0.845268 -28.1754 0.000482275
12 0.845268 -28.1754 0.000481995
13 0.845268 -28.1754 0.000481854
14 0.845268 -28.1754 0.000481741
15 0.845268 -28.1754 0.000481669
16 0.845268 -28.1754 0.000481588
17 0.845268 -28.1754 0.000481528
18 0.845268 -28.1754 0.000481463
19 0.845268 -28.1754 0.000481411
20 0.845268 -28.1754 0.000481355
21 0.845268 -28.1754 0.000481314
22 0.845268 -28.1754 0.000481262
23 0.845268 -28.1754 0.000481222
24 0.845268 -28.1754 0.000481174
25 0.845268 -28.1754 0.000481133
26 0.845268 -28.1754 0.000481089
27 0.845268 -28.1754 0.000481049
28 0.845268 -28.1754 0.000481009
29 0.845268 -28.1754 0.000480987
30 0.845268 -28.1754 0.00048095
31 0.845268 -28.1754 0.00048093
32 0.845268 -28.1754 0.000480901
33 0.845268 -28.1754 0.000480877
34 0.845268 -28.1754 0.000480852
35 0.845268 -28.1754 0.00048083
36 0.845268 -28.1754 0.000480806
37 0.845268 -28.1754 0.000480789
38 0.845268 -28.1754 0.000480766
39 0.845268 -28.1754 0.000480749
40 0.845268 -28.1754 0.000480724
41 0.845268 -28.1754 0.00048071
42 0.845268 -28.1754 0.000480686
43 0.845268 -28.1754 0.000480673
44 0.845268 -28.1754 0.000480649
45 0.845268 -28.1754 0.000480639
46 0.845268 -28.1754 0.000480616
47 0.845268 -28.1754 0.000480605
48 0.845268 -28.1754 0.000480583
49 0.845268 -28.1754 0.00048057
50 0.845268 -28.1754 0.000480554
51 0.845268 -28.1754 0.000480545
52 0.845268 -28.1754 0.000480523
53 0.845268 -28.1754 0.000480515
54 0.845268 -28.1754 0.000480502
55 0.845268 -28.1754 0.000480488
56 0.845268 -28.1754 0.000480477
57 0.845268 -28.1754 0.000480467
58 0.845268 -28.1754 0.000480453
59 0.845268 -28.1754 0.000480446
60 0.845268 -28.1754 0.000480435
61 0.845268 -28.1754 0.00048043
62 0.845268 -28.1754 0.000480415
63 0.845268 -28.1754 0.000480411
64 0.845268 -28.1754 0.0004804
65 0.845268 -28.1754 0.000480396
66 0.845268 -28.1754 0.000480384
67 0.845268 -28.1754 0.000480379
68 0.845268 -28.1754 0.000480364
69 0.845268 -28.1754 0.000480362
70 0.845268 -28.1754 0.000480359
71 0.845268 -28.1754 0.000480352
72 0.845268 -28.1754 0.000480346
73 0.845268 -28.1754 0.000480338
74 0.845268 -28.1754 0.000480338
75 0.845268 -28.1754 0.00048033
76 0.845268 -28.1754 0.000480327
77 0.845268 -28.1754 0.000480319
78 0.845268 -28.1754 0.000480314
79 0.845268 -28.1754 0.00048031
80 0.845268 -28.1754 0.000480305
81 0.845268 -28.1754 0.0004803
82 0.845268 -28.1754 0.000480299
83 0.845268 -28.1754 0.000480293
84 0.845268 -28.1754 0.00048029
85 0.845268 -28.1754 0.00048029
86 0.845268 -28.1754 0.000480284
87 0.845268 -28.1754 0.00048028
88 0.845268 -28.1754 0.000480278
89 0.845268 -28.1754 0.000480272
90 0.845268 -28.1754 0.000480269
91 0.845268 -28.1754 0.000480272
92 0.845268 -28.1754 0.000480268
93 0.845268 -28.1754 0.000480263
94 0.845268 -28.1754 0.000480256
95 0.845268 -28.1754 0.000480257
96 0.845268 -28.1754 0.00048025
97 0.845268 -28.1754 0.000480253
98 0.845268 -28.1754 0.000480249
99 0.845268 -28.1754 0.00048025
Initial energy of the MPS: -0.252751
# DMRG Sweep # Mid bond EE # Energy # Std #
0 0.0366468 14.8254 2.75694
1 0.694842 15.7485 0.0257294
2 0.694596 15.7499 0.00487829
3 0.693412 15.75 0.000834381
4 0.704235 15.75 0.00061697
5 0.84309 15.75 0.000537846
6 0.853982 15.75 0.0002762
7 0.951829 15.75 0.00033725
8 0.978164 15.75 0.000518564
9 0.959811 15.75 0.000357933
10 0.97021 15.75 0.000141025
min energy  # max energy
-28.1754 15.75
