Initial energy of the MPS: 0.235994
# DMRG Sweep # Mid bond EE # Energy # Std #
0 0.00578728 -26.7075 5.0037
1 0.765518 -28.1754 0.0043494
2 0.844045 -28.1754 0.000605748
3 0.845252 -28.1754 0.000538723
4 0.845266 -28.1754 0.000511946
5 0.845267 -28.1754 0.000498911
6 0.845268 -28.1754 0.000492423
7 0.845268 -28.1754 0.000488489
8 0.845268 -28.1754 0.000485633
9 0.845268 -28.1754 0.000483718
10 0.845268 -28.1754 0.000482637
11 0.845268 -28.1754 0.000482172
12 0.845268 -28.1754 0.00048193
13 0.845268 -28.1754 0.000481802
14 0.845268 -28.1754 0.000481696
15 0.845268 -28.1754 0.000481617
16 0.845268 -28.1754 0.000481538
17 0.845268 -28.1754 0.00048148
18 0.845268 -28.1754 0.000481418
19 0.845268 -28.1754 0.00048137
20 0.845268 -28.1754 0.000481314
21 0.845268 -28.1754 0.000481273
22 0.845268 -28.1754 0.000481217
23 0.845268 -28.1754 0.000481169
24 0.845268 -28.1754 0.000481115
25 0.845268 -28.1754 0.000481073
26 0.845268 -28.1754 0.000481033
27 0.845268 -28.1754 0.000481002
28 0.845268 -28.1754 0.000480967
29 0.845268 -28.1754 0.000480934
30 0.845268 -28.1754 0.000480904
31 0.845268 -28.1754 0.00048088
32 0.845268 -28.1754 0.000480851
33 0.845268 -28.1754 0.000480831
34 0.845268 -28.1754 0.000480809
35 0.845268 -28.1754 0.000480789
36 0.845268 -28.1754 0.000480765
37 0.845268 -28.1754 0.000480749
38 0.845268 -28.1754 0.000480725
39 0.845268 -28.1754 0.000480711
40 0.845268 -28.1754 0.000480692
41 0.845268 -28.1754 0.000480679
42 0.845268 -28.1754 0.000480656
43 0.845268 -28.1754 0.000480644
44 0.845268 -28.1754 0.000480625
45 0.845268 -28.1754 0.000480611
46 0.845268 -28.1754 0.000480594
47 0.845268 -28.1754 0.000480582
48 0.845268 -28.1754 0.000480566
49 0.845268 -28.1754 0.000480552
50 0.845268 -28.1754 0.000480537
51 0.845268 -28.1754 0.000480523
52 0.845268 -28.1754 0.000480507
53 0.845268 -28.1754 0.000480499
54 0.845268 -28.1754 0.000480483
55 0.845268 -28.1754 0.000480473
56 0.845268 -28.1754 0.000480459
57 0.845268 -28.1754 0.000480452
58 0.845268 -28.1754 0.000480437
59 0.845268 -28.1754 0.000480424
60 0.845268 -28.1754 0.000480415
61 0.845268 -28.1754 0.000480408
62 0.845268 -28.1754 0.000480392
63 0.845268 -28.1754 0.000480384
64 0.845268 -28.1754 0.00048038
65 0.845268 -28.1754 0.000480369
66 0.845268 -28.1754 0.000480365
67 0.845268 -28.1754 0.000480353
68 0.845268 -28.1754 0.000480344
69 0.845268 -28.1754 0.000480341
70 0.845268 -28.1754 0.000480331
71 0.845268 -28.1754 0.000480328
72 0.845268 -28.1754 0.000480313
73 0.845268 -28.1754 0.000480309
74 0.845268 -28.1754 0.000480301
75 0.845268 -28.1754 0.000480299
76 0.845268 -28.1754 0.000480294
77 0.845268 -28.1754 0.000480289
78 0.845268 -28.1754 0.000480283
79 0.845268 -28.1754 0.000480277
80 0.845268 -28.1754 0.000480274
81 0.845268 -28.1754 0.00048027
82 0.845268 -28.1754 0.000480265
83 0.845268 -28.1754 0.000480259
84 0.845268 -28.1754 0.000480254
85 0.845268 -28.1754 0.00048025
86 0.845268 -28.1754 0.000480247
87 0.845268 -28.1754 0.000480243
88 0.845268 -28.1754 0.000480241
89 0.845268 -28.1754 0.000480231
90 0.845268 -28.1754 0.000480232
91 0.845268 -28.1754 0.000480226
92 0.845268 -28.1754 0.000480224
93 0.845268 -28.1754 0.000480221
94 0.845268 -28.1754 0.000480219
95 0.845268 -28.1754 0.000480214
96 0.845268 -28.1754 0.000480211
97 0.845268 -28.1754 0.000480212
98 0.845268 -28.1754 0.000480207
99 0.845268 -28.1754 0.000480205
Initial energy of the MPS: -0.25281
# DMRG Sweep # Mid bond EE # Energy # Std #
0 0.0362332 14.8143 2.76293
1 0.694548 15.7487 0.0233084
2 0.697941 15.7499 0.00501842
3 0.697065 15.75 0.00173163
4 0.824323 15.7501 0.00148211
5 0.907362 15.7501 0.000786545
6 0.931309 15.7501 0.00152875
7 0.931667 15.7502 0.000513644
8 0.980137 15.7502 0.00086396
9 0.980126 15.7502 0.000975752
10 0.975964 15.7503 0.000620557
11 0.987576 15.7503 0.000858173
12 0.962775 15.7503 0.000902039
13 0.956756 15.7504 0.000667058
14 0.953707 15.7504 0.000567536
15 0.944042 15.7504 0.000649261
16 0.925529 15.7504 0.000657308
17 0.899414 15.7504 0.000659331
18 0.868482 15.7505 0.000755322
19 0.778908 15.7505 0.000722369
20 0.44289 15.7505 0.000500253
21 0.0943735 15.7505 0.000177538
22 0.00757561 15.7505 3.43976e-05
min energy  # max energy
-28.1754 15.7505
