Initial energy of the MPS: 0.236117
# DMRG Sweep # Mid bond EE # Energy # Std #
0 0.00578736 -26.7121 5.00473
1 0.765539 -28.1754 0.00434926
2 0.844047 -28.1754 0.000605781
3 0.845252 -28.1754 0.000538696
4 0.845265 -28.1754 0.000511903
5 0.845267 -28.1754 0.000498851
6 0.845267 -28.1754 0.000492316
7 0.845267 -28.1754 0.000488329
8 0.845267 -28.1754 0.000485592
9 0.845268 -28.1754 0.000483809
10 0.845268 -28.1754 0.000482732
11 0.845268 -28.1754 0.000482247
12 0.845268 -28.1754 0.000482006
13 0.845268 -28.1754 0.000481873
14 0.845268 -28.1754 0.00048177
15 0.845268 -28.1754 0.000481691
16 0.845268 -28.1754 0.000481616
17 0.845268 -28.1754 0.000481561
18 0.845268 -28.1754 0.000481498
19 0.845268 -28.1754 0.000481449
20 0.845268 -28.1754 0.000481395
21 0.845268 -28.1754 0.000481353
22 0.845268 -28.1754 0.000481303
23 0.845268 -28.1754 0.000481265
24 0.845268 -28.1754 0.00048121
25 0.845268 -28.1754 0.000481168
26 0.845268 -28.1754 0.000481126
27 0.845268 -28.1754 0.000481091
28 0.845268 -28.1754 0.000481049
29 0.845268 -28.1754 0.000481025
30 0.845268 -28.1754 0.000480994
31 0.845268 -28.1754 0.000480971
32 0.845268 -28.1754 0.000480944
33 0.845268 -28.1754 0.000480922
34 0.845268 -28.1754 0.000480896
35 0.845268 -28.1754 0.000480872
36 0.845268 -28.1754 0.00048085
37 0.845268 -28.1754 0.000480832
38 0.845268 -28.1754 0.000480808
39 0.845268 -28.1754 0.000480793
40 0.845268 -28.1754 0.000480771
41 0.845268 -28.1754 0.000480751
42 0.845268 -28.1754 0.00048073
43 0.845268 -28.1754 0.000480719
44 0.845268 -28.1754 0.000480696
45 0.845268 -28.1754 0.000480678
46 0.845268 -28.1754 0.000480659
47 0.845268 -28.1754 0.000480646
48 0.845268 -28.1754 0.000480625
49 0.845268 -28.1754 0.000480617
50 0.845268 -28.1754 0.000480592
51 0.845268 -28.1754 0.000480583
52 0.845268 -28.1754 0.000480566
53 0.845268 -28.1754 0.000480555
54 0.845268 -28.1754 0.000480537
55 0.845268 -28.1754 0.00048053
56 0.845268 -28.1754 0.000480517
57 0.845268 -28.1754 0.000480506
58 0.845268 -28.1754 0.000480493
59 0.845268 -28.1754 0.000480482
60 0.845268 -28.1754 0.000480472
61 0.845268 -28.1754 0.00048047
62 0.845268 -28.1754 0.000480451
63 0.845268 -28.1754 0.000480449
64 0.845268 -28.1754 0.000480438
65 0.845268 -28.1754 0.000480433
66 0.845268 -28.1754 0.000480422
67 0.845268 -28.1754 0.000480419
68 0.845268 -28.1754 0.000480409
69 0.845268 -28.1754 0.000480402
70 0.845268 -28.1754 0.000480393
71 0.845268 -28.1754 0.000480394
72 0.845268 -28.1754 0.000480386
73 0.845268 -28.1754 0.000480377
74 0.845268 -28.1754 0.000480371
75 0.845268 -28.1754 0.000480372
76 0.845268 -28.1754 0.000480368
77 0.845268 -28.1754 0.000480362
78 0.845268 -28.1754 0.000480354
79 0.845268 -28.1754 0.000480355
80 0.845268 -28.1754 0.000480345
81 0.845268 -28.1754 0.000480344
82 0.845268 -28.1754 0.000480336
83 0.845268 -28.1754 0.000480338
84 0.845268 -28.1754 0.000480331
85 0.845268 -28.1754 0.000480333
86 0.845268 -28.1754 0.000480325
87 0.845268 -28.1754 0.000480319
88 0.845268 -28.1754 0.000480313
89 0.845268 -28.1754 0.000480315
90 0.845268 -28.1754 0.000480313
91 0.845268 -28.1754 0.000480309
92 0.845268 -28.1754 0.000480302
93 0.845268 -28.1754 0.000480302
94 0.845268 -28.1754 0.000480295
95 0.845268 -28.1754 0.000480297
96 0.845268 -28.1754 0.000480292
97 0.845268 -28.1754 0.000480289
98 0.845268 -28.1754 0.000480283
99 0.845268 -28.1754 0.000480287
Initial energy of the MPS: -0.252764
# DMRG Sweep # Mid bond EE # Energy # Std #
0 0.0361008 14.804 2.76096
1 0.694938 15.7487 0.0232507
2 0.696531 15.7499 0.00398041
3 0.69525 15.75 0.00053203
4 0.695213 15.75 0.000209787
5 0.694107 15.75 0.000328288
6 0.730148 15.75 4.06834e-05
min energy  # max energy
-28.1754 15.75
