Initial energy of the MPS: 0.236041
# DMRG Sweep # Mid bond EE # Energy # Std #
0 0.0057873 -26.7129 5.00485
1 0.765513 -28.1754 0.00434987
2 0.844045 -28.1754 0.000605722
3 0.845252 -28.1754 0.000538703
4 0.845266 -28.1754 0.000511952
5 0.845267 -28.1754 0.000498939
6 0.845268 -28.1754 0.00049249
7 0.845268 -28.1754 0.000488584
8 0.845268 -28.1754 0.000485708
9 0.845268 -28.1754 0.000483734
10 0.845268 -28.1754 0.00048263
11 0.845268 -28.1754 0.000482163
12 0.845268 -28.1754 0.000481922
13 0.845268 -28.1754 0.000481791
14 0.845268 -28.1754 0.000481681
15 0.845268 -28.1754 0.000481608
16 0.845268 -28.1754 0.00048153
17 0.845268 -28.1754 0.000481467
18 0.845268 -28.1754 0.000481408
19 0.845268 -28.1754 0.000481357
20 0.845268 -28.1754 0.000481303
21 0.845268 -28.1754 0.000481258
22 0.845268 -28.1754 0.000481205
23 0.845268 -28.1754 0.000481158
24 0.845268 -28.1754 0.000481102
25 0.845268 -28.1754 0.000481067
26 0.845268 -28.1754 0.000481018
27 0.845268 -28.1754 0.000480989
28 0.845268 -28.1754 0.000480953
29 0.845268 -28.1754 0.000480927
30 0.845268 -28.1754 0.000480896
31 0.845268 -28.1754 0.000480868
32 0.845268 -28.1754 0.000480846
33 0.845268 -28.1754 0.000480822
34 0.845268 -28.1754 0.000480798
35 0.845268 -28.1754 0.000480779
36 0.845268 -28.1754 0.000480756
37 0.845268 -28.1754 0.00048074
38 0.845268 -28.1754 0.000480723
39 0.845268 -28.1754 0.000480703
40 0.845268 -28.1754 0.000480686
41 0.845268 -28.1754 0.000480672
42 0.845268 -28.1754 0.000480653
43 0.845268 -28.1754 0.000480639
44 0.845268 -28.1754 0.00048062
45 0.845268 -28.1754 0.000480608
46 0.845268 -28.1754 0.00048059
47 0.845268 -28.1754 0.000480577
48 0.845268 -28.1754 0.00048056
49 0.845268 -28.1754 0.000480545
50 0.845268 -28.1754 0.000480535
51 0.845268 -28.1754 0.000480516
52 0.845268 -28.1754 0.0004805
53 0.845268 -28.1754 0.000480491
54 0.845268 -28.1754 0.000480478
55 0.845268 -28.1754 0.000480465
56 0.845268 -28.1754 0.000480448
57 0.845268 -28.1754 0.000480439
58 0.845268 -28.1754 0.00048043
59 0.845268 -28.1754 0.000480421
60 0.845268 -28.1754 0.000480405
61 0.845268 -28.1754 0.000480397
62 0.845268 -28.1754 0.000480388
63 0.845268 -28.1754 0.000480378
64 0.845268 -28.1754 0.00048037
65 0.845268 -28.1754 0.000480358
66 0.845268 -28.1754 0.000480349
67 0.845268 -28.1754 0.000480341
68 0.845268 -28.1754 0.000480333
69 0.845268 -28.1754 0.000480327
70 0.845268 -28.1754 0.000480318
71 0.845268 -28.1754 0.00048031
72 0.845268 -28.1754 0.000480302
73 0.845268 -28.1754 0.000480298
74 0.845268 -28.1754 0.000480291
75 0.845268 -28.1754 0.000480287
76 0.845268 -28.1754 0.000480278
77 0.845268 -28.1754 0.000480273
78 0.845268 -28.1754 0.000480264
79 0.845268 -28.1754 0.000480263
80 0.845268 -28.1754 0.000480257
81 0.845268 -28.1754 0.000480255
82 0.845268 -28.1754 0.000480252
83 0.845268 -28.1754 0.000480244
84 0.845268 -28.1754 0.000480237
85 0.845268 -28.1754 0.000480235
86 0.845268 -28.1754 0.000480232
87 0.845268 -28.1754 0.000480226
88 0.845268 -28.1754 0.000480223
89 0.845268 -28.1754 0.000480224
90 0.845268 -28.1754 0.000480217
91 0.845268 -28.1754 0.000480216
92 0.845268 -28.1754 0.00048021
93 0.845268 -28.1754 0.000480205
94 0.845268 -28.1754 0.000480202
95 0.845268 -28.1754 0.000480201
96 0.845268 -28.1754 0.000480198
97 0.845268 -28.1754 0.000480196
98 0.845268 -28.1754 0.00048019
99 0.845268 -28.1754 0.000480187
Initial energy of the MPS: -0.252785
# DMRG Sweep # Mid bond EE # Energy # Std #
0 0.0364104 14.8032 2.7662
1 0.694614 15.7488 0.0220787
2 0.697677 15.75 0.00481699
3 0.695746 15.7501 0.00215087
4 0.747414 15.7501 0.00101277
5 0.840068 15.7502 0.000696547
6 0.879265 15.7502 0.000655519
7 0.927372 15.7502 0.000519592
8 0.948265 15.7502 0.000724752
9 0.947362 15.7502 0.000322917
10 0.970917 15.7502 0.000296868
11 0.9695 15.7503 0.00044703
12 0.956285 15.7503 0.000625383
13 0.94113 15.7503 0.000616057
14 0.920496 15.7503 0.000359705
15 0.917907 15.7503 0.000361587
16 0.893223 15.7503 0.000430093
17 0.869391 15.7503 0.000445452
18 0.80962 15.7503 0.000515911
19 0.727443 15.7503 0.000894945
20 0.21241 15.7503 0.000176414
21 0.0418506 15.7503 7.17002e-05
min energy  # max energy
-28.1754 15.7503
