Initial energy of the MPS: 0.236088
# DMRG Sweep # Mid bond EE # Energy # Std #
0 0.00578732 -26.7124 5.00479
1 0.765534 -28.1754 0.00434852
2 0.844045 -28.1754 0.000605768
3 0.845252 -28.1754 0.000538644
4 0.845265 -28.1754 0.000511874
5 0.845267 -28.1754 0.000498902
6 0.845267 -28.1754 0.000492452
7 0.845268 -28.1754 0.000488547
8 0.845268 -28.1754 0.000485801
9 0.845268 -28.1754 0.000483904
10 0.845268 -28.1754 0.000482754
11 0.845268 -28.1754 0.000482229
12 0.845268 -28.1754 0.000481973
13 0.845268 -28.1754 0.000481835
14 0.845268 -28.1754 0.000481726
15 0.845268 -28.1754 0.000481649
16 0.845268 -28.1754 0.000481574
17 0.845268 -28.1754 0.000481514
18 0.845268 -28.1754 0.000481452
19 0.845268 -28.1754 0.000481406
20 0.845268 -28.1754 0.000481349
21 0.845268 -28.1754 0.000481309
22 0.845268 -28.1754 0.000481259
23 0.845268 -28.1754 0.000481212
24 0.845268 -28.1754 0.000481161
25 0.845268 -28.1754 0.000481119
26 0.845268 -28.1754 0.000481079
27 0.845268 -28.1754 0.000481044
28 0.845268 -28.1754 0.000481004
29 0.845268 -28.1754 0.000480978
30 0.845268 -28.1754 0.000480947
31 0.845268 -28.1754 0.000480924
32 0.845268 -28.1754 0.000480893
33 0.845268 -28.1754 0.000480872
34 0.845268 -28.1754 0.000480845
35 0.845268 -28.1754 0.00048083
36 0.845268 -28.1754 0.000480803
37 0.845268 -28.1754 0.000480782
38 0.845268 -28.1754 0.000480765
39 0.845268 -28.1754 0.000480746
40 0.845268 -28.1754 0.000480725
41 0.845268 -28.1754 0.000480704
42 0.845268 -28.1754 0.000480687
43 0.845268 -28.1754 0.000480668
44 0.845268 -28.1754 0.00048065
45 0.845268 -28.1754 0.000480638
46 0.845268 -28.1754 0.000480617
47 0.845268 -28.1754 0.000480598
48 0.845268 -28.1754 0.000480583
49 0.845268 -28.1754 0.000480565
50 0.845268 -28.1754 0.000480556
51 0.845268 -28.1754 0.000480545
52 0.845268 -28.1754 0.000480523
53 0.845268 -28.1754 0.000480515
54 0.845268 -28.1754 0.000480499
55 0.845268 -28.1754 0.00048049
56 0.845268 -28.1754 0.00048048
57 0.845268 -28.1754 0.000480469
58 0.845268 -28.1754 0.000480455
59 0.845268 -28.1754 0.000480444
60 0.845268 -28.1754 0.000480436
61 0.845268 -28.1754 0.000480427
62 0.845268 -28.1754 0.000480418
63 0.845268 -28.1754 0.000480407
64 0.845268 -28.1754 0.000480402
65 0.845268 -28.1754 0.000480393
66 0.845268 -28.1754 0.000480386
67 0.845268 -28.1754 0.000480377
68 0.845268 -28.1754 0.000480371
69 0.845268 -28.1754 0.000480358
70 0.845268 -28.1754 0.000480357
71 0.845268 -28.1754 0.000480349
72 0.845268 -28.1754 0.000480344
73 0.845268 -28.1754 0.000480341
74 0.845268 -28.1754 0.000480333
75 0.845268 -28.1754 0.000480326
76 0.845268 -28.1754 0.000480322
77 0.845268 -28.1754 0.000480316
78 0.845268 -28.1754 0.000480316
79 0.845268 -28.1754 0.00048031
80 0.845268 -28.1754 0.000480303
81 0.845268 -28.1754 0.0004803
82 0.845268 -28.1754 0.000480292
83 0.845268 -28.1754 0.000480293
84 0.845268 -28.1754 0.000480291
85 0.845268 -28.1754 0.000480283
86 0.845268 -28.1754 0.000480279
87 0.845268 -28.1754 0.000480274
88 0.845268 -28.1754 0.00048027
89 0.845268 -28.1754 0.000480267
90 0.845268 -28.1754 0.000480265
91 0.845268 -28.1754 0.000480259
92 0.845268 -28.1754 0.000480254
93 0.845268 -28.1754 0.000480253
94 0.845268 -28.1754 0.000480251
95 0.845268 -28.1754 0.000480245
96 0.845268 -28.1754 0.000480246
97 0.845268 -28.1754 0.00048024
98 0.845268 -28.1754 0.00048024
99 0.845268 -28.1754 0.000480235
Initial energy of the MPS: -0.252789
# DMRG Sweep # Mid bond EE # Energy # Std #
0 0.0364322 14.8102 2.76219
1 0.695221 15.7486 0.0252318
2 0.696624 15.7499 0.00436006
3 0.693621 15.75 0.000493413
4 0.695493 15.75 0.000299267
5 0.698254 15.75 0.000233272
6 0.730069 15.75 0.000135426
min energy  # max energy
-28.1754 15.75
