Initial energy of the MPS: 0.236029
# DMRG Sweep # Mid bond EE # Energy # Std #
0 0.00578732 -26.7116 5.00464
1 0.765533 -28.1754 0.00434757
2 0.844044 -28.1754 0.000605755
3 0.845251 -28.1754 0.000538642
4 0.845264 -28.1754 0.000511859
5 0.845266 -28.1754 0.000498855
6 0.845267 -28.1754 0.000492374
7 0.845267 -28.1754 0.00048846
8 0.845267 -28.1754 0.000485752
9 0.845267 -28.1754 0.000483914
10 0.845267 -28.1754 0.000482756
11 0.845267 -28.1754 0.000482218
12 0.845267 -28.1754 0.000481958
13 0.845267 -28.1754 0.000481817
14 0.845267 -28.1754 0.000481705
15 0.845267 -28.1754 0.000481623
16 0.845267 -28.1754 0.00048155
17 0.845267 -28.1754 0.000481488
18 0.845267 -28.1754 0.000481421
19 0.845267 -28.1754 0.000481376
20 0.845267 -28.1754 0.000481317
21 0.845267 -28.1754 0.000481277
22 0.845267 -28.1754 0.000481222
23 0.845267 -28.1754 0.000481178
24 0.845267 -28.1754 0.000481125
25 0.845267 -28.1754 0.00048108
26 0.845267 -28.1754 0.000481036
27 0.845267 -28.1754 0.000481005
28 0.845267 -28.1754 0.000480963
29 0.845267 -28.1754 0.000480934
30 0.845267 -28.1754 0.000480905
31 0.845267 -28.1754 0.000480874
32 0.845267 -28.1754 0.000480852
33 0.845267 -28.1754 0.000480829
34 0.845267 -28.1754 0.000480805
35 0.845267 -28.1754 0.000480784
36 0.845267 -28.1754 0.000480758
37 0.845267 -28.1754 0.000480739
38 0.845267 -28.1754 0.000480714
39 0.845267 -28.1754 0.000480696
40 0.845267 -28.1754 0.000480676
41 0.845267 -28.1754 0.000480661
42 0.845267 -28.1754 0.000480639
43 0.845267 -28.1754 0.000480627
44 0.845267 -28.1754 0.000480606
45 0.845267 -28.1754 0.00048059
46 0.845267 -28.1754 0.000480572
47 0.845267 -28.1754 0.000480557
48 0.845267 -28.1754 0.000480545
49 0.845267 -28.1754 0.00048053
50 0.845267 -28.1754 0.000480511
51 0.845267 -28.1754 0.000480501
52 0.845267 -28.1754 0.000480489
53 0.845267 -28.1754 0.000480475
54 0.845267 -28.1754 0.000480461
55 0.845267 -28.1754 0.000480449
56 0.845267 -28.1754 0.000480444
57 0.845267 -28.1754 0.000480431
58 0.845267 -28.1754 0.000480417
59 0.845267 -28.1754 0.000480411
60 0.845267 -28.1754 0.0004804
61 0.845267 -28.1754 0.000480391
62 0.845267 -28.1754 0.000480382
63 0.845267 -28.1754 0.000480372
64 0.845267 -28.1754 0.000480365
65 0.845267 -28.1754 0.000480355
66 0.845267 -28.1754 0.00048035
67 0.845267 -28.1754 0.000480341
68 0.845267 -28.1754 0.000480335
69 0.845267 -28.1754 0.000480331
70 0.845267 -28.1754 0.00048032
71 0.845267 -28.1754 0.000480314
72 0.845267 -28.1754 0.000480312
73 0.845267 -28.1754 0.000480303
74 0.845267 -28.1754 0.000480296
75 0.845267 -28.1754 0.000480292
76 0.845267 -28.1754 0.000480287
77 0.845267 -28.1754 0.000480283
78 0.845267 -28.1754 0.000480279
79 0.845267 -28.1754 0.000480271
80 0.845267 -28.1754 0.000480269
81 0.845267 -28.1754 0.000480263
82 0.845267 -28.1754 0.00048026
83 0.845267 -28.1754 0.000480256
84 0.845267 -28.1754 0.000480252
85 0.845267 -28.1754 0.000480251
86 0.845267 -28.1754 0.000480245
87 0.845267 -28.1754 0.000480241
88 0.845267 -28.1754 0.000480238
89 0.845267 -28.1754 0.000480233
90 0.845267 -28.1754 0.000480228
91 0.845267 -28.1754 0.000480223
92 0.845267 -28.1754 0.000480218
93 0.845267 -28.1754 0.00048022
94 0.845267 -28.1754 0.000480215
95 0.845267 -28.1754 0.000480212
96 0.845267 -28.1754 0.000480211
97 0.845267 -28.1754 0.000480204
98 0.845267 -28.1754 0.000480203
99 0.845267 -28.1754 0.000480201
Initial energy of the MPS: -0.252717
# DMRG Sweep # Mid bond EE # Energy # Std #
0 0.0366257 14.8208 2.76418
1 0.695358 15.7485 0.02714
2 0.693743 15.75 0.00441816
3 0.694201 15.7501 0.00206799
4 0.757021 15.7502 0.000922386
5 0.860199 15.7502 0.000689306
6 0.906885 15.7502 0.000635802
7 0.937895 15.7502 0.000287239
8 0.969611 15.7502 0.000496383
9 0.952534 15.7502 0.00077124
10 0.941508 15.7502 0.000333951
11 0.958193 15.7502 0.000232259
12 0.957554 15.7503 0.000295294
13 0.946583 15.7503 0.00034266
14 0.940423 15.7503 0.000423666
15 0.921577 15.7503 0.00055348
16 0.891511 15.7503 0.000515352
17 0.86441 15.7503 0.000460175
18 0.800862 15.7503 0.000600522
19 0.471929 15.7503 0.000305655
20 0.111704 15.7503 0.000146884
min energy  # max energy
-28.1754 15.7503
