Initial energy of the MPS: 0.236085
# DMRG Sweep # Mid bond EE # Energy # Std #
0 0.00578735 -26.7112 5.00455
1 0.765507 -28.1754 0.00434913
2 0.844042 -28.1754 0.000605722
3 0.845251 -28.1754 0.00053866
4 0.845264 -28.1754 0.000511915
5 0.845266 -28.1754 0.000498967
6 0.845266 -28.1754 0.000492611
7 0.845266 -28.1754 0.000488843
8 0.845267 -28.1754 0.000486129
9 0.845267 -28.1754 0.000484071
10 0.845267 -28.1754 0.000482774
11 0.845267 -28.1754 0.000482215
12 0.845267 -28.1754 0.000481941
13 0.845267 -28.1754 0.000481793
14 0.845267 -28.1754 0.000481676
15 0.845267 -28.1754 0.000481595
16 0.845267 -28.1754 0.000481512
17 0.845267 -28.1754 0.000481457
18 0.845267 -28.1754 0.000481387
19 0.845267 -28.1754 0.00048134
20 0.845267 -28.1754 0.000481277
21 0.845267 -28.1754 0.000481238
22 0.845267 -28.1754 0.000481177
23 0.845267 -28.1754 0.000481136
24 0.845267 -28.1754 0.00048108
25 0.845267 -28.1754 0.00048104
26 0.845267 -28.1754 0.000480998
27 0.845267 -28.1754 0.000480967
28 0.845267 -28.1754 0.000480932
29 0.845267 -28.1754 0.000480905
30 0.845267 -28.1754 0.000480873
31 0.845267 -28.1754 0.000480849
32 0.845267 -28.1754 0.000480826
33 0.845267 -28.1754 0.000480802
34 0.845267 -28.1754 0.000480776
35 0.845267 -28.1754 0.00048076
36 0.845267 -28.1754 0.000480737
37 0.845267 -28.1754 0.00048072
38 0.845267 -28.1754 0.000480697
39 0.845267 -28.1754 0.00048068
40 0.845267 -28.1754 0.000480661
41 0.845267 -28.1754 0.000480646
42 0.845267 -28.1754 0.000480627
43 0.845267 -28.1754 0.000480615
44 0.845267 -28.1754 0.000480596
45 0.845267 -28.1754 0.000480578
46 0.845267 -28.1754 0.000480562
47 0.845267 -28.1754 0.000480548
48 0.845267 -28.1754 0.00048053
49 0.845267 -28.1754 0.000480521
50 0.845267 -28.1754 0.000480503
51 0.845267 -28.1754 0.000480491
52 0.845267 -28.1754 0.00048047
53 0.845267 -28.1754 0.000480464
54 0.845267 -28.1754 0.000480448
55 0.845267 -28.1754 0.000480436
56 0.845267 -28.1754 0.000480421
57 0.845267 -28.1754 0.000480411
58 0.845267 -28.1754 0.000480397
59 0.845267 -28.1754 0.000480388
60 0.845267 -28.1754 0.000480374
61 0.845267 -28.1754 0.000480365
62 0.845267 -28.1754 0.000480355
63 0.845267 -28.1754 0.000480346
64 0.845267 -28.1754 0.000480336
65 0.845267 -28.1754 0.000480322
66 0.845267 -28.1754 0.000480316
67 0.845267 -28.1754 0.000480309
68 0.845267 -28.1754 0.0004803
69 0.845267 -28.1754 0.000480289
70 0.845267 -28.1754 0.000480286
71 0.845267 -28.1754 0.000480278
72 0.845267 -28.1754 0.000480269
73 0.845267 -28.1754 0.000480264
74 0.845267 -28.1754 0.000480254
75 0.845267 -28.1754 0.000480249
76 0.845267 -28.1754 0.000480246
77 0.845267 -28.1754 0.00048024
78 0.845267 -28.1754 0.000480231
79 0.845267 -28.1754 0.000480226
80 0.845267 -28.1754 0.000480222
81 0.845267 -28.1754 0.000480215
82 0.845267 -28.1754 0.000480213
83 0.845267 -28.1754 0.000480209
84 0.845267 -28.1754 0.000480205
85 0.845267 -28.1754 0.0004802
86 0.845267 -28.1754 0.000480193
87 0.845267 -28.1754 0.000480195
88 0.845267 -28.1754 0.000480186
89 0.845267 -28.1754 0.000480182
90 0.845267 -28.1754 0.000480178
91 0.845267 -28.1754 0.000480173
92 0.845267 -28.1754 0.000480175
93 0.845267 -28.1754 0.000480172
94 0.845267 -28.1754 0.000480162
95 0.845267 -28.1754 0.000480163
96 0.845267 -28.1754 0.000480159
97 0.845267 -28.1754 0.000480157
98 0.845267 -28.1754 0.000480153
99 0.845267 -28.1754 0.00048015
Initial energy of the MPS: -0.252748
# DMRG Sweep # Mid bond EE # Energy # Std #
0 0.036562 14.8184 2.75599
1 0.69481 15.7484 0.0254377
2 0.694797 15.7499 0.00516448
3 0.693719 15.75 0.00104471
4 0.701239 15.75 0.000699945
5 0.806364 15.75 0.000622836
6 0.820773 15.75 0.000451789
7 0.920712 15.75 0.000243399
8 0.990993 15.75 0.000218572
9 1.02739 15.75 0.000317591
10 1.01253 15.75 0.000465534
11 0.999104 15.75 0.000355218
12 1.01468 15.75 0.000135888
min energy  # max energy
-28.1754 15.75
