Initial energy of the MPS: 0.236113
# DMRG Sweep # Mid bond EE # Energy # Std #
0 0.00578738 -26.7111 5.00452
1 0.765527 -28.1754 0.00434798
2 0.844046 -28.1754 0.000605706
3 0.845252 -28.1754 0.000538685
4 0.845265 -28.1754 0.000511902
5 0.845267 -28.1754 0.000498819
6 0.845267 -28.1754 0.000492258
7 0.845268 -28.1754 0.000488262
8 0.845268 -28.1754 0.0004855
9 0.845268 -28.1754 0.000483703
10 0.845268 -28.1754 0.00048264
11 0.845268 -28.1754 0.000482167
12 0.845268 -28.1754 0.000481925
13 0.845268 -28.1754 0.000481788
14 0.845268 -28.1754 0.000481681
15 0.845268 -28.1754 0.000481604
16 0.845268 -28.1754 0.000481531
17 0.845268 -28.1754 0.000481473
18 0.845268 -28.1754 0.000481404
19 0.845268 -28.1754 0.000481356
20 0.845268 -28.1754 0.000481298
21 0.845268 -28.1754 0.000481259
22 0.845268 -28.1754 0.000481206
23 0.845268 -28.1754 0.000481159
24 0.845268 -28.1754 0.000481107
25 0.845268 -28.1754 0.000481067
26 0.845268 -28.1754 0.00048102
27 0.845268 -28.1754 0.00048098
28 0.845268 -28.1754 0.000480948
29 0.845268 -28.1754 0.00048092
30 0.845268 -28.1754 0.000480889
31 0.845268 -28.1754 0.000480864
32 0.845268 -28.1754 0.000480837
33 0.845268 -28.1754 0.000480809
34 0.845268 -28.1754 0.00048079
35 0.845268 -28.1754 0.000480769
36 0.845268 -28.1754 0.000480745
37 0.845268 -28.1754 0.000480722
38 0.845268 -28.1754 0.000480707
39 0.845268 -28.1754 0.000480686
40 0.845268 -28.1754 0.000480667
41 0.845268 -28.1754 0.000480656
42 0.845268 -28.1754 0.000480635
43 0.845268 -28.1754 0.000480617
44 0.845268 -28.1754 0.0004806
45 0.845268 -28.1754 0.000480584
46 0.845268 -28.1754 0.000480567
47 0.845268 -28.1754 0.000480553
48 0.845268 -28.1754 0.000480535
49 0.845268 -28.1754 0.000480524
50 0.845268 -28.1754 0.000480508
51 0.845268 -28.1754 0.000480492
52 0.845268 -28.1754 0.00048048
53 0.845268 -28.1754 0.000480468
54 0.845268 -28.1754 0.000480457
55 0.845268 -28.1754 0.000480447
56 0.845268 -28.1754 0.000480433
57 0.845268 -28.1754 0.000480422
58 0.845268 -28.1754 0.000480406
59 0.845268 -28.1754 0.000480401
60 0.845268 -28.1754 0.000480388
61 0.845268 -28.1754 0.000480377
62 0.845268 -28.1754 0.000480367
63 0.845268 -28.1754 0.000480362
64 0.845268 -28.1754 0.000480354
65 0.845268 -28.1754 0.000480342
66 0.845268 -28.1754 0.000480331
67 0.845268 -28.1754 0.000480325
68 0.845268 -28.1754 0.000480317
69 0.845268 -28.1754 0.000480313
70 0.845268 -28.1754 0.000480301
71 0.845268 -28.1754 0.000480298
72 0.845268 -28.1754 0.000480296
73 0.845268 -28.1754 0.000480285
74 0.845268 -28.1754 0.000480281
75 0.845268 -28.1754 0.000480279
76 0.845268 -28.1754 0.00048027
77 0.845268 -28.1754 0.000480261
78 0.845268 -28.1754 0.000480258
79 0.845268 -28.1754 0.000480256
80 0.845268 -28.1754 0.000480249
81 0.845268 -28.1754 0.000480242
82 0.845268 -28.1754 0.000480238
83 0.845268 -28.1754 0.000480234
84 0.845268 -28.1754 0.000480228
85 0.845268 -28.1754 0.000480227
86 0.845268 -28.1754 0.000480224
87 0.845268 -28.1754 0.00048022
88 0.845268 -28.1754 0.000480216
89 0.845268 -28.1754 0.000480214
90 0.845268 -28.1754 0.000480208
91 0.845268 -28.1754 0.000480204
92 0.845268 -28.1754 0.000480198
93 0.845268 -28.1754 0.000480196
94 0.845268 -28.1754 0.000480195
95 0.845268 -28.1754 0.000480195
96 0.845268 -28.1754 0.000480189
97 0.845268 -28.1754 0.000480187
98 0.845268 -28.1754 0.000480184
99 0.845268 -28.1754 0.000480179
Initial energy of the MPS: -0.252766
# DMRG Sweep # Mid bond EE # Energy # Std #
0 0.0363057 14.8295 2.75808
1 0.694567 15.7485 0.0239826
2 0.697244 15.75 0.00571941
3 0.694124 15.7501 0.00204609
4 0.737373 15.7502 0.000816769
5 0.864073 15.7502 0.00076795
6 0.891419 15.7502 0.0010326
7 0.915965 15.7502 0.000560816
8 0.945051 15.7502 0.000689103
9 0.95025 15.7503 0.000287108
10 0.966164 15.7503 0.000416549
11 0.958316 15.7503 0.000644299
12 0.932588 15.7503 0.000592381
13 0.924871 15.7503 0.000344418
14 0.918476 15.7503 0.00036275
15 0.900742 15.7503 0.000463892
16 0.863848 15.7503 0.000473688
17 0.812929 15.7503 0.00072157
18 0.555371 15.7503 0.000426778
19 0.209288 15.7503 0.00019428
20 0.0430581 15.7503 7.17527e-05
min energy  # max energy
-28.1754 15.7503
