Initial energy of the MPS: 0.236051
# DMRG Sweep # Mid bond EE # Energy # Std #
0 0.00578745 -26.7119 5.00468
1 0.765575 -28.1754 0.00434756
2 0.844048 -28.1754 0.00060579
3 0.845249 -28.1754 0.000538647
4 0.845262 -28.1754 0.000511772
5 0.845264 -28.1754 0.000498632
6 0.845264 -28.1754 0.000491938
7 0.845265 -28.1754 0.000487996
8 0.845265 -28.1754 0.000485659
9 0.845265 -28.1754 0.000484173
10 0.845265 -28.1754 0.000483042
11 0.845265 -28.1754 0.000482403
12 0.845265 -28.1754 0.000482096
13 0.845265 -28.1754 0.000481943
14 0.845265 -28.1754 0.00048183
15 0.845265 -28.1754 0.000481745
16 0.845265 -28.1754 0.000481669
17 0.845265 -28.1754 0.000481607
18 0.845265 -28.1754 0.000481545
19 0.845265 -28.1754 0.000481493
20 0.845265 -28.1754 0.000481442
21 0.845265 -28.1754 0.000481394
22 0.845265 -28.1754 0.000481348
23 0.845265 -28.1754 0.000481312
24 0.845265 -28.1754 0.000481266
25 0.845265 -28.1754 0.000481232
26 0.845265 -28.1754 0.000481184
27 0.845265 -28.1754 0.000481145
28 0.845265 -28.1754 0.000481107
29 0.845265 -28.1754 0.000481081
30 0.845265 -28.1754 0.000481048
31 0.845265 -28.1754 0.00048103
32 0.845265 -28.1754 0.000481001
33 0.845265 -28.1754 0.000480983
34 0.845265 -28.1754 0.000480953
35 0.845265 -28.1754 0.000480939
36 0.845265 -28.1754 0.000480919
37 0.845265 -28.1754 0.000480903
38 0.845265 -28.1754 0.000480875
39 0.845265 -28.1754 0.000480864
40 0.845265 -28.1754 0.000480841
41 0.845265 -28.1754 0.000480827
42 0.845265 -28.1754 0.000480812
43 0.845265 -28.1754 0.000480797
44 0.845265 -28.1754 0.000480776
45 0.845265 -28.1754 0.000480767
46 0.845265 -28.1754 0.000480746
47 0.845265 -28.1754 0.000480735
48 0.845265 -28.1754 0.000480717
49 0.845265 -28.1754 0.000480709
50 0.845265 -28.1754 0.000480694
51 0.845265 -28.1754 0.000480682
52 0.845265 -28.1754 0.000480666
53 0.845265 -28.1754 0.000480661
54 0.845265 -28.1754 0.000480645
55 0.845265 -28.1754 0.000480638
56 0.845265 -28.1754 0.000480627
57 0.845265 -28.1754 0.000480618
58 0.845265 -28.1754 0.0004806
59 0.845265 -28.1754 0.000480592
60 0.845265 -28.1754 0.000480581
61 0.845265 -28.1754 0.000480572
62 0.845265 -28.1754 0.000480559
63 0.845265 -28.1754 0.000480548
64 0.845265 -28.1754 0.000480543
65 0.845265 -28.1754 0.000480532
66 0.845265 -28.1754 0.000480524
67 0.845265 -28.1754 0.000480512
68 0.845265 -28.1754 0.000480502
69 0.845265 -28.1754 0.000480496
70 0.845265 -28.1754 0.000480487
71 0.845265 -28.1754 0.000480484
72 0.845265 -28.1754 0.000480469
73 0.845265 -28.1754 0.000480461
74 0.845265 -28.1754 0.000480453
75 0.845265 -28.1754 0.000480439
76 0.845265 -28.1754 0.000480433
77 0.845265 -28.1754 0.000480428
78 0.845265 -28.1754 0.000480419
79 0.845265 -28.1754 0.000480411
80 0.845265 -28.1754 0.000480401
81 0.845265 -28.1754 0.000480399
82 0.845265 -28.1754 0.000480388
83 0.845265 -28.1754 0.000480383
84 0.845265 -28.1754 0.000480371
85 0.845265 -28.1754 0.00048037
86 0.845265 -28.1754 0.000480361
87 0.845265 -28.1754 0.000480356
88 0.845265 -28.1754 0.00048035
89 0.845265 -28.1754 0.000480348
90 0.845265 -28.1754 0.000480342
91 0.845265 -28.1754 0.000480342
92 0.845265 -28.1754 0.000480337
93 0.845265 -28.1754 0.000480332
94 0.845265 -28.1754 0.000480332
95 0.845265 -28.1754 0.000480329
96 0.845265 -28.1754 0.000480323
97 0.845265 -28.1754 0.000480322
98 0.845265 -28.1754 0.000480317
99 0.845265 -28.1754 0.00048031
Initial energy of the MPS: -0.252851
# DMRG Sweep # Mid bond EE # Energy # Std #
0 0.0365364 14.8291 2.75638
1 0.694677 15.7485 0.0251782
2 0.694839 15.75 0.00478791
3 0.694603 15.75 0.00052138
4 0.703255 15.75 0.000653689
5 0.715375 15.75 0.000480409
6 0.825196 15.75 0.000296955
7 0.823011 15.75 0.000199197
8 0.789206 15.75 0.000116167
min energy  # max energy
-28.1754 15.75
