Initial energy of the MPS: 0.236041
# DMRG Sweep # Mid bond EE # Energy # Std #
0 0.00578736 -26.7118 5.00466
1 0.765558 -28.1754 0.00434655
2 0.844049 -28.1754 0.000605773
3 0.845252 -28.1754 0.000538656
4 0.845266 -28.1754 0.000511808
5 0.845267 -28.1754 0.000498714
6 0.845268 -28.1754 0.000492082
7 0.845268 -28.1754 0.000488095
8 0.845268 -28.1754 0.000485618
9 0.845268 -28.1754 0.000484028
10 0.845268 -28.1754 0.00048289
11 0.845268 -28.1754 0.000482303
12 0.845268 -28.1754 0.000482014
13 0.845268 -28.1754 0.000481868
14 0.845268 -28.1754 0.00048175
15 0.845268 -28.1754 0.000481671
16 0.845268 -28.1754 0.000481591
17 0.845268 -28.1754 0.000481532
18 0.845268 -28.1754 0.000481468
19 0.845268 -28.1754 0.000481415
20 0.845268 -28.1754 0.000481359
21 0.845268 -28.1754 0.000481314
22 0.845268 -28.1754 0.000481268
23 0.845268 -28.1754 0.000481227
24 0.845268 -28.1754 0.00048118
25 0.845268 -28.1754 0.000481135
26 0.845268 -28.1754 0.000481085
27 0.845268 -28.1754 0.000481051
28 0.845268 -28.1754 0.000481014
29 0.845268 -28.1754 0.000480984
30 0.845268 -28.1754 0.000480949
31 0.845268 -28.1754 0.000480927
32 0.845268 -28.1754 0.0004809
33 0.845268 -28.1754 0.000480875
34 0.845268 -28.1754 0.000480851
35 0.845268 -28.1754 0.000480829
36 0.845268 -28.1754 0.000480803
37 0.845268 -28.1754 0.000480782
38 0.845268 -28.1754 0.000480764
39 0.845268 -28.1754 0.000480744
40 0.845268 -28.1754 0.000480719
41 0.845268 -28.1754 0.000480704
42 0.845268 -28.1754 0.000480681
43 0.845268 -28.1754 0.00048067
44 0.845268 -28.1754 0.000480648
45 0.845268 -28.1754 0.000480634
46 0.845268 -28.1754 0.000480611
47 0.845268 -28.1754 0.000480603
48 0.845268 -28.1754 0.000480585
49 0.845268 -28.1754 0.000480571
50 0.845268 -28.1754 0.000480554
51 0.845268 -28.1754 0.000480543
52 0.845268 -28.1754 0.000480525
53 0.845268 -28.1754 0.000480516
54 0.845268 -28.1754 0.000480505
55 0.845268 -28.1754 0.000480491
56 0.845268 -28.1754 0.00048048
57 0.845268 -28.1754 0.000480468
58 0.845268 -28.1754 0.000480453
59 0.845268 -28.1754 0.000480451
60 0.845268 -28.1754 0.000480438
61 0.845268 -28.1754 0.000480427
62 0.845268 -28.1754 0.000480416
63 0.845268 -28.1754 0.000480411
64 0.845268 -28.1754 0.000480405
65 0.845268 -28.1754 0.000480398
66 0.845268 -28.1754 0.000480385
67 0.845268 -28.1754 0.000480381
68 0.845268 -28.1754 0.000480373
69 0.845268 -28.1754 0.000480368
70 0.845268 -28.1754 0.000480359
71 0.845268 -28.1754 0.000480352
72 0.845268 -28.1754 0.000480349
73 0.845268 -28.1754 0.000480343
74 0.845268 -28.1754 0.000480338
75 0.845268 -28.1754 0.000480334
76 0.845268 -28.1754 0.000480324
77 0.845268 -28.1754 0.000480324
78 0.845268 -28.1754 0.000480317
79 0.845268 -28.1754 0.000480314
80 0.845268 -28.1754 0.000480311
81 0.845268 -28.1754 0.000480308
82 0.845268 -28.1754 0.000480303
83 0.845268 -28.1754 0.000480299
84 0.845268 -28.1754 0.000480293
85 0.845268 -28.1754 0.000480295
86 0.845268 -28.1754 0.000480289
87 0.845268 -28.1754 0.000480285
88 0.845268 -28.1754 0.000480283
89 0.845268 -28.1754 0.000480279
90 0.845268 -28.1754 0.000480274
91 0.845268 -28.1754 0.000480272
92 0.845268 -28.1754 0.000480267
93 0.845268 -28.1754 0.000480265
94 0.845268 -28.1754 0.000480264
95 0.845268 -28.1754 0.00048026
96 0.845268 -28.1754 0.000480257
97 0.845268 -28.1754 0.000480258
98 0.845268 -28.1754 0.000480253
99 0.845268 -28.1754 0.000480251
Initial energy of the MPS: -0.25279
# DMRG Sweep # Mid bond EE # Energy # Std #
0 0.036532 14.823 2.76328
1 0.694327 15.7482 0.0259135
2 0.69632 15.7499 0.00559645
3 0.695855 15.75 0.00151708
4 0.789807 15.75 0.00135185
5 0.847642 15.75 0.000611219
6 0.938709 15.7501 0.000942372
7 0.940004 15.7501 0.000321939
8 1.01675 15.7501 0.000424581
9 1.00645 15.7501 0.000705353
10 0.991879 15.7501 0.000727032
11 0.996209 15.7501 0.000304196
12 1.01883 15.7501 0.00048122
13 1.00277 15.7501 0.000530981
14 0.99166 15.7502 0.000649519
15 0.989054 15.7502 0.000391922
16 0.984414 15.7502 0.000367193
17 0.979269 15.7502 0.000407406
18 0.964648 15.7502 0.00040643
19 0.959263 15.7502 0.000460127
20 0.942811 15.7502 0.000428716
21 0.92831 15.7502 0.000418856
22 0.908202 15.7503 0.000445222
23 0.882275 15.7503 0.000394927
24 0.851197 15.7503 0.000368034
25 0.812811 15.7503 0.000603338
26 0.614083 15.7503 0.000402093
27 0.311568 15.7503 0.000264428
28 0.101458 15.7503 0.000139815
min energy  # max energy
-28.1754 15.7503
