Initial energy of the MPS: 0.236067
# DMRG Sweep # Mid bond EE # Energy # Std #
0 0.00578727 -26.7112 5.00459
1 0.765502 -28.1754 0.00434962
2 0.84404 -28.1754 0.000605737
3 0.84525 -28.1754 0.000538711
4 0.845263 -28.1754 0.000511961
5 0.845265 -28.1754 0.00049898
6 0.845265 -28.1754 0.000492592
7 0.845266 -28.1754 0.000488793
8 0.845266 -28.1754 0.000486025
9 0.845266 -28.1754 0.000483965
10 0.845266 -28.1754 0.000482717
11 0.845266 -28.1754 0.000482191
12 0.845266 -28.1754 0.000481924
13 0.845266 -28.1754 0.000481781
14 0.845266 -28.1754 0.000481668
15 0.845266 -28.1754 0.000481586
16 0.845266 -28.1754 0.000481501
17 0.845266 -28.1754 0.000481439
18 0.845266 -28.1754 0.000481379
19 0.845266 -28.1754 0.000481329
20 0.845266 -28.1754 0.000481266
21 0.845266 -28.1754 0.000481221
22 0.845266 -28.1754 0.000481164
23 0.845266 -28.1754 0.000481118
24 0.845266 -28.1754 0.000481066
25 0.845266 -28.1754 0.000481026
26 0.845266 -28.1754 0.000480986
27 0.845266 -28.1754 0.000480953
28 0.845266 -28.1754 0.000480915
29 0.845266 -28.1754 0.000480895
30 0.845266 -28.1754 0.000480864
31 0.845266 -28.1754 0.000480839
32 0.845266 -28.1754 0.000480817
33 0.845266 -28.1754 0.000480798
34 0.845266 -28.1754 0.000480773
35 0.845266 -28.1754 0.000480757
36 0.845266 -28.1754 0.00048073
37 0.845266 -28.1754 0.000480717
38 0.845266 -28.1754 0.000480693
39 0.845266 -28.1754 0.000480682
40 0.845266 -28.1754 0.000480666
41 0.845266 -28.1754 0.000480642
42 0.845266 -28.1754 0.000480631
43 0.845266 -28.1754 0.000480619
44 0.845266 -28.1754 0.000480604
45 0.845266 -28.1754 0.000480585
46 0.845266 -28.1754 0.000480567
47 0.845266 -28.1754 0.000480556
48 0.845266 -28.1754 0.000480541
49 0.845266 -28.1754 0.00048053
50 0.845266 -28.1754 0.000480513
51 0.845266 -28.1754 0.000480501
52 0.845266 -28.1754 0.000480486
53 0.845266 -28.1754 0.000480476
54 0.845266 -28.1754 0.000480461
55 0.845266 -28.1754 0.000480445
56 0.845266 -28.1754 0.000480436
57 0.845266 -28.1754 0.000480424
58 0.845266 -28.1754 0.000480408
59 0.845266 -28.1754 0.000480398
60 0.845266 -28.1754 0.000480385
61 0.845266 -28.1754 0.000480375
62 0.845266 -28.1754 0.000480365
63 0.845266 -28.1754 0.000480352
64 0.845266 -28.1754 0.000480343
65 0.845266 -28.1754 0.000480335
66 0.845266 -28.1754 0.000480323
67 0.845266 -28.1754 0.000480316
68 0.845266 -28.1754 0.000480301
69 0.845266 -28.1754 0.000480301
70 0.845266 -28.1754 0.000480291
71 0.845266 -28.1754 0.000480279
72 0.845266 -28.1754 0.000480269
73 0.845266 -28.1754 0.000480269
74 0.845266 -28.1754 0.00048026
75 0.845266 -28.1754 0.000480253
76 0.845266 -28.1754 0.000480249
77 0.845266 -28.1754 0.000480241
78 0.845266 -28.1754 0.000480233
79 0.845266 -28.1754 0.000480231
80 0.845266 -28.1754 0.000480224
81 0.845266 -28.1754 0.00048022
82 0.845266 -28.1754 0.000480213
83 0.845266 -28.1754 0.000480206
84 0.845266 -28.1754 0.000480203
85 0.845266 -28.1754 0.0004802
86 0.845266 -28.1754 0.000480195
87 0.845266 -28.1754 0.000480193
88 0.845266 -28.1754 0.000480186
89 0.845266 -28.1754 0.000480184
90 0.845266 -28.1754 0.000480178
91 0.845266 -28.1754 0.000480176
92 0.845266 -28.1754 0.000480171
93 0.845266 -28.1754 0.000480169
94 0.845266 -28.1754 0.000480166
95 0.845266 -28.1754 0.000480164
96 0.845266 -28.1754 0.000480158
97 0.845266 -28.1754 0.000480154
98 0.845266 -28.1754 0.000480152
99 0.845266 -28.1754 0.000480152
Initial energy of the MPS: -0.252842
# DMRG Sweep # Mid bond EE # Energy # Std #
0 0.0360967 14.7977 2.76848
1 0.694799 15.7486 0.0254546
2 0.694438 15.7499 0.00446112
3 0.695182 15.75 0.000475056
4 0.694326 15.75 4.85183e-05
min energy  # max energy
-28.1754 15.75
