Initial energy of the MPS: 0.236046
# DMRG Sweep # Mid bond EE # Energy # Std #
0 0.00578733 -26.7107 5.00441
1 0.765515 -28.1754 0.00434959
2 0.844046 -28.1754 0.000605741
3 0.845252 -28.1754 0.000538727
4 0.845266 -28.1754 0.000511954
5 0.845267 -28.1754 0.000498921
6 0.845268 -28.1754 0.000492445
7 0.845268 -28.1754 0.000488511
8 0.845268 -28.1754 0.000485644
9 0.845268 -28.1754 0.000483715
10 0.845268 -28.1754 0.00048264
11 0.845268 -28.1754 0.000482176
12 0.845268 -28.1754 0.000481939
13 0.845268 -28.1754 0.000481808
14 0.845268 -28.1754 0.000481703
15 0.845268 -28.1754 0.000481625
16 0.845268 -28.1754 0.000481548
17 0.845268 -28.1754 0.000481493
18 0.845268 -28.1754 0.000481428
19 0.845268 -28.1754 0.000481379
20 0.845268 -28.1754 0.000481328
21 0.845268 -28.1754 0.000481285
22 0.845268 -28.1754 0.000481228
23 0.845268 -28.1754 0.000481186
24 0.845268 -28.1754 0.000481137
25 0.845268 -28.1754 0.000481089
26 0.845268 -28.1754 0.000481048
27 0.845268 -28.1754 0.000481019
28 0.845268 -28.1754 0.000480976
29 0.845268 -28.1754 0.000480951
30 0.845268 -28.1754 0.000480917
31 0.845268 -28.1754 0.000480893
32 0.845268 -28.1754 0.000480867
33 0.845268 -28.1754 0.000480847
34 0.845268 -28.1754 0.000480821
35 0.845268 -28.1754 0.000480804
36 0.845268 -28.1754 0.000480783
37 0.845268 -28.1754 0.000480765
38 0.845268 -28.1754 0.000480743
39 0.845268 -28.1754 0.000480728
40 0.845268 -28.1754 0.000480709
41 0.845268 -28.1754 0.000480691
42 0.845268 -28.1754 0.000480674
43 0.845268 -28.1754 0.000480657
44 0.845268 -28.1754 0.000480641
45 0.845268 -28.1754 0.000480627
46 0.845268 -28.1754 0.00048061
47 0.845268 -28.1754 0.000480592
48 0.845268 -28.1754 0.000480578
49 0.845268 -28.1754 0.000480564
50 0.845268 -28.1754 0.000480551
51 0.845268 -28.1754 0.000480538
52 0.845268 -28.1754 0.000480525
53 0.845268 -28.1754 0.000480511
54 0.845268 -28.1754 0.000480498
55 0.845268 -28.1754 0.000480487
56 0.845268 -28.1754 0.000480475
57 0.845268 -28.1754 0.000480462
58 0.845268 -28.1754 0.00048045
59 0.845268 -28.1754 0.000480444
60 0.845268 -28.1754 0.000480433
61 0.845268 -28.1754 0.000480425
62 0.845268 -28.1754 0.000480412
63 0.845268 -28.1754 0.000480403
64 0.845268 -28.1754 0.000480393
65 0.845268 -28.1754 0.000480385
66 0.845268 -28.1754 0.000480376
67 0.845268 -28.1754 0.000480372
68 0.845268 -28.1754 0.000480366
69 0.845268 -28.1754 0.000480357
70 0.845268 -28.1754 0.00048035
71 0.845268 -28.1754 0.000480347
72 0.845268 -28.1754 0.000480336
73 0.845268 -28.1754 0.000480331
74 0.845268 -28.1754 0.000480322
75 0.845268 -28.1754 0.000480319
76 0.845268 -28.1754 0.000480314
77 0.845268 -28.1754 0.000480312
78 0.845268 -28.1754 0.000480304
79 0.845268 -28.1754 0.000480297
80 0.845268 -28.1754 0.000480292
81 0.845268 -28.1754 0.000480289
82 0.845268 -28.1754 0.000480282
83 0.845268 -28.1754 0.000480276
84 0.845268 -28.1754 0.00048028
85 0.845268 -28.1754 0.00048027
86 0.845268 -28.1754 0.000480267
87 0.845268 -28.1754 0.000480267
88 0.845268 -28.1754 0.000480261
89 0.845268 -28.1754 0.000480256
90 0.845268 -28.1754 0.000480253
91 0.845268 -28.1754 0.000480246
92 0.845268 -28.1754 0.000480242
93 0.845268 -28.1754 0.00048024
94 0.845268 -28.1754 0.000480233
95 0.845268 -28.1754 0.000480235
96 0.845268 -28.1754 0.000480231
97 0.845268 -28.1754 0.000480226
98 0.845268 -28.1754 0.000480226
99 0.845268 -28.1754 0.000480222
Initial energy of the MPS: -0.252772
# DMRG Sweep # Mid bond EE # Energy # Std #
0 0.0365968 14.8124 2.75559
1 0.694341 15.7485 0.0256911
2 0.694886 15.7499 0.00478298
3 0.693693 15.75 0.000835882
4 0.714356 15.75 0.000626198
5 0.831429 15.75 0.000540028
6 0.900565 15.75 0.000244245
7 0.973579 15.75 0.000369729
8 0.98567 15.75 0.000683829
9 0.938684 15.75 0.000168227
10 1.01735 15.75 0.00020432
11 1.02935 15.75 0.000268174
12 1.03433 15.75 0.000332552
13 1.01743 15.75 0.000601984
14 0.990339 15.75 0.000238918
15 1.02006 15.7501 0.000153566
16 1.04347 15.7501 0.000176408
17 1.04562 15.7501 0.000229323
18 1.03348 15.7501 0.000335804
19 1.02842 15.7501 0.00041121
20 1.00563 15.7501 0.000446834
21 0.986312 15.7501 0.000263172
22 0.994945 15.7501 0.000196892
23 1.00131 15.7501 0.000285841
24 0.994629 15.7501 0.000302198
25 0.973281 15.7501 0.000281231
26 0.968417 15.7501 0.000227858
27 0.962409 15.7501 0.000244435
28 0.951525 15.7501 0.00027074
29 0.939353 15.7501 0.000263886
30 0.928716 15.7501 0.000244226
31 0.915399 15.7501 0.000272125
32 0.910388 15.7501 0.000273044
33 0.90876 15.7501 0.000253267
34 0.898072 15.7501 0.000235452
35 0.880564 15.7501 0.000234569
36 0.855062 15.7501 0.000232565
37 0.817577 15.7501 0.000208138
38 0.786879 15.7501 0.00019285
39 0.756681 15.7501 0.00082889
40 0.503413 15.7501 0.000252985
41 0.259028 15.7501 0.000135495
min energy  # max energy
-28.1754 15.7501
