Initial energy of the MPS: 0.236034
# DMRG Sweep # Mid bond EE # Energy # Std #
0 0.00578734 -26.7107 5.00446
1 0.765523 -28.1754 0.00434971
2 0.844046 -28.1754 0.000605754
3 0.845252 -28.1754 0.000538772
4 0.845266 -28.1754 0.000511987
5 0.845267 -28.1754 0.000498862
6 0.845268 -28.1754 0.00049226
7 0.845268 -28.1754 0.000488247
8 0.845268 -28.1754 0.000485451
9 0.845268 -28.1754 0.000483658
10 0.845268 -28.1754 0.000482641
11 0.845268 -28.1754 0.000482197
12 0.845268 -28.1754 0.000481972
13 0.845268 -28.1754 0.000481845
14 0.845268 -28.1754 0.000481736
15 0.845268 -28.1754 0.000481659
16 0.845268 -28.1754 0.000481584
17 0.845268 -28.1754 0.000481532
18 0.845268 -28.1754 0.000481468
19 0.845268 -28.1754 0.000481419
20 0.845268 -28.1754 0.000481368
21 0.845268 -28.1754 0.000481323
22 0.845268 -28.1754 0.000481276
23 0.845268 -28.1754 0.000481232
24 0.845268 -28.1754 0.000481176
25 0.845268 -28.1754 0.000481133
26 0.845268 -28.1754 0.000481091
27 0.845268 -28.1754 0.000481056
28 0.845268 -28.1754 0.000481018
29 0.845268 -28.1754 0.000480991
30 0.845268 -28.1754 0.000480957
31 0.845268 -28.1754 0.000480935
32 0.845268 -28.1754 0.00048091
33 0.845268 -28.1754 0.000480878
34 0.845268 -28.1754 0.000480855
35 0.845268 -28.1754 0.000480839
36 0.845268 -28.1754 0.000480809
37 0.845268 -28.1754 0.000480796
38 0.845268 -28.1754 0.000480777
39 0.845268 -28.1754 0.00048076
40 0.845268 -28.1754 0.000480741
41 0.845268 -28.1754 0.000480725
42 0.845268 -28.1754 0.000480706
43 0.845268 -28.1754 0.00048069
44 0.845268 -28.1754 0.000480672
45 0.845268 -28.1754 0.000480661
46 0.845268 -28.1754 0.000480643
47 0.845268 -28.1754 0.000480632
48 0.845268 -28.1754 0.000480615
49 0.845268 -28.1754 0.000480601
50 0.845268 -28.1754 0.000480584
51 0.845268 -28.1754 0.000480572
52 0.845268 -28.1754 0.000480557
53 0.845268 -28.1754 0.000480551
54 0.845268 -28.1754 0.00048053
55 0.845268 -28.1754 0.000480522
56 0.845268 -28.1754 0.000480512
57 0.845268 -28.1754 0.000480504
58 0.845268 -28.1754 0.00048049
59 0.845268 -28.1754 0.000480483
60 0.845268 -28.1754 0.000480471
61 0.845268 -28.1754 0.000480463
62 0.845268 -28.1754 0.000480455
63 0.845268 -28.1754 0.000480448
64 0.845268 -28.1754 0.000480436
65 0.845268 -28.1754 0.000480433
66 0.845268 -28.1754 0.000480426
67 0.845268 -28.1754 0.000480416
68 0.845268 -28.1754 0.000480412
69 0.845268 -28.1754 0.000480407
70 0.845268 -28.1754 0.0004804
71 0.845268 -28.1754 0.000480392
72 0.845268 -28.1754 0.000480388
73 0.845268 -28.1754 0.000480383
74 0.845268 -28.1754 0.000480373
75 0.845268 -28.1754 0.000480371
76 0.845268 -28.1754 0.00048037
77 0.845268 -28.1754 0.000480362
78 0.845268 -28.1754 0.000480355
79 0.845268 -28.1754 0.000480351
80 0.845268 -28.1754 0.000480347
81 0.845268 -28.1754 0.000480345
82 0.845268 -28.1754 0.000480341
83 0.845268 -28.1754 0.000480337
84 0.845268 -28.1754 0.00048033
85 0.845268 -28.1754 0.000480328
86 0.845268 -28.1754 0.000480328
87 0.845268 -28.1754 0.00048032
88 0.845268 -28.1754 0.000480318
89 0.845268 -28.1754 0.000480316
90 0.845268 -28.1754 0.000480316
91 0.845268 -28.1754 0.000480305
92 0.845268 -28.1754 0.000480303
93 0.845268 -28.1754 0.000480301
94 0.845268 -28.1754 0.000480297
95 0.845268 -28.1754 0.000480294
96 0.845268 -28.1754 0.000480291
97 0.845268 -28.1754 0.000480288
98 0.845268 -28.1754 0.000480284
99 0.845268 -28.1754 0.000480282
Initial energy of the MPS: -0.252811
# DMRG Sweep # Mid bond EE # Energy # Std #
0 0.036539 14.8281 2.75648
1 0.694419 15.7486 0.0242062
2 0.696897 15.75 0.00453304
3 0.694027 15.7501 0.00168835
4 0.720085 15.7501 0.00096118
5 0.848067 15.7501 0.000478077
6 0.885307 15.7502 0.000670673
7 0.941472 15.7502 0.00051785
8 0.95037 15.7502 0.000622627
9 0.95781 15.7502 0.000230064
10 0.982627 15.7502 0.000351905
11 0.969492 15.7502 0.000529501
12 0.948158 15.7502 0.000543408
13 0.937501 15.7502 0.000295791
14 0.939044 15.7502 0.00034196
15 0.922556 15.7502 0.00030822
16 0.911729 15.7502 0.000366047
17 0.882261 15.7503 0.000368066
18 0.848785 15.7503 0.000444523
19 0.738245 15.7503 0.000553293
20 0.490814 15.7503 0.000546662
21 0.181076 15.7503 0.000265951
22 0.0429523 15.7503 0.00011682
min energy  # max energy
-28.1754 15.7503
