Initial energy of the MPS: 0.236082
# DMRG Sweep # Mid bond EE # Energy # Std #
0 0.0057873 -26.7101 5.00429
1 0.765516 -28.1754 0.00435023
2 0.844045 -28.1754 0.000605785
3 0.845252 -28.1754 0.000538749
4 0.845266 -28.1754 0.000511987
5 0.845267 -28.1754 0.000498979
6 0.845268 -28.1754 0.000492537
7 0.845268 -28.1754 0.000488639
8 0.845268 -28.1754 0.00048578
9 0.845268 -28.1754 0.000483792
10 0.845268 -28.1754 0.000482676
11 0.845268 -28.1754 0.000482206
12 0.845268 -28.1754 0.000481965
13 0.845268 -28.1754 0.000481833
14 0.845268 -28.1754 0.000481727
15 0.845268 -28.1754 0.00048165
16 0.845268 -28.1754 0.000481572
17 0.845268 -28.1754 0.000481515
18 0.845268 -28.1754 0.000481453
19 0.845268 -28.1754 0.000481405
20 0.845268 -28.1754 0.000481351
21 0.845268 -28.1754 0.000481305
22 0.845268 -28.1754 0.000481257
23 0.845268 -28.1754 0.000481209
24 0.845268 -28.1754 0.000481153
25 0.845268 -28.1754 0.000481117
26 0.845268 -28.1754 0.00048107
27 0.845268 -28.1754 0.000481037
28 0.845268 -28.1754 0.000481004
29 0.845268 -28.1754 0.000480977
30 0.845268 -28.1754 0.000480945
31 0.845268 -28.1754 0.000480921
32 0.845268 -28.1754 0.000480889
33 0.845268 -28.1754 0.000480872
34 0.845268 -28.1754 0.00048085
35 0.845268 -28.1754 0.000480833
36 0.845268 -28.1754 0.000480804
37 0.845268 -28.1754 0.000480789
38 0.845268 -28.1754 0.000480769
39 0.845268 -28.1754 0.000480752
40 0.845268 -28.1754 0.000480731
41 0.845268 -28.1754 0.000480716
42 0.845268 -28.1754 0.000480697
43 0.845268 -28.1754 0.000480682
44 0.845268 -28.1754 0.000480664
45 0.845268 -28.1754 0.000480647
46 0.845268 -28.1754 0.000480631
47 0.845268 -28.1754 0.000480617
48 0.845268 -28.1754 0.0004806
49 0.845268 -28.1754 0.000480589
50 0.845268 -28.1754 0.00048057
51 0.845268 -28.1754 0.000480563
52 0.845268 -28.1754 0.000480546
53 0.845268 -28.1754 0.000480534
54 0.845268 -28.1754 0.000480522
55 0.845268 -28.1754 0.000480513
56 0.845268 -28.1754 0.000480496
57 0.845268 -28.1754 0.000480487
58 0.845268 -28.1754 0.000480476
59 0.845268 -28.1754 0.000480468
60 0.845268 -28.1754 0.000480457
61 0.845268 -28.1754 0.000480444
62 0.845268 -28.1754 0.000480443
63 0.845268 -28.1754 0.000480429
64 0.845268 -28.1754 0.000480419
65 0.845268 -28.1754 0.00048041
66 0.845268 -28.1754 0.000480405
67 0.845268 -28.1754 0.000480401
68 0.845268 -28.1754 0.000480393
69 0.845268 -28.1754 0.000480382
70 0.845268 -28.1754 0.000480375
71 0.845268 -28.1754 0.000480368
72 0.845268 -28.1754 0.000480366
73 0.845268 -28.1754 0.000480357
74 0.845268 -28.1754 0.000480352
75 0.845268 -28.1754 0.000480345
76 0.845268 -28.1754 0.000480338
77 0.845268 -28.1754 0.000480334
78 0.845268 -28.1754 0.000480331
79 0.845268 -28.1754 0.000480326
80 0.845268 -28.1754 0.000480322
81 0.845268 -28.1754 0.000480317
82 0.845268 -28.1754 0.000480314
83 0.845268 -28.1754 0.000480306
84 0.845268 -28.1754 0.000480303
85 0.845268 -28.1754 0.000480299
86 0.845268 -28.1754 0.000480295
87 0.845268 -28.1754 0.000480291
88 0.845268 -28.1754 0.000480289
89 0.845268 -28.1754 0.000480285
90 0.845268 -28.1754 0.000480279
91 0.845268 -28.1754 0.000480277
92 0.845268 -28.1754 0.000480272
93 0.845268 -28.1754 0.000480272
94 0.845268 -28.1754 0.000480263
95 0.845268 -28.1754 0.000480262
96 0.845268 -28.1754 0.000480258
97 0.845268 -28.1754 0.000480258
98 0.845268 -28.1754 0.000480253
99 0.845268 -28.1754 0.000480252
Initial energy of the MPS: -0.252737
# DMRG Sweep # Mid bond EE # Energy # Std #
0 0.0363559 14.819 2.76186
1 0.694967 15.7484 0.0246905
2 0.695027 15.7499 0.00528862
3 0.694687 15.75 0.000547476
4 0.704921 15.75 0.000407643
5 0.770246 15.75 0.000429138
6 0.806376 15.75 0.000277544
7 0.879793 15.75 0.00021011
8 0.905455 15.75 0.000110821
min energy  # max energy
-28.1754 15.75
