Initial energy of the MPS: 0.236062
# DMRG Sweep # Mid bond EE # Energy # Std #
0 0.00578743 -26.7109 5.00448
1 0.76555 -28.1754 0.00434843
2 0.844048 -28.1754 0.000605784
3 0.845252 -28.1754 0.000538678
4 0.845265 -28.1754 0.00051186
5 0.845267 -28.1754 0.000498779
6 0.845267 -28.1754 0.00049218
7 0.845268 -28.1754 0.000488192
8 0.845268 -28.1754 0.000485603
9 0.845268 -28.1754 0.000483923
10 0.845268 -28.1754 0.000482818
11 0.845268 -28.1754 0.000482287
12 0.845268 -28.1754 0.000482027
13 0.845268 -28.1754 0.000481889
14 0.845268 -28.1754 0.000481779
15 0.845268 -28.1754 0.000481705
16 0.845268 -28.1754 0.000481631
17 0.845268 -28.1754 0.000481571
18 0.845268 -28.1754 0.000481508
19 0.845268 -28.1754 0.000481457
20 0.845268 -28.1754 0.000481403
21 0.845268 -28.1754 0.000481362
22 0.845268 -28.1754 0.000481313
23 0.845268 -28.1754 0.000481271
24 0.845268 -28.1754 0.000481224
25 0.845268 -28.1754 0.000481181
26 0.845268 -28.1754 0.000481129
27 0.845268 -28.1754 0.0004811
28 0.845268 -28.1754 0.000481063
29 0.845268 -28.1754 0.000481033
30 0.845268 -28.1754 0.000481
31 0.845268 -28.1754 0.00048098
32 0.845268 -28.1754 0.00048095
33 0.845268 -28.1754 0.00048093
34 0.845268 -28.1754 0.000480899
35 0.845268 -28.1754 0.000480882
36 0.845268 -28.1754 0.000480855
37 0.845268 -28.1754 0.000480841
38 0.845268 -28.1754 0.000480815
39 0.845268 -28.1754 0.000480798
40 0.845268 -28.1754 0.000480772
41 0.845268 -28.1754 0.000480762
42 0.845268 -28.1754 0.000480737
43 0.845268 -28.1754 0.000480716
44 0.845268 -28.1754 0.000480699
45 0.845268 -28.1754 0.000480683
46 0.845268 -28.1754 0.000480662
47 0.845268 -28.1754 0.000480648
48 0.845268 -28.1754 0.000480632
49 0.845268 -28.1754 0.000480616
50 0.845268 -28.1754 0.000480601
51 0.845268 -28.1754 0.000480588
52 0.845268 -28.1754 0.000480571
53 0.845268 -28.1754 0.000480558
54 0.845268 -28.1754 0.000480543
55 0.845268 -28.1754 0.000480531
56 0.845268 -28.1754 0.00048052
57 0.845268 -28.1754 0.000480506
58 0.845268 -28.1754 0.000480494
59 0.845268 -28.1754 0.000480485
60 0.845268 -28.1754 0.000480473
61 0.845268 -28.1754 0.000480467
62 0.845268 -28.1754 0.000480454
63 0.845268 -28.1754 0.000480445
64 0.845268 -28.1754 0.000480436
65 0.845268 -28.1754 0.000480429
66 0.845268 -28.1754 0.000480422
67 0.845268 -28.1754 0.000480415
68 0.845268 -28.1754 0.000480406
69 0.845268 -28.1754 0.000480402
70 0.845268 -28.1754 0.000480394
71 0.845268 -28.1754 0.000480389
72 0.845268 -28.1754 0.000480382
73 0.845268 -28.1754 0.000480378
74 0.845268 -28.1754 0.00048037
75 0.845268 -28.1754 0.000480363
76 0.845268 -28.1754 0.000480361
77 0.845268 -28.1754 0.000480357
78 0.845268 -28.1754 0.000480354
79 0.845268 -28.1754 0.000480351
80 0.845268 -28.1754 0.000480338
81 0.845268 -28.1754 0.000480338
82 0.845268 -28.1754 0.000480335
83 0.845268 -28.1754 0.000480332
84 0.845268 -28.1754 0.000480327
85 0.845268 -28.1754 0.000480324
86 0.845268 -28.1754 0.000480319
87 0.845268 -28.1754 0.000480318
88 0.845268 -28.1754 0.000480315
89 0.845268 -28.1754 0.000480307
90 0.845268 -28.1754 0.000480308
91 0.845268 -28.1754 0.000480307
92 0.845268 -28.1754 0.000480304
93 0.845268 -28.1754 0.000480299
94 0.845268 -28.1754 0.000480293
95 0.845268 -28.1754 0.000480295
96 0.845268 -28.1754 0.000480291
97 0.845268 -28.1754 0.000480289
98 0.845268 -28.1754 0.000480287
99 0.845268 -28.1754 0.000480281
Initial energy of the MPS: -0.252794
# DMRG Sweep # Mid bond EE # Energy # Std #
0 0.0364844 14.8236 2.75448
1 0.694096 15.7485 0.0225834
2 0.695838 15.7499 0.00492363
3 0.696183 15.75 0.00148623
4 0.808117 15.75 0.00124471
5 0.888751 15.75 0.000528801
6 0.951433 15.7501 0.000986153
7 0.934619 15.7501 0.00037093
8 1.00896 15.7501 0.00049703
9 1.0054 15.7501 0.000733609
10 0.983492 15.7501 0.000666327
11 0.99917 15.7501 0.000302881
12 1.02186 15.7501 0.000428618
13 1.00342 15.7502 0.000599785
14 0.987123 15.7502 0.000710387
15 0.978654 15.7502 0.000412389
16 0.982276 15.7502 0.000374224
17 0.972788 15.7502 0.000450225
18 0.958904 15.7502 0.000439976
19 0.949059 15.7502 0.000458089
20 0.931513 15.7503 0.000473051
21 0.914469 15.7503 0.00047154
22 0.896887 15.7503 0.000431029
23 0.868996 15.7503 0.000441359
24 0.781458 15.7503 0.000440191
25 0.594204 15.7503 0.000481448
26 0.33792 15.7503 0.000391762
27 0.139171 15.7503 0.000241536
28 0.0428147 15.7503 0.000118963
min energy  # max energy
-28.1754 15.7503
