Initial energy of the MPS: 0.236026
# DMRG Sweep # Mid bond EE # Energy # Std #
0 0.00578731 -26.7115 5.00466
1 0.765531 -28.1754 0.00434863
2 0.844046 -28.1754 0.00060578
3 0.845252 -28.1754 0.000538657
4 0.845265 -28.1754 0.000511887
5 0.845267 -28.1754 0.00049891
6 0.845268 -28.1754 0.000492472
7 0.845268 -28.1754 0.000488569
8 0.845268 -28.1754 0.000485801
9 0.845268 -28.1754 0.000483889
10 0.845268 -28.1754 0.000482738
11 0.845268 -28.1754 0.000482231
12 0.845268 -28.1754 0.000481976
13 0.845268 -28.1754 0.000481837
14 0.845268 -28.1754 0.000481728
15 0.845268 -28.1754 0.000481649
16 0.845268 -28.1754 0.000481575
17 0.845268 -28.1754 0.000481517
18 0.845268 -28.1754 0.000481451
19 0.845268 -28.1754 0.000481405
20 0.845268 -28.1754 0.000481351
21 0.845268 -28.1754 0.000481311
22 0.845268 -28.1754 0.00048126
23 0.845268 -28.1754 0.000481219
24 0.845268 -28.1754 0.000481164
25 0.845268 -28.1754 0.000481119
26 0.845268 -28.1754 0.000481077
27 0.845268 -28.1754 0.000481041
28 0.845268 -28.1754 0.000481006
29 0.845268 -28.1754 0.000480976
30 0.845268 -28.1754 0.000480946
31 0.845268 -28.1754 0.000480924
32 0.845268 -28.1754 0.000480896
33 0.845268 -28.1754 0.000480869
34 0.845268 -28.1754 0.000480844
35 0.845268 -28.1754 0.000480825
36 0.845268 -28.1754 0.000480796
37 0.845268 -28.1754 0.000480782
38 0.845268 -28.1754 0.000480764
39 0.845268 -28.1754 0.000480745
40 0.845268 -28.1754 0.000480722
41 0.845268 -28.1754 0.000480703
42 0.845268 -28.1754 0.000480685
43 0.845268 -28.1754 0.000480664
44 0.845268 -28.1754 0.000480649
45 0.845268 -28.1754 0.000480631
46 0.845268 -28.1754 0.00048062
47 0.845268 -28.1754 0.0004806
48 0.845268 -28.1754 0.000480585
49 0.845268 -28.1754 0.000480575
50 0.845268 -28.1754 0.000480555
51 0.845268 -28.1754 0.000480541
52 0.845268 -28.1754 0.000480526
53 0.845268 -28.1754 0.000480514
54 0.845268 -28.1754 0.000480504
55 0.845268 -28.1754 0.000480491
56 0.845268 -28.1754 0.000480477
57 0.845268 -28.1754 0.000480469
58 0.845268 -28.1754 0.000480456
59 0.845268 -28.1754 0.000480449
60 0.845268 -28.1754 0.000480437
61 0.845268 -28.1754 0.00048043
62 0.845268 -28.1754 0.000480419
63 0.845268 -28.1754 0.000480413
64 0.845268 -28.1754 0.000480403
65 0.845268 -28.1754 0.000480393
66 0.845268 -28.1754 0.000480385
67 0.845268 -28.1754 0.00048038
68 0.845268 -28.1754 0.000480377
69 0.845268 -28.1754 0.000480364
70 0.845268 -28.1754 0.00048036
71 0.845268 -28.1754 0.000480354
72 0.845268 -28.1754 0.00048035
73 0.845268 -28.1754 0.000480339
74 0.845268 -28.1754 0.000480331
75 0.845268 -28.1754 0.000480328
76 0.845268 -28.1754 0.000480323
77 0.845268 -28.1754 0.000480323
78 0.845268 -28.1754 0.000480317
79 0.845268 -28.1754 0.000480311
80 0.845268 -28.1754 0.000480311
81 0.845268 -28.1754 0.000480304
82 0.845268 -28.1754 0.000480297
83 0.845268 -28.1754 0.000480296
84 0.845268 -28.1754 0.000480291
85 0.845268 -28.1754 0.000480286
86 0.845268 -28.1754 0.000480282
87 0.845268 -28.1754 0.000480276
88 0.845268 -28.1754 0.000480272
89 0.845268 -28.1754 0.000480274
90 0.845268 -28.1754 0.000480265
91 0.845268 -28.1754 0.00048026
92 0.845268 -28.1754 0.000480258
93 0.845268 -28.1754 0.000480259
94 0.845268 -28.1754 0.000480253
95 0.845268 -28.1754 0.00048025
96 0.845268 -28.1754 0.000480246
97 0.845268 -28.1754 0.000480245
98 0.845268 -28.1754 0.00048024
99 0.845268 -28.1754 0.000480238
Initial energy of the MPS: -0.252772
# DMRG Sweep # Mid bond EE # Energy # Std #
0 0.0365353 14.8288 2.76086
1 0.694969 15.7483 0.026456
2 0.69501 15.7499 0.00481153
3 0.693318 15.75 0.000525262
4 0.693792 15.75 0.000403179
5 0.712018 15.75 0.000448749
6 0.858643 15.75 0.000156833
7 0.838616 15.75 7.97737e-05
min energy  # max energy
-28.1754 15.75
