Initial energy of the MPS: 0.236076
# DMRG Sweep # Mid bond EE # Energy # Std #
0 0.00578732 -26.7125 5.00486
1 0.765561 -28.1754 0.00434718
2 0.844049 -28.1754 0.000605795
3 0.845252 -28.1754 0.000538638
4 0.845265 -28.1754 0.000511793
5 0.845267 -28.1754 0.000498751
6 0.845268 -28.1754 0.000492177
7 0.845268 -28.1754 0.000488193
8 0.845268 -28.1754 0.00048567
9 0.845268 -28.1754 0.000484041
10 0.845268 -28.1754 0.000482898
11 0.845268 -28.1754 0.00048232
12 0.845268 -28.1754 0.000482039
13 0.845268 -28.1754 0.000481892
14 0.845268 -28.1754 0.000481785
15 0.845268 -28.1754 0.000481704
16 0.845268 -28.1754 0.000481623
17 0.845268 -28.1754 0.000481564
18 0.845268 -28.1754 0.000481497
19 0.845268 -28.1754 0.000481448
20 0.845268 -28.1754 0.000481393
21 0.845268 -28.1754 0.000481351
22 0.845268 -28.1754 0.000481302
23 0.845268 -28.1754 0.000481264
24 0.845268 -28.1754 0.00048122
25 0.845268 -28.1754 0.000481175
26 0.845268 -28.1754 0.000481122
27 0.845268 -28.1754 0.000481094
28 0.845268 -28.1754 0.000481059
29 0.845268 -28.1754 0.00048103
30 0.845268 -28.1754 0.000480999
31 0.845268 -28.1754 0.000480979
32 0.845268 -28.1754 0.000480952
33 0.845268 -28.1754 0.000480927
34 0.845268 -28.1754 0.000480906
35 0.845268 -28.1754 0.000480887
36 0.845268 -28.1754 0.00048086
37 0.845268 -28.1754 0.000480843
38 0.845268 -28.1754 0.000480823
39 0.845268 -28.1754 0.000480805
40 0.845268 -28.1754 0.000480787
41 0.845268 -28.1754 0.000480768
42 0.845268 -28.1754 0.000480747
43 0.845268 -28.1754 0.00048073
44 0.845268 -28.1754 0.00048071
45 0.845268 -28.1754 0.000480694
46 0.845268 -28.1754 0.000480675
47 0.845268 -28.1754 0.000480662
48 0.845268 -28.1754 0.000480638
49 0.845268 -28.1754 0.00048063
50 0.845268 -28.1754 0.000480609
51 0.845268 -28.1754 0.000480595
52 0.845268 -28.1754 0.000480575
53 0.845268 -28.1754 0.000480563
54 0.845268 -28.1754 0.000480545
55 0.845268 -28.1754 0.000480535
56 0.845268 -28.1754 0.000480513
57 0.845268 -28.1754 0.000480505
58 0.845268 -28.1754 0.00048049
59 0.845268 -28.1754 0.000480483
60 0.845268 -28.1754 0.000480471
61 0.845268 -28.1754 0.000480462
62 0.845268 -28.1754 0.000480447
63 0.845268 -28.1754 0.000480442
64 0.845268 -28.1754 0.00048043
65 0.845268 -28.1754 0.000480425
66 0.845268 -28.1754 0.000480411
67 0.845268 -28.1754 0.000480412
68 0.845268 -28.1754 0.000480398
69 0.845268 -28.1754 0.00048039
70 0.845268 -28.1754 0.000480387
71 0.845268 -28.1754 0.000480379
72 0.845268 -28.1754 0.000480372
73 0.845268 -28.1754 0.00048037
74 0.845268 -28.1754 0.00048036
75 0.845268 -28.1754 0.000480353
76 0.845268 -28.1754 0.00048035
77 0.845268 -28.1754 0.000480343
78 0.845268 -28.1754 0.000480341
79 0.845268 -28.1754 0.000480333
80 0.845268 -28.1754 0.00048033
81 0.845268 -28.1754 0.000480328
82 0.845268 -28.1754 0.00048032
83 0.845268 -28.1754 0.00048032
84 0.845268 -28.1754 0.000480316
85 0.845268 -28.1754 0.000480314
86 0.845268 -28.1754 0.00048031
87 0.845268 -28.1754 0.000480309
88 0.845268 -28.1754 0.000480302
89 0.845268 -28.1754 0.000480302
90 0.845268 -28.1754 0.000480296
91 0.845268 -28.1754 0.000480299
92 0.845268 -28.1754 0.000480288
93 0.845268 -28.1754 0.000480287
94 0.845268 -28.1754 0.000480284
95 0.845268 -28.1754 0.000480281
96 0.845268 -28.1754 0.000480279
97 0.845268 -28.1754 0.000480278
98 0.845268 -28.1754 0.000480275
99 0.845268 -28.1754 0.000480273
Initial energy of the MPS: -0.252762
# DMRG Sweep # Mid bond EE # Energy # Std #
0 0.0365651 14.827 2.757
1 0.694827 15.7487 0.0241737
2 0.694596 15.75 0.00452622
3 0.694652 15.7501 0.00171669
4 0.755945 15.7501 0.00100762
5 0.840449 15.7501 0.000445248
6 0.90842 15.7502 0.000760903
7 0.927712 15.7502 0.000329547
8 0.966468 15.7502 0.000286649
9 0.973966 15.7502 0.000428272
10 0.96438 15.7502 0.000721874
11 0.936604 15.7502 0.000286078
12 0.969556 15.7502 0.000221785
13 0.96429 15.7502 0.000312347
14 0.95944 15.7502 0.000320929
15 0.941181 15.7502 0.000401621
16 0.934362 15.7502 0.000501468
17 0.906828 15.7502 0.00047045
18 0.886469 15.7503 0.000436228
19 0.846716 15.7503 0.00039466
20 0.790819 15.7503 0.000601539
21 0.496374 15.7503 0.000305529
22 0.195177 15.7503 0.000185346
23 0.0528372 15.7503 8.88571e-05
min energy  # max energy
-28.1754 15.7503
