Initial energy of the MPS: 0.236053
# DMRG Sweep # Mid bond EE # Energy # Std #
0 0.00578732 -26.7094 5.00419
1 0.765526 -28.1754 0.00434961
2 0.844046 -28.1754 0.000605748
3 0.845252 -28.1754 0.000538757
4 0.845266 -28.1754 0.000511968
5 0.845267 -28.1754 0.000498864
6 0.845268 -28.1754 0.000492283
7 0.845268 -28.1754 0.00048826
8 0.845268 -28.1754 0.000485464
9 0.845268 -28.1754 0.000483666
10 0.845268 -28.1754 0.000482645
11 0.845268 -28.1754 0.000482201
12 0.845268 -28.1754 0.000481973
13 0.845268 -28.1754 0.000481845
14 0.845268 -28.1754 0.000481741
15 0.845268 -28.1754 0.000481668
16 0.845268 -28.1754 0.000481592
17 0.845268 -28.1754 0.000481532
18 0.845268 -28.1754 0.00048147
19 0.845268 -28.1754 0.000481427
20 0.845268 -28.1754 0.000481369
21 0.845268 -28.1754 0.000481326
22 0.845268 -28.1754 0.000481277
23 0.845268 -28.1754 0.00048123
24 0.845268 -28.1754 0.000481177
25 0.845268 -28.1754 0.000481138
26 0.845268 -28.1754 0.000481096
27 0.845268 -28.1754 0.000481062
28 0.845268 -28.1754 0.000481023
29 0.845268 -28.1754 0.000480995
30 0.845268 -28.1754 0.000480966
31 0.845268 -28.1754 0.000480938
32 0.845268 -28.1754 0.000480912
33 0.845268 -28.1754 0.000480886
34 0.845268 -28.1754 0.000480861
35 0.845268 -28.1754 0.000480841
36 0.845268 -28.1754 0.000480818
37 0.845268 -28.1754 0.0004808
38 0.845268 -28.1754 0.000480779
39 0.845268 -28.1754 0.000480763
40 0.845268 -28.1754 0.000480742
41 0.845268 -28.1754 0.000480728
42 0.845268 -28.1754 0.000480707
43 0.845268 -28.1754 0.000480691
44 0.845268 -28.1754 0.000480678
45 0.845268 -28.1754 0.00048066
46 0.845268 -28.1754 0.000480643
47 0.845268 -28.1754 0.000480629
48 0.845268 -28.1754 0.000480614
49 0.845268 -28.1754 0.000480603
50 0.845268 -28.1754 0.000480587
51 0.845268 -28.1754 0.000480573
52 0.845268 -28.1754 0.000480557
53 0.845268 -28.1754 0.000480547
54 0.845268 -28.1754 0.000480534
55 0.845268 -28.1754 0.000480526
56 0.845268 -28.1754 0.000480513
57 0.845268 -28.1754 0.000480504
58 0.845268 -28.1754 0.000480493
59 0.845268 -28.1754 0.000480483
60 0.845268 -28.1754 0.000480475
61 0.845268 -28.1754 0.000480466
62 0.845268 -28.1754 0.000480457
63 0.845268 -28.1754 0.000480445
64 0.845268 -28.1754 0.000480441
65 0.845268 -28.1754 0.000480433
66 0.845268 -28.1754 0.000480428
67 0.845268 -28.1754 0.000480419
68 0.845268 -28.1754 0.000480412
69 0.845268 -28.1754 0.000480406
70 0.845268 -28.1754 0.000480402
71 0.845268 -28.1754 0.000480396
72 0.845268 -28.1754 0.00048039
73 0.845268 -28.1754 0.000480383
74 0.845268 -28.1754 0.000480378
75 0.845268 -28.1754 0.000480372
76 0.845268 -28.1754 0.000480369
77 0.845268 -28.1754 0.000480363
78 0.845268 -28.1754 0.000480359
79 0.845268 -28.1754 0.000480354
80 0.845268 -28.1754 0.000480348
81 0.845268 -28.1754 0.000480351
82 0.845268 -28.1754 0.000480344
83 0.845268 -28.1754 0.000480341
84 0.845268 -28.1754 0.000480335
85 0.845268 -28.1754 0.00048033
86 0.845268 -28.1754 0.000480326
87 0.845268 -28.1754 0.000480325
88 0.845268 -28.1754 0.000480319
89 0.845268 -28.1754 0.000480317
90 0.845268 -28.1754 0.000480314
91 0.845268 -28.1754 0.000480315
92 0.845268 -28.1754 0.000480306
93 0.845268 -28.1754 0.000480304
94 0.845268 -28.1754 0.000480299
95 0.845268 -28.1754 0.000480297
96 0.845268 -28.1754 0.000480294
97 0.845268 -28.1754 0.000480293
98 0.845268 -28.1754 0.000480287
99 0.845268 -28.1754 0.000480283
Initial energy of the MPS: -0.252851
# DMRG Sweep # Mid bond EE # Energy # Std #
0 0.0364496 14.8202 2.75488
1 0.695063 15.7484 0.0249139
2 0.696615 15.75 0.00463127
3 0.69372 15.7501 0.00153977
4 0.708365 15.7501 0.000737815
5 0.814689 15.7501 0.000663593
6 0.851554 15.7502 0.000541082
7 0.931389 15.7502 0.000331428
8 0.956576 15.7502 0.000685859
9 0.943777 15.7502 0.000451707
10 0.948509 15.7502 0.00023809
11 0.97301 15.7502 0.000344099
12 0.95638 15.7502 0.000462734
13 0.935838 15.7502 0.000409271
14 0.927265 15.7502 0.000353606
15 0.920146 15.7502 0.00030819
16 0.903652 15.7502 0.000337671
17 0.885558 15.7502 0.000417336
18 0.837254 15.7502 0.000457202
19 0.722622 15.7502 0.000638648
20 0.447095 15.7503 0.00065092
21 0.148728 15.7503 0.000291504
22 0.0435974 15.7503 0.000127273
min energy  # max energy
-28.1754 15.7503
