Initial energy of the MPS: 0.23611
# DMRG Sweep # Mid bond EE # Energy # Std #
0 0.00578732 -26.7121 5.00468
1 0.765534 -28.1754 0.00434823
2 0.844047 -28.1754 0.000605748
3 0.845252 -28.1754 0.000538689
4 0.845266 -28.1754 0.000511892
5 0.845267 -28.1754 0.000498834
6 0.845268 -28.1754 0.000492285
7 0.845268 -28.1754 0.000488297
8 0.845268 -28.1754 0.000485573
9 0.845268 -28.1754 0.000483794
10 0.845268 -28.1754 0.000482707
11 0.845268 -28.1754 0.00048222
12 0.845268 -28.1754 0.000481968
13 0.845268 -28.1754 0.000481835
14 0.845268 -28.1754 0.000481727
15 0.845268 -28.1754 0.000481652
16 0.845268 -28.1754 0.000481571
17 0.845268 -28.1754 0.000481513
18 0.845268 -28.1754 0.000481451
19 0.845268 -28.1754 0.000481402
20 0.845268 -28.1754 0.000481347
21 0.845268 -28.1754 0.000481303
22 0.845268 -28.1754 0.000481256
23 0.845268 -28.1754 0.000481209
24 0.845268 -28.1754 0.000481152
25 0.845268 -28.1754 0.000481109
26 0.845268 -28.1754 0.000481067
27 0.845268 -28.1754 0.000481034
28 0.845268 -28.1754 0.000480998
29 0.845268 -28.1754 0.000480968
30 0.845268 -28.1754 0.000480938
31 0.845268 -28.1754 0.000480908
32 0.845268 -28.1754 0.00048088
33 0.845268 -28.1754 0.000480858
34 0.845268 -28.1754 0.000480833
35 0.845268 -28.1754 0.000480806
36 0.845268 -28.1754 0.000480784
37 0.845268 -28.1754 0.000480767
38 0.845268 -28.1754 0.00048075
39 0.845268 -28.1754 0.000480724
40 0.845268 -28.1754 0.000480708
41 0.845268 -28.1754 0.000480692
42 0.845268 -28.1754 0.000480672
43 0.845268 -28.1754 0.000480655
44 0.845268 -28.1754 0.000480643
45 0.845268 -28.1754 0.000480626
46 0.845268 -28.1754 0.000480608
47 0.845268 -28.1754 0.000480591
48 0.845268 -28.1754 0.000480578
49 0.845268 -28.1754 0.000480563
50 0.845268 -28.1754 0.00048055
51 0.845268 -28.1754 0.000480532
52 0.845268 -28.1754 0.000480519
53 0.845268 -28.1754 0.000480509
54 0.845268 -28.1754 0.000480498
55 0.845268 -28.1754 0.00048049
56 0.845268 -28.1754 0.000480472
57 0.845268 -28.1754 0.000480467
58 0.845268 -28.1754 0.000480453
59 0.845268 -28.1754 0.000480446
60 0.845268 -28.1754 0.000480432
61 0.845268 -28.1754 0.00048043
62 0.845268 -28.1754 0.000480414
63 0.845268 -28.1754 0.000480408
64 0.845268 -28.1754 0.000480405
65 0.845268 -28.1754 0.00048039
66 0.845268 -28.1754 0.000480385
67 0.845268 -28.1754 0.000480379
68 0.845268 -28.1754 0.000480374
69 0.845268 -28.1754 0.000480366
70 0.845268 -28.1754 0.000480364
71 0.845268 -28.1754 0.000480353
72 0.845268 -28.1754 0.00048035
73 0.845268 -28.1754 0.00048034
74 0.845268 -28.1754 0.00048034
75 0.845268 -28.1754 0.000480331
76 0.845268 -28.1754 0.00048033
77 0.845268 -28.1754 0.000480318
78 0.845268 -28.1754 0.000480319
79 0.845268 -28.1754 0.00048031
80 0.845268 -28.1754 0.000480308
81 0.845268 -28.1754 0.000480305
82 0.845268 -28.1754 0.000480303
83 0.845268 -28.1754 0.000480291
84 0.845268 -28.1754 0.000480288
85 0.845268 -28.1754 0.000480286
86 0.845268 -28.1754 0.000480284
87 0.845268 -28.1754 0.000480278
88 0.845268 -28.1754 0.000480274
89 0.845268 -28.1754 0.000480275
90 0.845268 -28.1754 0.000480272
91 0.845268 -28.1754 0.000480265
92 0.845268 -28.1754 0.000480258
93 0.845268 -28.1754 0.000480259
94 0.845268 -28.1754 0.000480254
95 0.845268 -28.1754 0.000480251
96 0.845268 -28.1754 0.000480251
97 0.845268 -28.1754 0.000480244
98 0.845268 -28.1754 0.000480243
99 0.845268 -28.1754 0.000480238
Initial energy of the MPS: -0.252756
# DMRG Sweep # Mid bond EE # Energy # Std #
0 0.0365044 14.8078 2.75771
1 0.69405 15.7485 0.0239834
2 0.694803 15.75 0.00485666
3 0.693654 15.7501 0.00148653
4 0.715892 15.7501 0.000832379
5 0.830731 15.7501 0.000532236
6 0.89969 15.7501 0.000653209
7 0.937106 15.7501 0.000309874
8 0.978248 15.7501 0.000678549
9 0.956903 15.7501 0.000416787
10 0.966011 15.7502 0.000206002
11 0.987446 15.7502 0.000229438
12 0.983488 15.7502 0.000364182
13 0.977659 15.7502 0.000526332
14 0.952653 15.7502 0.000408475
15 0.940689 15.7502 0.000267751
16 0.93748 15.7502 0.000257279
17 0.933002 15.7502 0.000276491
18 0.921361 15.7502 0.000234839
19 0.912116 15.7502 0.0003072
20 0.889403 15.7502 0.000349704
21 0.862551 15.7502 0.000356132
22 0.80826 15.7502 0.000355356
23 0.76069 15.7502 0.00135545
24 0.445929 15.7502 0.000618129
25 0.186269 15.7502 0.000281306
26 0.0610576 15.7502 0.00013724
min energy  # max energy
-28.1754 15.7502
