Initial energy of the MPS: 0.236067
# DMRG Sweep # Mid bond EE # Energy # Std #
0 0.00578725 -26.7115 5.00469
1 0.76554 -28.1754 0.00434922
2 0.844047 -28.1754 0.000605826
3 0.845252 -28.1754 0.000538698
4 0.845265 -28.1754 0.000511897
5 0.845267 -28.1754 0.000498915
6 0.845267 -28.1754 0.000492452
7 0.845268 -28.1754 0.000488506
8 0.845268 -28.1754 0.000485742
9 0.845268 -28.1754 0.000483881
10 0.845268 -28.1754 0.000482761
11 0.845268 -28.1754 0.000482266
12 0.845268 -28.1754 0.000482019
13 0.845268 -28.1754 0.000481888
14 0.845268 -28.1754 0.000481781
15 0.845268 -28.1754 0.000481702
16 0.845268 -28.1754 0.000481624
17 0.845268 -28.1754 0.00048157
18 0.845268 -28.1754 0.000481505
19 0.845268 -28.1754 0.000481459
20 0.845268 -28.1754 0.000481405
21 0.845268 -28.1754 0.000481363
22 0.845268 -28.1754 0.000481313
23 0.845268 -28.1754 0.000481267
24 0.845268 -28.1754 0.000481216
25 0.845268 -28.1754 0.000481175
26 0.845268 -28.1754 0.000481129
27 0.845268 -28.1754 0.000481097
28 0.845268 -28.1754 0.000481063
29 0.845268 -28.1754 0.000481034
30 0.845268 -28.1754 0.000481008
31 0.845268 -28.1754 0.000480982
32 0.845268 -28.1754 0.000480953
33 0.845268 -28.1754 0.000480929
34 0.845268 -28.1754 0.000480907
35 0.845268 -28.1754 0.000480888
36 0.845268 -28.1754 0.000480864
37 0.845268 -28.1754 0.000480841
38 0.845268 -28.1754 0.00048082
39 0.845268 -28.1754 0.000480803
40 0.845268 -28.1754 0.00048078
41 0.845268 -28.1754 0.000480763
42 0.845268 -28.1754 0.000480739
43 0.845268 -28.1754 0.000480721
44 0.845268 -28.1754 0.000480701
45 0.845268 -28.1754 0.000480687
46 0.845268 -28.1754 0.000480664
47 0.845268 -28.1754 0.000480652
48 0.845268 -28.1754 0.00048063
49 0.845268 -28.1754 0.000480617
50 0.845268 -28.1754 0.000480599
51 0.845268 -28.1754 0.000480588
52 0.845268 -28.1754 0.000480571
53 0.845268 -28.1754 0.00048056
54 0.845268 -28.1754 0.000480544
55 0.845268 -28.1754 0.000480533
56 0.845268 -28.1754 0.00048052
57 0.845268 -28.1754 0.00048051
58 0.845268 -28.1754 0.000480496
59 0.845268 -28.1754 0.00048049
60 0.845268 -28.1754 0.000480476
61 0.845268 -28.1754 0.000480469
62 0.845268 -28.1754 0.000480456
63 0.845268 -28.1754 0.00048045
64 0.845268 -28.1754 0.000480441
65 0.845268 -28.1754 0.000480436
66 0.845268 -28.1754 0.000480425
67 0.845268 -28.1754 0.000480417
68 0.845268 -28.1754 0.000480415
69 0.845268 -28.1754 0.000480406
70 0.845268 -28.1754 0.000480397
71 0.845268 -28.1754 0.000480392
72 0.845268 -28.1754 0.000480386
73 0.845268 -28.1754 0.000480381
74 0.845268 -28.1754 0.000480376
75 0.845268 -28.1754 0.000480373
76 0.845268 -28.1754 0.000480365
77 0.845268 -28.1754 0.000480365
78 0.845268 -28.1754 0.000480356
79 0.845268 -28.1754 0.000480354
80 0.845268 -28.1754 0.000480346
81 0.845268 -28.1754 0.000480346
82 0.845268 -28.1754 0.000480341
83 0.845268 -28.1754 0.000480338
84 0.845268 -28.1754 0.000480329
85 0.845268 -28.1754 0.000480333
86 0.845268 -28.1754 0.000480326
87 0.845268 -28.1754 0.000480324
88 0.845268 -28.1754 0.000480317
89 0.845268 -28.1754 0.00048031
90 0.845268 -28.1754 0.00048031
91 0.845268 -28.1754 0.000480307
92 0.845268 -28.1754 0.000480303
93 0.845268 -28.1754 0.000480297
94 0.845268 -28.1754 0.000480301
95 0.845268 -28.1754 0.000480298
96 0.845268 -28.1754 0.000480295
97 0.845268 -28.1754 0.000480294
98 0.845268 -28.1754 0.000480288
99 0.845268 -28.1754 0.000480291
Initial energy of the MPS: -0.252821
# DMRG Sweep # Mid bond EE # Energy # Std #
0 0.0366716 14.8138 2.75574
1 0.694364 15.7484 0.0238507
2 0.697471 15.7499 0.00468099
3 0.696211 15.75 0.00125285
4 0.750051 15.75 0.00135695
5 0.865448 15.75 0.000650202
6 0.92348 15.7501 0.00106797
7 0.963095 15.7501 0.000343925
8 0.990624 15.7501 0.000746108
9 0.986403 15.7501 0.00072627
10 0.994728 15.7501 0.000315465
11 1.01969 15.7501 0.000508185
12 1.00567 15.7502 0.000619709
13 0.995804 15.7502 0.000740532
14 0.98734 15.7502 0.000558567
15 0.985226 15.7502 0.000383382
16 0.982508 15.7502 0.000409088
17 0.966908 15.7502 0.000385283
18 0.964404 15.7502 0.000455326
19 0.946084 15.7503 0.000456533
20 0.931113 15.7503 0.000512862
21 0.908344 15.7503 0.000482522
22 0.883735 15.7503 0.000465355
23 0.845947 15.7503 0.000432137
24 0.809975 15.7503 0.000761311
25 0.613915 15.7503 0.000451635
26 0.253252 15.7503 0.000208092
27 0.0831226 15.7503 0.000124221
min energy  # max energy
-28.1754 15.7503
