Initial energy of the MPS: 0.236062
# DMRG Sweep # Mid bond EE # Energy # Std #
0 0.00578734 -26.7123 5.00477
1 0.765534 -28.1754 0.00434934
2 0.844047 -28.1754 0.000605789
3 0.845251 -28.1754 0.000538735
4 0.845265 -28.1754 0.000511936
5 0.845266 -28.1754 0.000498886
6 0.845267 -28.1754 0.000492337
7 0.845267 -28.1754 0.000488338
8 0.845267 -28.1754 0.000485582
9 0.845268 -28.1754 0.000483783
10 0.845268 -28.1754 0.000482717
11 0.845268 -28.1754 0.00048224
12 0.845268 -28.1754 0.000481998
13 0.845268 -28.1754 0.000481865
14 0.845268 -28.1754 0.000481763
15 0.845268 -28.1754 0.000481689
16 0.845268 -28.1754 0.000481613
17 0.845268 -28.1754 0.000481554
18 0.845268 -28.1754 0.000481491
19 0.845268 -28.1754 0.000481446
20 0.845268 -28.1754 0.000481394
21 0.845268 -28.1754 0.000481349
22 0.845268 -28.1754 0.000481302
23 0.845268 -28.1754 0.000481257
24 0.845268 -28.1754 0.000481206
25 0.845268 -28.1754 0.000481161
26 0.845268 -28.1754 0.000481115
27 0.845268 -28.1754 0.000481084
28 0.845268 -28.1754 0.000481044
29 0.845268 -28.1754 0.000481024
30 0.845268 -28.1754 0.000480989
31 0.845268 -28.1754 0.000480962
32 0.845268 -28.1754 0.000480936
33 0.845268 -28.1754 0.00048091
34 0.845268 -28.1754 0.000480887
35 0.845268 -28.1754 0.000480868
36 0.845268 -28.1754 0.000480842
37 0.845268 -28.1754 0.000480823
38 0.845268 -28.1754 0.000480797
39 0.845268 -28.1754 0.000480781
40 0.845268 -28.1754 0.00048076
41 0.845268 -28.1754 0.000480743
42 0.845268 -28.1754 0.000480726
43 0.845268 -28.1754 0.000480709
44 0.845268 -28.1754 0.000480688
45 0.845268 -28.1754 0.000480676
46 0.845268 -28.1754 0.000480658
47 0.845268 -28.1754 0.000480643
48 0.845268 -28.1754 0.000480626
49 0.845268 -28.1754 0.000480611
50 0.845268 -28.1754 0.000480594
51 0.845268 -28.1754 0.000480585
52 0.845268 -28.1754 0.000480563
53 0.845268 -28.1754 0.000480556
54 0.845268 -28.1754 0.000480538
55 0.845268 -28.1754 0.000480529
56 0.845268 -28.1754 0.000480517
57 0.845268 -28.1754 0.000480508
58 0.845268 -28.1754 0.000480495
59 0.845268 -28.1754 0.000480487
60 0.845268 -28.1754 0.000480478
61 0.845268 -28.1754 0.000480472
62 0.845268 -28.1754 0.000480459
63 0.845268 -28.1754 0.000480457
64 0.845268 -28.1754 0.000480442
65 0.845268 -28.1754 0.000480433
66 0.845268 -28.1754 0.000480428
67 0.845268 -28.1754 0.000480424
68 0.845268 -28.1754 0.000480416
69 0.845268 -28.1754 0.000480408
70 0.845268 -28.1754 0.0004804
71 0.845268 -28.1754 0.0004804
72 0.845268 -28.1754 0.000480391
73 0.845268 -28.1754 0.000480387
74 0.845268 -28.1754 0.000480377
75 0.845268 -28.1754 0.00048038
76 0.845268 -28.1754 0.00048037
77 0.845268 -28.1754 0.000480371
78 0.845268 -28.1754 0.000480365
79 0.845268 -28.1754 0.000480358
80 0.845268 -28.1754 0.000480356
81 0.845268 -28.1754 0.000480347
82 0.845268 -28.1754 0.000480348
83 0.845268 -28.1754 0.000480342
84 0.845268 -28.1754 0.000480338
85 0.845268 -28.1754 0.000480335
86 0.845268 -28.1754 0.000480329
87 0.845268 -28.1754 0.000480328
88 0.845268 -28.1754 0.000480324
89 0.845268 -28.1754 0.000480324
90 0.845268 -28.1754 0.000480318
91 0.845268 -28.1754 0.000480319
92 0.845268 -28.1754 0.000480307
93 0.845268 -28.1754 0.00048031
94 0.845268 -28.1754 0.000480306
95 0.845268 -28.1754 0.000480303
96 0.845268 -28.1754 0.0004803
97 0.845268 -28.1754 0.000480299
98 0.845268 -28.1754 0.000480293
99 0.845268 -28.1754 0.000480291
Initial energy of the MPS: -0.252777
# DMRG Sweep # Mid bond EE # Energy # Std #
0 0.0360047 14.8217 2.764
1 0.695922 15.7485 0.0257787
2 0.693993 15.75 0.00358765
3 0.693531 15.75 0.000805332
4 0.700245 15.75 0.000369222
5 0.746033 15.75 0.000207787
6 0.841499 15.75 0.000299052
7 0.893721 15.7501 0.000237392
8 0.89719 15.7501 0.0001115
min energy  # max energy
-28.1754 15.7501
