Initial energy of the MPS: 0.236126
# DMRG Sweep # Mid bond EE # Energy # Std #
0 0.00578739 -26.7121 5.00467
1 0.76554 -28.1754 0.00434772
2 0.844046 -28.1754 0.000605752
3 0.845252 -28.1754 0.000538667
4 0.845265 -28.1754 0.000511862
5 0.845267 -28.1754 0.000498803
6 0.845267 -28.1754 0.000492243
7 0.845268 -28.1754 0.000488267
8 0.845268 -28.1754 0.000485603
9 0.845268 -28.1754 0.000483863
10 0.845268 -28.1754 0.00048275
11 0.845268 -28.1754 0.000482228
12 0.845268 -28.1754 0.000481972
13 0.845268 -28.1754 0.000481832
14 0.845268 -28.1754 0.000481727
15 0.845268 -28.1754 0.00048165
16 0.845268 -28.1754 0.000481572
17 0.845268 -28.1754 0.000481515
18 0.845268 -28.1754 0.000481447
19 0.845268 -28.1754 0.000481398
20 0.845268 -28.1754 0.000481341
21 0.845268 -28.1754 0.000481305
22 0.845268 -28.1754 0.000481251
23 0.845268 -28.1754 0.000481205
24 0.845268 -28.1754 0.000481155
25 0.845268 -28.1754 0.00048111
26 0.845268 -28.1754 0.000481069
27 0.845268 -28.1754 0.000481032
28 0.845268 -28.1754 0.000480999
29 0.845268 -28.1754 0.000480964
30 0.845268 -28.1754 0.000480934
31 0.845268 -28.1754 0.000480914
32 0.845268 -28.1754 0.00048088
33 0.845268 -28.1754 0.000480857
34 0.845268 -28.1754 0.000480837
35 0.845268 -28.1754 0.000480812
36 0.845268 -28.1754 0.00048079
37 0.845268 -28.1754 0.000480769
38 0.845268 -28.1754 0.000480749
39 0.845268 -28.1754 0.00048073
40 0.845268 -28.1754 0.000480706
41 0.845268 -28.1754 0.000480691
42 0.845268 -28.1754 0.000480672
43 0.845268 -28.1754 0.000480657
44 0.845268 -28.1754 0.000480637
45 0.845268 -28.1754 0.000480617
46 0.845268 -28.1754 0.000480604
47 0.845268 -28.1754 0.000480587
48 0.845268 -28.1754 0.000480572
49 0.845268 -28.1754 0.000480557
50 0.845268 -28.1754 0.000480541
51 0.845268 -28.1754 0.000480526
52 0.845268 -28.1754 0.000480514
53 0.845268 -28.1754 0.000480504
54 0.845268 -28.1754 0.000480488
55 0.845268 -28.1754 0.000480481
56 0.845268 -28.1754 0.000480472
57 0.845268 -28.1754 0.000480456
58 0.845268 -28.1754 0.000480444
59 0.845268 -28.1754 0.000480437
60 0.845268 -28.1754 0.000480424
61 0.845268 -28.1754 0.000480421
62 0.845268 -28.1754 0.000480407
63 0.845268 -28.1754 0.000480399
64 0.845268 -28.1754 0.00048039
65 0.845268 -28.1754 0.000480383
66 0.845268 -28.1754 0.000480378
67 0.845268 -28.1754 0.000480368
68 0.845268 -28.1754 0.000480364
69 0.845268 -28.1754 0.000480355
70 0.845268 -28.1754 0.000480349
71 0.845268 -28.1754 0.000480344
72 0.845268 -28.1754 0.000480339
73 0.845268 -28.1754 0.000480336
74 0.845268 -28.1754 0.000480324
75 0.845268 -28.1754 0.000480322
76 0.845268 -28.1754 0.000480317
77 0.845268 -28.1754 0.000480314
78 0.845268 -28.1754 0.000480301
79 0.845268 -28.1754 0.000480304
80 0.845268 -28.1754 0.0004803
81 0.845268 -28.1754 0.000480295
82 0.845268 -28.1754 0.000480288
83 0.845268 -28.1754 0.000480283
84 0.845268 -28.1754 0.000480281
85 0.845268 -28.1754 0.000480277
86 0.845268 -28.1754 0.000480274
87 0.845268 -28.1754 0.000480268
88 0.845268 -28.1754 0.000480263
89 0.845268 -28.1754 0.000480264
90 0.845268 -28.1754 0.000480258
91 0.845268 -28.1754 0.000480255
92 0.845268 -28.1754 0.000480251
93 0.845268 -28.1754 0.000480249
94 0.845268 -28.1754 0.000480245
95 0.845268 -28.1754 0.000480245
96 0.845268 -28.1754 0.00048024
97 0.845268 -28.1754 0.000480236
98 0.845268 -28.1754 0.000480235
99 0.845268 -28.1754 0.000480234
Initial energy of the MPS: -0.252798
# DMRG Sweep # Mid bond EE # Energy # Std #
0 0.0365307 14.8246 2.75648
1 0.694476 15.7485 0.0224202
2 0.696111 15.7499 0.00464436
3 0.694847 15.75 0.000780596
4 0.708411 15.75 0.00044753
5 0.796316 15.75 0.00065172
6 0.82201 15.75 0.000242936
7 0.913223 15.75 0.000340165
8 0.928456 15.75 0.000369969
9 0.93026 15.75 0.000119652
min energy  # max energy
-28.1754 15.75
