Initial energy of the MPS: 0.236095
# DMRG Sweep # Mid bond EE # Energy # Std #
0 0.00578732 -26.71 5.00437
1 0.765515 -28.1754 0.00435069
2 0.844045 -28.1754 0.000605798
3 0.845252 -28.1754 0.000538736
4 0.845266 -28.1754 0.000511973
5 0.845267 -28.1754 0.000499014
6 0.845268 -28.1754 0.000492635
7 0.845268 -28.1754 0.000488807
8 0.845268 -28.1754 0.000485996
9 0.845268 -28.1754 0.000483943
10 0.845268 -28.1754 0.000482745
11 0.845268 -28.1754 0.00048224
12 0.845268 -28.1754 0.000481993
13 0.845268 -28.1754 0.000481857
14 0.845268 -28.1754 0.000481744
15 0.845268 -28.1754 0.00048167
16 0.845268 -28.1754 0.000481592
17 0.845268 -28.1754 0.000481533
18 0.845268 -28.1754 0.000481474
19 0.845268 -28.1754 0.000481425
20 0.845268 -28.1754 0.000481368
21 0.845268 -28.1754 0.00048133
22 0.845268 -28.1754 0.000481274
23 0.845268 -28.1754 0.000481228
24 0.845268 -28.1754 0.000481176
25 0.845268 -28.1754 0.000481137
26 0.845268 -28.1754 0.000481096
27 0.845268 -28.1754 0.000481059
28 0.845268 -28.1754 0.000481029
29 0.845268 -28.1754 0.000481003
30 0.845268 -28.1754 0.000480969
31 0.845268 -28.1754 0.000480946
32 0.845268 -28.1754 0.000480919
33 0.845268 -28.1754 0.000480899
34 0.845268 -28.1754 0.000480874
35 0.845268 -28.1754 0.000480851
36 0.845268 -28.1754 0.000480831
37 0.845268 -28.1754 0.000480812
38 0.845268 -28.1754 0.000480789
39 0.845268 -28.1754 0.000480774
40 0.845268 -28.1754 0.000480752
41 0.845268 -28.1754 0.000480738
42 0.845268 -28.1754 0.000480715
43 0.845268 -28.1754 0.000480704
44 0.845268 -28.1754 0.000480687
45 0.845268 -28.1754 0.000480671
46 0.845268 -28.1754 0.000480652
47 0.845268 -28.1754 0.000480639
48 0.845268 -28.1754 0.000480623
49 0.845268 -28.1754 0.000480607
50 0.845268 -28.1754 0.000480592
51 0.845268 -28.1754 0.000480579
52 0.845268 -28.1754 0.000480566
53 0.845268 -28.1754 0.000480554
54 0.845268 -28.1754 0.000480541
55 0.845268 -28.1754 0.000480535
56 0.845268 -28.1754 0.000480515
57 0.845268 -28.1754 0.000480504
58 0.845268 -28.1754 0.000480491
59 0.845268 -28.1754 0.000480489
60 0.845268 -28.1754 0.000480479
61 0.845268 -28.1754 0.000480464
62 0.845268 -28.1754 0.000480457
63 0.845268 -28.1754 0.000480453
64 0.845268 -28.1754 0.000480438
65 0.845268 -28.1754 0.000480432
66 0.845268 -28.1754 0.000480422
67 0.845268 -28.1754 0.000480417
68 0.845268 -28.1754 0.000480408
69 0.845268 -28.1754 0.000480406
70 0.845268 -28.1754 0.000480396
71 0.845268 -28.1754 0.000480391
72 0.845268 -28.1754 0.000480385
73 0.845268 -28.1754 0.000480381
74 0.845268 -28.1754 0.000480372
75 0.845268 -28.1754 0.000480365
76 0.845268 -28.1754 0.000480363
77 0.845268 -28.1754 0.000480355
78 0.845268 -28.1754 0.000480351
79 0.845268 -28.1754 0.000480349
80 0.845268 -28.1754 0.000480343
81 0.845268 -28.1754 0.000480341
82 0.845268 -28.1754 0.000480335
83 0.845268 -28.1754 0.000480332
84 0.845268 -28.1754 0.000480326
85 0.845268 -28.1754 0.000480321
86 0.845268 -28.1754 0.000480321
87 0.845268 -28.1754 0.000480315
88 0.845268 -28.1754 0.00048031
89 0.845268 -28.1754 0.000480306
90 0.845268 -28.1754 0.000480301
91 0.845268 -28.1754 0.000480301
92 0.845268 -28.1754 0.000480298
93 0.845268 -28.1754 0.000480291
94 0.845268 -28.1754 0.000480286
95 0.845268 -28.1754 0.000480289
96 0.845268 -28.1754 0.000480281
97 0.845268 -28.1754 0.000480283
98 0.845268 -28.1754 0.00048028
99 0.845268 -28.1754 0.000480274
Initial energy of the MPS: -0.252775
# DMRG Sweep # Mid bond EE # Energy # Std #
0 0.0365606 14.8132 2.75552
1 0.694524 15.7486 0.0236052
2 0.698839 15.7499 0.00473274
3 0.693869 15.75 0.00145172
4 0.731759 15.75 0.00159641
5 0.834285 15.75 0.000417563
6 0.948479 15.7501 0.000892361
7 0.971331 15.7501 0.000349126
8 1.0111 15.7501 0.000789786
9 0.993223 15.7501 0.000644884
10 0.998155 15.7501 0.000261984
11 1.02498 15.7501 0.000270568
12 1.02256 15.7501 0.000416184
13 1.00929 15.7501 0.000497104
14 1.00174 15.7501 0.000542977
15 0.987425 15.7502 0.000559538
16 0.983349 15.7502 0.000338397
17 0.983782 15.7502 0.00032585
18 0.973693 15.7502 0.000327354
19 0.974286 15.7502 0.000424431
20 0.961371 15.7502 0.000515526
21 0.940369 15.7502 0.000464716
22 0.914965 15.7502 0.000386783
23 0.908439 15.7502 0.000406063
24 0.879997 15.7502 0.00038722
25 0.830533 15.7502 0.000410682
26 0.724491 15.7502 0.000565095
27 0.537965 15.7502 0.000664052
28 0.274419 15.7502 0.000377906
29 0.106475 15.7502 0.000218027
30 0.0300137 15.7502 0.000101183
min energy  # max energy
-28.1754 15.7502
