Initial energy of the MPS: 0.236012
# DMRG Sweep # Mid bond EE # Energy # Std #
0 0.00578727 -26.7116 5.00468
1 0.765516 -28.1754 0.00435032
2 0.844045 -28.1754 0.000605747
3 0.845252 -28.1754 0.00053874
4 0.845266 -28.1754 0.000511977
5 0.845267 -28.1754 0.000498947
6 0.845268 -28.1754 0.000492476
7 0.845268 -28.1754 0.000488548
8 0.845268 -28.1754 0.000485659
9 0.845268 -28.1754 0.000483722
10 0.845268 -28.1754 0.000482656
11 0.845268 -28.1754 0.000482202
12 0.845268 -28.1754 0.00048197
13 0.845268 -28.1754 0.00048185
14 0.845268 -28.1754 0.000481742
15 0.845268 -28.1754 0.000481666
16 0.845268 -28.1754 0.000481585
17 0.845268 -28.1754 0.000481531
18 0.845268 -28.1754 0.000481469
19 0.845268 -28.1754 0.000481425
20 0.845268 -28.1754 0.000481369
21 0.845268 -28.1754 0.000481325
22 0.845268 -28.1754 0.000481273
23 0.845268 -28.1754 0.000481225
24 0.845268 -28.1754 0.000481174
25 0.845268 -28.1754 0.000481131
26 0.845268 -28.1754 0.000481097
27 0.845268 -28.1754 0.000481061
28 0.845268 -28.1754 0.000481025
29 0.845268 -28.1754 0.000480995
30 0.845268 -28.1754 0.000480966
31 0.845268 -28.1754 0.000480943
32 0.845268 -28.1754 0.000480917
33 0.845268 -28.1754 0.000480898
34 0.845268 -28.1754 0.000480869
35 0.845268 -28.1754 0.000480851
36 0.845268 -28.1754 0.000480822
37 0.845268 -28.1754 0.000480811
38 0.845268 -28.1754 0.000480786
39 0.845268 -28.1754 0.000480771
40 0.845268 -28.1754 0.00048075
41 0.845268 -28.1754 0.000480736
42 0.845268 -28.1754 0.000480715
43 0.845268 -28.1754 0.000480703
44 0.845268 -28.1754 0.000480678
45 0.845268 -28.1754 0.00048067
46 0.845268 -28.1754 0.000480648
47 0.845268 -28.1754 0.000480635
48 0.845268 -28.1754 0.000480619
49 0.845268 -28.1754 0.000480609
50 0.845268 -28.1754 0.000480593
51 0.845268 -28.1754 0.000480585
52 0.845268 -28.1754 0.000480566
53 0.845268 -28.1754 0.000480557
54 0.845268 -28.1754 0.000480537
55 0.845268 -28.1754 0.000480529
56 0.845268 -28.1754 0.000480518
57 0.845268 -28.1754 0.000480511
58 0.845268 -28.1754 0.000480496
59 0.845268 -28.1754 0.000480487
60 0.845268 -28.1754 0.000480476
61 0.845268 -28.1754 0.000480466
62 0.845268 -28.1754 0.000480455
63 0.845268 -28.1754 0.000480456
64 0.845268 -28.1754 0.000480443
65 0.845268 -28.1754 0.000480437
66 0.845268 -28.1754 0.000480429
67 0.845268 -28.1754 0.000480425
68 0.845268 -28.1754 0.000480417
69 0.845268 -28.1754 0.000480412
70 0.845268 -28.1754 0.000480401
71 0.845268 -28.1754 0.000480399
72 0.845268 -28.1754 0.00048039
73 0.845268 -28.1754 0.000480385
74 0.845268 -28.1754 0.000480376
75 0.845268 -28.1754 0.000480375
76 0.845268 -28.1754 0.000480371
77 0.845268 -28.1754 0.000480361
78 0.845268 -28.1754 0.000480359
79 0.845268 -28.1754 0.000480356
80 0.845268 -28.1754 0.000480351
81 0.845268 -28.1754 0.00048035
82 0.845268 -28.1754 0.000480342
83 0.845268 -28.1754 0.000480338
84 0.845268 -28.1754 0.000480338
85 0.845268 -28.1754 0.000480333
86 0.845268 -28.1754 0.000480328
87 0.845268 -28.1754 0.000480326
88 0.845268 -28.1754 0.000480322
89 0.845268 -28.1754 0.000480316
90 0.845268 -28.1754 0.000480313
91 0.845268 -28.1754 0.000480312
92 0.845268 -28.1754 0.000480309
93 0.845268 -28.1754 0.000480301
94 0.845268 -28.1754 0.000480296
95 0.845268 -28.1754 0.000480294
96 0.845268 -28.1754 0.000480293
97 0.845268 -28.1754 0.000480292
98 0.845268 -28.1754 0.000480284
99 0.845268 -28.1754 0.000480286
Initial energy of the MPS: -0.252781
# DMRG Sweep # Mid bond EE # Energy # Std #
0 0.0364849 14.8267 2.75754
1 0.694849 15.7484 0.0256826
2 0.697436 15.7499 0.00501075
3 0.696318 15.75 0.00135019
4 0.748025 15.7501 0.000826268
5 0.833571 15.7501 0.000501891
6 0.90614 15.7501 0.000352463
7 0.954315 15.7501 0.000365646
8 0.969801 15.7501 0.000480704
9 0.959401 15.7501 0.000161422
10 0.999123 15.7501 0.00015018
11 1.00365 15.7501 0.000181941
12 0.996758 15.7501 0.000282328
13 0.990017 15.7501 0.000384741
14 0.961781 15.7501 0.000379022
15 0.947075 15.7501 0.000217835
16 0.955129 15.7501 0.000201157
17 0.952814 15.7501 0.000227743
18 0.948706 15.7501 0.00025179
19 0.931809 15.7501 0.000269237
20 0.923722 15.7501 0.000278167
21 0.909198 15.7501 0.000308709
22 0.883876 15.7501 0.00034345
23 0.849868 15.7502 0.000347149
24 0.763931 15.7502 0.000365312
25 0.606223 15.7502 0.000492352
26 0.347528 15.7502 0.000431438
27 0.140036 15.7502 0.00022285
28 0.0488581 15.7502 0.000105728
min energy  # max energy
-28.1754 15.7502
