Initial energy of the MPS: 0.236077
# DMRG Sweep # Mid bond EE # Energy # Std #
0 0.00578744 -26.711 5.00448
1 0.765547 -28.1754 0.00434821
2 0.844048 -28.1754 0.00060576
3 0.845252 -28.1754 0.000538672
4 0.845265 -28.1754 0.000511841
5 0.845267 -28.1754 0.000498754
6 0.845267 -28.1754 0.000492148
7 0.845267 -28.1754 0.000488158
8 0.845267 -28.1754 0.000485577
9 0.845268 -28.1754 0.000483908
10 0.845268 -28.1754 0.00048281
11 0.845268 -28.1754 0.000482277
12 0.845268 -28.1754 0.000482016
13 0.845268 -28.1754 0.000481875
14 0.845268 -28.1754 0.000481768
15 0.845268 -28.1754 0.000481691
16 0.845268 -28.1754 0.000481615
17 0.845268 -28.1754 0.000481555
18 0.845268 -28.1754 0.000481495
19 0.845268 -28.1754 0.000481445
20 0.845268 -28.1754 0.000481389
21 0.845268 -28.1754 0.000481347
22 0.845268 -28.1754 0.000481298
23 0.845268 -28.1754 0.000481258
24 0.845268 -28.1754 0.000481208
25 0.845268 -28.1754 0.000481162
26 0.845268 -28.1754 0.000481114
27 0.845268 -28.1754 0.000481085
28 0.845268 -28.1754 0.000481049
29 0.845268 -28.1754 0.000481021
30 0.845268 -28.1754 0.000480985
31 0.845268 -28.1754 0.000480965
32 0.845268 -28.1754 0.000480937
33 0.845268 -28.1754 0.000480913
34 0.845268 -28.1754 0.000480887
35 0.845268 -28.1754 0.000480868
36 0.845268 -28.1754 0.000480842
37 0.845268 -28.1754 0.000480825
38 0.845268 -28.1754 0.000480798
39 0.845268 -28.1754 0.00048078
40 0.845268 -28.1754 0.00048076
41 0.845268 -28.1754 0.000480743
42 0.845268 -28.1754 0.000480718
43 0.845268 -28.1754 0.000480707
44 0.845268 -28.1754 0.000480683
45 0.845268 -28.1754 0.000480668
46 0.845268 -28.1754 0.000480648
47 0.845268 -28.1754 0.000480635
48 0.845268 -28.1754 0.000480614
49 0.845268 -28.1754 0.000480604
50 0.845268 -28.1754 0.000480582
51 0.845268 -28.1754 0.000480575
52 0.845268 -28.1754 0.000480553
53 0.845268 -28.1754 0.000480543
54 0.845268 -28.1754 0.000480524
55 0.845268 -28.1754 0.000480517
56 0.845268 -28.1754 0.000480501
57 0.845268 -28.1754 0.000480492
58 0.845268 -28.1754 0.000480482
59 0.845268 -28.1754 0.000480475
60 0.845268 -28.1754 0.000480455
61 0.845268 -28.1754 0.000480453
62 0.845268 -28.1754 0.000480436
63 0.845268 -28.1754 0.000480434
64 0.845268 -28.1754 0.000480425
65 0.845268 -28.1754 0.00048042
66 0.845268 -28.1754 0.000480405
67 0.845268 -28.1754 0.000480402
68 0.845268 -28.1754 0.000480391
69 0.845268 -28.1754 0.000480387
70 0.845268 -28.1754 0.000480378
71 0.845268 -28.1754 0.000480374
72 0.845268 -28.1754 0.000480367
73 0.845268 -28.1754 0.000480359
74 0.845268 -28.1754 0.000480361
75 0.845268 -28.1754 0.000480352
76 0.845268 -28.1754 0.000480348
77 0.845268 -28.1754 0.000480345
78 0.845268 -28.1754 0.000480333
79 0.845268 -28.1754 0.000480337
80 0.845268 -28.1754 0.000480327
81 0.845268 -28.1754 0.000480327
82 0.845268 -28.1754 0.000480324
83 0.845268 -28.1754 0.00048032
84 0.845268 -28.1754 0.00048031
85 0.845268 -28.1754 0.000480315
86 0.845268 -28.1754 0.00048031
87 0.845268 -28.1754 0.000480302
88 0.845268 -28.1754 0.000480304
89 0.845268 -28.1754 0.000480302
90 0.845268 -28.1754 0.000480294
91 0.845268 -28.1754 0.000480296
92 0.845268 -28.1754 0.000480288
93 0.845268 -28.1754 0.000480289
94 0.845268 -28.1754 0.000480282
95 0.845268 -28.1754 0.000480282
96 0.845268 -28.1754 0.000480278
97 0.845268 -28.1754 0.000480275
98 0.845268 -28.1754 0.000480271
99 0.845268 -28.1754 0.000480273
Initial energy of the MPS: -0.252746
# DMRG Sweep # Mid bond EE # Energy # Std #
0 0.0364904 14.8244 2.75487
1 0.694411 15.7484 0.0252112
2 0.69621 15.7499 0.00515462
3 0.696162 15.75 0.000739075
4 0.698544 15.75 0.000333401
5 0.700303 15.75 0.00017973
6 0.721191 15.75 0.000177887
7 0.760037 15.75 0.000130804
min energy  # max energy
-28.1754 15.75
