Initial energy of the MPS: 0.236091
# DMRG Sweep # Mid bond EE # Energy # Std #
0 0.00578721 -26.7113 5.00462
1 0.76549 -28.1754 0.00435054
2 0.844036 -28.1754 0.000605789
3 0.845248 -28.1754 0.000538727
4 0.845261 -28.1754 0.000512001
5 0.845263 -28.1754 0.000499088
6 0.845263 -28.1754 0.000492786
7 0.845264 -28.1754 0.000489029
8 0.845264 -28.1754 0.0004864
9 0.845264 -28.1754 0.000484591
10 0.845264 -28.1754 0.000483386
11 0.845264 -28.1754 0.000482649
12 0.845264 -28.1754 0.000482223
13 0.845264 -28.1754 0.000482021
14 0.845264 -28.1754 0.000481886
15 0.845264 -28.1754 0.000481789
16 0.845264 -28.1754 0.000481697
17 0.845264 -28.1754 0.000481629
18 0.845264 -28.1754 0.000481543
19 0.845264 -28.1754 0.000481479
20 0.845264 -28.1754 0.000481403
21 0.845264 -28.1754 0.00048134
22 0.845264 -28.1754 0.000481261
23 0.845264 -28.1754 0.000481199
24 0.845264 -28.1754 0.00048113
25 0.845264 -28.1754 0.000481082
26 0.845264 -28.1754 0.000481032
27 0.845264 -28.1754 0.000480995
28 0.845264 -28.1754 0.000480956
29 0.845264 -28.1754 0.00048092
30 0.845264 -28.1754 0.000480894
31 0.845264 -28.1754 0.000480865
32 0.845264 -28.1754 0.000480837
33 0.845264 -28.1754 0.000480816
34 0.845264 -28.1754 0.000480793
35 0.845264 -28.1754 0.000480777
36 0.845264 -28.1754 0.000480752
37 0.845264 -28.1754 0.000480734
38 0.845264 -28.1754 0.000480716
39 0.845264 -28.1754 0.000480698
40 0.845264 -28.1754 0.000480684
41 0.845264 -28.1754 0.000480665
42 0.845264 -28.1754 0.000480644
43 0.845264 -28.1754 0.000480635
44 0.845264 -28.1754 0.00048062
45 0.845264 -28.1754 0.000480606
46 0.845264 -28.1754 0.000480589
47 0.845264 -28.1754 0.000480575
48 0.845264 -28.1754 0.000480561
49 0.845264 -28.1754 0.000480551
50 0.845264 -28.1754 0.000480537
51 0.845264 -28.1754 0.000480524
52 0.845264 -28.1754 0.000480511
53 0.845264 -28.1754 0.000480499
54 0.845264 -28.1754 0.00048048
55 0.845264 -28.1754 0.000480476
56 0.845264 -28.1754 0.000480457
57 0.845264 -28.1754 0.00048045
58 0.845264 -28.1754 0.000480434
59 0.845264 -28.1754 0.000480424
60 0.845264 -28.1754 0.000480417
61 0.845264 -28.1754 0.0004804
62 0.845264 -28.1754 0.000480389
63 0.845264 -28.1754 0.000480377
64 0.845264 -28.1754 0.000480371
65 0.845264 -28.1754 0.000480357
66 0.845264 -28.1754 0.000480349
67 0.845264 -28.1754 0.00048034
68 0.845264 -28.1754 0.000480325
69 0.845264 -28.1754 0.000480322
70 0.845264 -28.1754 0.000480308
71 0.845264 -28.1754 0.000480307
72 0.845264 -28.1754 0.000480292
73 0.845264 -28.1754 0.000480288
74 0.845264 -28.1754 0.000480283
75 0.845264 -28.1754 0.00048027
76 0.845264 -28.1754 0.000480266
77 0.845264 -28.1754 0.000480262
78 0.845264 -28.1754 0.000480255
79 0.845264 -28.1754 0.00048025
80 0.845264 -28.1754 0.000480246
81 0.845264 -28.1754 0.00048024
82 0.845264 -28.1754 0.000480232
83 0.845264 -28.1754 0.000480229
84 0.845264 -28.1754 0.000480222
85 0.845264 -28.1754 0.000480224
86 0.845264 -28.1754 0.000480216
87 0.845264 -28.1754 0.000480208
88 0.845264 -28.1754 0.000480204
89 0.845264 -28.1754 0.000480202
90 0.845264 -28.1754 0.000480199
91 0.845264 -28.1754 0.000480194
92 0.845264 -28.1754 0.000480191
93 0.845264 -28.1754 0.000480187
94 0.845264 -28.1754 0.00048018
95 0.845264 -28.1754 0.000480177
96 0.845264 -28.1754 0.000480174
97 0.845264 -28.1754 0.000480173
98 0.845264 -28.1754 0.000480168
99 0.845264 -28.1754 0.000480168
Initial energy of the MPS: -0.252791
# DMRG Sweep # Mid bond EE # Energy # Std #
0 0.0362831 14.8248 2.75927
1 0.694426 15.7486 0.0245162
2 0.696713 15.75 0.00455663
3 0.695146 15.7501 0.00185206
4 0.745589 15.7501 0.00111361
5 0.841804 15.7501 0.000539134
6 0.892076 15.7501 0.000992943
7 0.905952 15.7502 0.000285428
8 0.956787 15.7502 0.000621313
9 0.950351 15.7502 0.000507677
10 0.965171 15.7502 0.000233656
11 0.981126 15.7502 0.000259594
12 0.971512 15.7502 0.000336729
13 0.963191 15.7502 0.000356732
14 0.955712 15.7502 0.0003385
15 0.946751 15.7502 0.000353001
16 0.937195 15.7502 0.000409374
17 0.914781 15.7502 0.00039661
18 0.900495 15.7502 0.000397509
19 0.864281 15.7502 0.000414774
20 0.80022 15.7502 0.000415362
21 0.574596 15.7503 0.000401035
22 0.227431 15.7503 0.000211258
23 0.0857774 15.7503 0.000120694
min energy  # max energy
-28.1754 15.7503
