Initial energy of the MPS: 0.236062
# DMRG Sweep # Mid bond EE # Energy # Std #
0 0.00578737 -26.7103 5.00438
1 0.765553 -28.1754 0.00434761
2 0.844048 -28.1754 0.000605751
3 0.845252 -28.1754 0.000538702
4 0.845265 -28.1754 0.000511859
5 0.845267 -28.1754 0.000498711
6 0.845267 -28.1754 0.000492036
7 0.845267 -28.1754 0.000488019
8 0.845268 -28.1754 0.000485496
9 0.845268 -28.1754 0.00048387
10 0.845268 -28.1754 0.000482793
11 0.845268 -28.1754 0.000482273
12 0.845268 -28.1754 0.000482013
13 0.845268 -28.1754 0.000481875
14 0.845268 -28.1754 0.000481766
15 0.845268 -28.1754 0.00048169
16 0.845268 -28.1754 0.000481615
17 0.845268 -28.1754 0.000481556
18 0.845268 -28.1754 0.000481492
19 0.845268 -28.1754 0.000481444
20 0.845268 -28.1754 0.000481388
21 0.845268 -28.1754 0.000481347
22 0.845268 -28.1754 0.000481295
23 0.845268 -28.1754 0.000481255
24 0.845268 -28.1754 0.000481212
25 0.845268 -28.1754 0.000481163
26 0.845268 -28.1754 0.000481113
27 0.845268 -28.1754 0.000481081
28 0.845268 -28.1754 0.000481038
29 0.845268 -28.1754 0.000481013
30 0.845268 -28.1754 0.000480976
31 0.845268 -28.1754 0.000480956
32 0.845268 -28.1754 0.000480928
33 0.845268 -28.1754 0.000480906
34 0.845268 -28.1754 0.00048088
35 0.845268 -28.1754 0.00048086
36 0.845268 -28.1754 0.000480831
37 0.845268 -28.1754 0.000480809
38 0.845268 -28.1754 0.000480789
39 0.845268 -28.1754 0.000480769
40 0.845268 -28.1754 0.000480745
41 0.845268 -28.1754 0.000480728
42 0.845268 -28.1754 0.000480709
43 0.845268 -28.1754 0.000480688
44 0.845268 -28.1754 0.000480666
45 0.845268 -28.1754 0.000480651
46 0.845268 -28.1754 0.000480638
47 0.845268 -28.1754 0.000480622
48 0.845268 -28.1754 0.000480603
49 0.845268 -28.1754 0.000480588
50 0.845268 -28.1754 0.000480573
51 0.845268 -28.1754 0.00048056
52 0.845268 -28.1754 0.000480549
53 0.845268 -28.1754 0.000480534
54 0.845268 -28.1754 0.000480521
55 0.845268 -28.1754 0.000480515
56 0.845268 -28.1754 0.0004805
57 0.845268 -28.1754 0.000480491
58 0.845268 -28.1754 0.000480482
59 0.845268 -28.1754 0.000480473
60 0.845268 -28.1754 0.000480464
61 0.845268 -28.1754 0.000480455
62 0.845268 -28.1754 0.00048044
63 0.845268 -28.1754 0.000480437
64 0.845268 -28.1754 0.00048043
65 0.845268 -28.1754 0.00048042
66 0.845268 -28.1754 0.000480413
67 0.845268 -28.1754 0.000480407
68 0.845268 -28.1754 0.000480396
69 0.845268 -28.1754 0.000480391
70 0.845268 -28.1754 0.000480385
71 0.845268 -28.1754 0.000480381
72 0.845268 -28.1754 0.000480375
73 0.845268 -28.1754 0.000480373
74 0.845268 -28.1754 0.000480365
75 0.845268 -28.1754 0.000480359
76 0.845268 -28.1754 0.000480354
77 0.845268 -28.1754 0.000480349
78 0.845268 -28.1754 0.000480347
79 0.845268 -28.1754 0.00048034
80 0.845268 -28.1754 0.000480335
81 0.845268 -28.1754 0.000480333
82 0.845268 -28.1754 0.000480327
83 0.845268 -28.1754 0.000480325
84 0.845268 -28.1754 0.000480322
85 0.845268 -28.1754 0.00048032
86 0.845268 -28.1754 0.000480314
87 0.845268 -28.1754 0.000480316
88 0.845268 -28.1754 0.000480312
89 0.845268 -28.1754 0.000480303
90 0.845268 -28.1754 0.000480305
91 0.845268 -28.1754 0.000480299
92 0.845268 -28.1754 0.000480298
93 0.845268 -28.1754 0.000480296
94 0.845268 -28.1754 0.000480291
95 0.845268 -28.1754 0.000480289
96 0.845268 -28.1754 0.000480284
97 0.845268 -28.1754 0.000480289
98 0.845268 -28.1754 0.000480283
99 0.845268 -28.1754 0.000480278
Initial energy of the MPS: -0.252763
# DMRG Sweep # Mid bond EE # Energy # Std #
0 0.0367414 14.8134 2.76362
1 0.694605 15.7484 0.0251185
2 0.697554 15.7499 0.00511059
3 0.697 15.75 0.000721093
4 0.699525 15.75 0.000626004
5 0.727408 15.75 0.0002364
6 0.813087 15.75 0.000377359
7 0.828525 15.75 0.000182918
8 0.907591 15.7501 0.000135391
min energy  # max energy
-28.1754 15.7501
