Initial energy of the MPS: 0.236044
# DMRG Sweep # Mid bond EE # Energy # Std #
0 0.00578733 -26.7116 5.00461
1 0.765543 -28.1754 0.00434824
2 0.844046 -28.1754 0.000605797
3 0.845252 -28.1754 0.000538649
4 0.845266 -28.1754 0.000511864
5 0.845267 -28.1754 0.00049888
6 0.845268 -28.1754 0.0004924
7 0.845268 -28.1754 0.000488461
8 0.845268 -28.1754 0.000485756
9 0.845268 -28.1754 0.000483926
10 0.845268 -28.1754 0.000482785
11 0.845268 -28.1754 0.000482259
12 0.845268 -28.1754 0.000481999
13 0.845268 -28.1754 0.000481865
14 0.845268 -28.1754 0.000481752
15 0.845268 -28.1754 0.000481675
16 0.845268 -28.1754 0.000481601
17 0.845268 -28.1754 0.000481543
18 0.845268 -28.1754 0.000481478
19 0.845268 -28.1754 0.000481431
20 0.845268 -28.1754 0.000481372
21 0.845268 -28.1754 0.00048133
22 0.845268 -28.1754 0.000481283
23 0.845268 -28.1754 0.000481242
24 0.845268 -28.1754 0.00048119
25 0.845268 -28.1754 0.000481146
26 0.845268 -28.1754 0.000481102
27 0.845268 -28.1754 0.00048107
28 0.845268 -28.1754 0.000481031
29 0.845268 -28.1754 0.000481006
30 0.845268 -28.1754 0.000480969
31 0.845268 -28.1754 0.000480951
32 0.845268 -28.1754 0.000480923
33 0.845268 -28.1754 0.000480901
34 0.845268 -28.1754 0.000480871
35 0.845268 -28.1754 0.000480854
36 0.845268 -28.1754 0.000480832
37 0.845268 -28.1754 0.000480813
38 0.845268 -28.1754 0.00048079
39 0.845268 -28.1754 0.000480771
40 0.845268 -28.1754 0.00048075
41 0.845268 -28.1754 0.000480729
42 0.845268 -28.1754 0.00048071
43 0.845268 -28.1754 0.000480693
44 0.845268 -28.1754 0.000480672
45 0.845268 -28.1754 0.000480658
46 0.845268 -28.1754 0.000480638
47 0.845268 -28.1754 0.000480625
48 0.845268 -28.1754 0.000480607
49 0.845268 -28.1754 0.00048059
50 0.845268 -28.1754 0.000480574
51 0.845268 -28.1754 0.000480558
52 0.845268 -28.1754 0.000480544
53 0.845268 -28.1754 0.000480533
54 0.845268 -28.1754 0.000480515
55 0.845268 -28.1754 0.000480504
56 0.845268 -28.1754 0.000480493
57 0.845268 -28.1754 0.000480483
58 0.845268 -28.1754 0.00048047
59 0.845268 -28.1754 0.000480464
60 0.845268 -28.1754 0.00048045
61 0.845268 -28.1754 0.000480443
62 0.845268 -28.1754 0.000480434
63 0.845268 -28.1754 0.00048042
64 0.845268 -28.1754 0.000480417
65 0.845268 -28.1754 0.000480409
66 0.845268 -28.1754 0.000480398
67 0.845268 -28.1754 0.00048039
68 0.845268 -28.1754 0.000480386
69 0.845268 -28.1754 0.000480379
70 0.845268 -28.1754 0.000480371
71 0.845268 -28.1754 0.00048037
72 0.845268 -28.1754 0.000480358
73 0.845268 -28.1754 0.000480354
74 0.845268 -28.1754 0.000480346
75 0.845268 -28.1754 0.000480342
76 0.845268 -28.1754 0.000480341
77 0.845268 -28.1754 0.000480335
78 0.845268 -28.1754 0.000480327
79 0.845268 -28.1754 0.000480324
80 0.845268 -28.1754 0.000480317
81 0.845268 -28.1754 0.000480318
82 0.845268 -28.1754 0.000480315
83 0.845268 -28.1754 0.000480306
84 0.845268 -28.1754 0.000480304
85 0.845268 -28.1754 0.000480302
86 0.845268 -28.1754 0.000480301
87 0.845268 -28.1754 0.000480299
88 0.845268 -28.1754 0.000480294
89 0.845268 -28.1754 0.000480285
90 0.845268 -28.1754 0.000480282
91 0.845268 -28.1754 0.000480286
92 0.845268 -28.1754 0.000480283
93 0.845268 -28.1754 0.000480275
94 0.845268 -28.1754 0.000480272
95 0.845268 -28.1754 0.000480272
96 0.845268 -28.1754 0.000480272
97 0.845268 -28.1754 0.000480265
98 0.845268 -28.1754 0.000480259
99 0.845268 -28.1754 0.000480261
Initial energy of the MPS: -0.252757
# DMRG Sweep # Mid bond EE # Energy # Std #
0 0.0365108 14.8152 2.76381
1 0.694915 15.7484 0.0252268
2 0.694706 15.75 0.00501376
3 0.693366 15.75 0.000654024
4 0.697206 15.75 0.000302347
5 0.720136 15.75 0.00025346
6 0.81436 15.75 0.000164065
7 0.868874 15.75 0.000313872
8 0.876292 15.75 0.000134398
min energy  # max energy
-28.1754 15.75
