Initial energy of the MPS: 0.23604
# DMRG Sweep # Mid bond EE # Energy # Std #
0 0.00578735 -26.7127 5.00485
1 0.765545 -28.1754 0.00434784
2 0.844047 -28.1754 0.000605752
3 0.845252 -28.1754 0.000538669
4 0.845266 -28.1754 0.000511855
5 0.845267 -28.1754 0.000498779
6 0.845268 -28.1754 0.000492189
7 0.845268 -28.1754 0.000488195
8 0.845268 -28.1754 0.000485582
9 0.845268 -28.1754 0.000483884
10 0.845268 -28.1754 0.000482785
11 0.845268 -28.1754 0.000482257
12 0.845268 -28.1754 0.000481993
13 0.845268 -28.1754 0.000481859
14 0.845268 -28.1754 0.000481749
15 0.845268 -28.1754 0.00048167
16 0.845268 -28.1754 0.000481597
17 0.845268 -28.1754 0.000481538
18 0.845268 -28.1754 0.000481472
19 0.845268 -28.1754 0.000481426
20 0.845268 -28.1754 0.000481371
21 0.845268 -28.1754 0.000481326
22 0.845268 -28.1754 0.000481276
23 0.845268 -28.1754 0.000481234
24 0.845268 -28.1754 0.000481188
25 0.845268 -28.1754 0.00048114
26 0.845268 -28.1754 0.000481092
27 0.845268 -28.1754 0.000481057
28 0.845268 -28.1754 0.00048102
29 0.845268 -28.1754 0.000480993
30 0.845268 -28.1754 0.000480961
31 0.845268 -28.1754 0.000480938
32 0.845268 -28.1754 0.000480909
33 0.845268 -28.1754 0.000480885
34 0.845268 -28.1754 0.000480861
35 0.845268 -28.1754 0.000480834
36 0.845268 -28.1754 0.000480812
37 0.845268 -28.1754 0.000480793
38 0.845268 -28.1754 0.000480769
39 0.845268 -28.1754 0.000480749
40 0.845268 -28.1754 0.000480726
41 0.845268 -28.1754 0.000480712
42 0.845268 -28.1754 0.000480691
43 0.845268 -28.1754 0.000480674
44 0.845268 -28.1754 0.000480658
45 0.845268 -28.1754 0.000480642
46 0.845268 -28.1754 0.000480625
47 0.845268 -28.1754 0.000480614
48 0.845268 -28.1754 0.000480594
49 0.845268 -28.1754 0.000480581
50 0.845268 -28.1754 0.000480566
51 0.845268 -28.1754 0.000480556
52 0.845268 -28.1754 0.000480539
53 0.845268 -28.1754 0.00048053
54 0.845268 -28.1754 0.000480513
55 0.845268 -28.1754 0.000480503
56 0.845268 -28.1754 0.000480489
57 0.845268 -28.1754 0.000480478
58 0.845268 -28.1754 0.000480465
59 0.845268 -28.1754 0.000480458
60 0.845268 -28.1754 0.000480448
61 0.845268 -28.1754 0.000480442
62 0.845268 -28.1754 0.000480429
63 0.845268 -28.1754 0.000480425
64 0.845268 -28.1754 0.000480413
65 0.845268 -28.1754 0.00048041
66 0.845268 -28.1754 0.000480399
67 0.845268 -28.1754 0.000480394
68 0.845268 -28.1754 0.000480386
69 0.845268 -28.1754 0.000480381
70 0.845268 -28.1754 0.000480369
71 0.845268 -28.1754 0.000480366
72 0.845268 -28.1754 0.000480355
73 0.845268 -28.1754 0.000480357
74 0.845268 -28.1754 0.00048035
75 0.845268 -28.1754 0.000480348
76 0.845268 -28.1754 0.000480335
77 0.845268 -28.1754 0.000480338
78 0.845268 -28.1754 0.000480328
79 0.845268 -28.1754 0.00048033
80 0.845268 -28.1754 0.000480322
81 0.845268 -28.1754 0.000480316
82 0.845268 -28.1754 0.000480309
83 0.845268 -28.1754 0.000480311
84 0.845268 -28.1754 0.000480304
85 0.845268 -28.1754 0.000480299
86 0.845268 -28.1754 0.000480299
87 0.845268 -28.1754 0.000480292
88 0.845268 -28.1754 0.00048029
89 0.845268 -28.1754 0.000480286
90 0.845268 -28.1754 0.000480289
91 0.845268 -28.1754 0.000480286
92 0.845268 -28.1754 0.000480281
93 0.845268 -28.1754 0.000480279
94 0.845268 -28.1754 0.000480273
95 0.845268 -28.1754 0.000480274
96 0.845268 -28.1754 0.000480266
97 0.845268 -28.1754 0.000480267
98 0.845268 -28.1754 0.000480262
99 0.845268 -28.1754 0.000480263
Initial energy of the MPS: -0.252753
# DMRG Sweep # Mid bond EE # Energy # Std #
0 0.0364456 14.818 2.75469
1 0.694682 15.7484 0.025079
2 0.694405 15.7499 0.00432366
3 0.693265 15.75 0.000910408
4 0.700545 15.75 0.000455824
5 0.815972 15.75 0.000410955
6 0.924226 15.75 0.000231132
7 0.99099 15.75 0.000485347
8 0.981878 15.75 0.000330645
9 0.990479 15.75 0.000120129
min energy  # max energy
-28.1754 15.75
