Initial energy of the MPS: 0.236026
# DMRG Sweep # Mid bond EE # Energy # Std #
0 0.00578732 -26.7099 5.00426
1 0.765531 -28.1754 0.00434965
2 0.844046 -28.1754 0.000605783
3 0.845252 -28.1754 0.000538685
4 0.845266 -28.1754 0.000511916
5 0.845267 -28.1754 0.000498934
6 0.845268 -28.1754 0.0004925
7 0.845268 -28.1754 0.000488596
8 0.845268 -28.1754 0.00048579
9 0.845268 -28.1754 0.000483856
10 0.845268 -28.1754 0.00048273
11 0.845268 -28.1754 0.000482235
12 0.845268 -28.1754 0.000481993
13 0.845268 -28.1754 0.000481863
14 0.845268 -28.1754 0.000481752
15 0.845268 -28.1754 0.000481682
16 0.845268 -28.1754 0.000481605
17 0.845268 -28.1754 0.000481548
18 0.845268 -28.1754 0.000481485
19 0.845268 -28.1754 0.000481439
20 0.845268 -28.1754 0.000481386
21 0.845268 -28.1754 0.000481346
22 0.845268 -28.1754 0.000481292
23 0.845268 -28.1754 0.000481248
24 0.845268 -28.1754 0.000481196
25 0.845268 -28.1754 0.000481155
26 0.845268 -28.1754 0.000481113
27 0.845268 -28.1754 0.000481081
28 0.845268 -28.1754 0.000481045
29 0.845268 -28.1754 0.000481021
30 0.845268 -28.1754 0.000480985
31 0.845268 -28.1754 0.000480963
32 0.845268 -28.1754 0.000480939
33 0.845268 -28.1754 0.000480918
34 0.845268 -28.1754 0.000480896
35 0.845268 -28.1754 0.000480868
36 0.845268 -28.1754 0.000480848
37 0.845268 -28.1754 0.000480825
38 0.845268 -28.1754 0.000480809
39 0.845268 -28.1754 0.000480785
40 0.845268 -28.1754 0.000480768
41 0.845268 -28.1754 0.000480748
42 0.845268 -28.1754 0.000480729
43 0.845268 -28.1754 0.000480712
44 0.845268 -28.1754 0.000480698
45 0.845268 -28.1754 0.000480678
46 0.845268 -28.1754 0.000480658
47 0.845268 -28.1754 0.000480641
48 0.845268 -28.1754 0.000480626
49 0.845268 -28.1754 0.00048061
50 0.845268 -28.1754 0.000480595
51 0.845268 -28.1754 0.000480582
52 0.845268 -28.1754 0.000480567
53 0.845268 -28.1754 0.000480554
54 0.845268 -28.1754 0.000480542
55 0.845268 -28.1754 0.00048053
56 0.845268 -28.1754 0.000480515
57 0.845268 -28.1754 0.000480506
58 0.845268 -28.1754 0.000480498
59 0.845268 -28.1754 0.000480486
60 0.845268 -28.1754 0.000480477
61 0.845268 -28.1754 0.000480466
62 0.845268 -28.1754 0.000480459
63 0.845268 -28.1754 0.000480449
64 0.845268 -28.1754 0.000480438
65 0.845268 -28.1754 0.000480433
66 0.845268 -28.1754 0.000480421
67 0.845268 -28.1754 0.000480416
68 0.845268 -28.1754 0.000480413
69 0.845268 -28.1754 0.000480408
70 0.845268 -28.1754 0.000480394
71 0.845268 -28.1754 0.000480393
72 0.845268 -28.1754 0.000480387
73 0.845268 -28.1754 0.000480376
74 0.845268 -28.1754 0.000480376
75 0.845268 -28.1754 0.000480369
76 0.845268 -28.1754 0.000480365
77 0.845268 -28.1754 0.000480358
78 0.845268 -28.1754 0.000480354
79 0.845268 -28.1754 0.000480352
80 0.845268 -28.1754 0.000480345
81 0.845268 -28.1754 0.000480338
82 0.845268 -28.1754 0.000480336
83 0.845268 -28.1754 0.000480333
84 0.845268 -28.1754 0.000480331
85 0.845268 -28.1754 0.000480329
86 0.845268 -28.1754 0.000480321
87 0.845268 -28.1754 0.000480321
88 0.845268 -28.1754 0.000480315
89 0.845268 -28.1754 0.000480313
90 0.845268 -28.1754 0.000480308
91 0.845268 -28.1754 0.000480304
92 0.845268 -28.1754 0.000480301
93 0.845268 -28.1754 0.000480297
94 0.845268 -28.1754 0.000480295
95 0.845268 -28.1754 0.000480293
96 0.845268 -28.1754 0.00048029
97 0.845268 -28.1754 0.000480288
98 0.845268 -28.1754 0.000480284
99 0.845268 -28.1754 0.000480281
Initial energy of the MPS: -0.252808
# DMRG Sweep # Mid bond EE # Energy # Std #
0 0.0362294 14.828 2.7597
1 0.69499 15.7484 0.0247254
2 0.697675 15.7499 0.00528536
3 0.697582 15.75 0.00109171
4 0.72927 15.75 0.000747947
5 0.826618 15.75 0.000464487
6 0.872004 15.75 0.000620212
7 0.920048 15.75 0.000310067
8 0.979026 15.75 0.00054987
9 0.973663 15.75 0.000220373
10 1.01279 15.75 0.000181898
11 1.04732 15.75 0.000228
12 1.04033 15.75 0.000453307
13 1.01389 15.7501 0.000367647
14 1.0019 15.7501 0.000210636
15 1.0229 15.7501 0.000203429
16 1.02857 15.7501 0.000329728
17 1.01757 15.7501 0.000359281
18 0.987873 15.7501 0.000255884
19 0.994873 15.7501 0.000242094
20 0.986309 15.7501 0.000287169
21 0.981074 15.7501 0.000284568
22 0.976811 15.7501 0.000299271
23 0.969772 15.7501 0.000313784
24 0.951668 15.7501 0.000284755
25 0.935983 15.7501 0.000278891
26 0.911268 15.7501 0.000248464
27 0.897735 15.7501 0.00023706
28 0.896365 15.7501 0.000203653
29 0.911024 15.7501 0.000199151
30 0.900204 15.7501 0.000219194
31 0.881721 15.7501 0.000226976
32 0.840999 15.7501 0.000210745
33 0.80112 15.7501 0.000264265
34 0.706793 15.7501 0.000354603
35 0.500459 15.7501 0.000147034
min energy  # max energy
-28.1754 15.7501
