Initial energy of the MPS: 0.23607
# DMRG Sweep # Mid bond EE # Energy # Std #
0 0.00578731 -26.7119 5.00469
1 0.765521 -28.1754 0.00434889
2 0.844043 -28.1754 0.000605759
3 0.845251 -28.1754 0.000538703
4 0.845265 -28.1754 0.000511943
5 0.845266 -28.1754 0.000498924
6 0.845267 -28.1754 0.000492462
7 0.845267 -28.1754 0.000488567
8 0.845267 -28.1754 0.000485765
9 0.845267 -28.1754 0.000483822
10 0.845267 -28.1754 0.000482694
11 0.845267 -28.1754 0.0004822
12 0.845267 -28.1754 0.000481954
13 0.845267 -28.1754 0.000481821
14 0.845267 -28.1754 0.00048171
15 0.845267 -28.1754 0.000481633
16 0.845267 -28.1754 0.000481555
17 0.845267 -28.1754 0.000481498
18 0.845267 -28.1754 0.000481433
19 0.845267 -28.1754 0.000481384
20 0.845267 -28.1754 0.000481329
21 0.845267 -28.1754 0.000481281
22 0.845267 -28.1754 0.000481228
23 0.845267 -28.1754 0.000481181
24 0.845267 -28.1754 0.000481132
25 0.845267 -28.1754 0.000481089
26 0.845267 -28.1754 0.000481044
27 0.845267 -28.1754 0.000481012
28 0.845267 -28.1754 0.000480973
29 0.845267 -28.1754 0.000480946
30 0.845267 -28.1754 0.000480917
31 0.845267 -28.1754 0.000480893
32 0.845267 -28.1754 0.000480866
33 0.845267 -28.1754 0.000480843
34 0.845267 -28.1754 0.00048082
35 0.845267 -28.1754 0.000480796
36 0.845267 -28.1754 0.000480776
37 0.845267 -28.1754 0.00048076
38 0.845267 -28.1754 0.000480735
39 0.845267 -28.1754 0.000480719
40 0.845267 -28.1754 0.000480699
41 0.845267 -28.1754 0.000480683
42 0.845267 -28.1754 0.000480662
43 0.845267 -28.1754 0.000480645
44 0.845267 -28.1754 0.00048063
45 0.845267 -28.1754 0.000480614
46 0.845267 -28.1754 0.000480597
47 0.845267 -28.1754 0.000480584
48 0.845267 -28.1754 0.000480574
49 0.845267 -28.1754 0.000480557
50 0.845267 -28.1754 0.000480541
51 0.845267 -28.1754 0.000480527
52 0.845267 -28.1754 0.000480514
53 0.845267 -28.1754 0.000480506
54 0.845267 -28.1754 0.000480484
55 0.845267 -28.1754 0.000480477
56 0.845267 -28.1754 0.000480464
57 0.845267 -28.1754 0.000480455
58 0.845267 -28.1754 0.000480444
59 0.845267 -28.1754 0.000480436
60 0.845267 -28.1754 0.000480425
61 0.845267 -28.1754 0.000480415
62 0.845267 -28.1754 0.000480406
63 0.845267 -28.1754 0.000480397
64 0.845267 -28.1754 0.000480387
65 0.845267 -28.1754 0.000480385
66 0.845267 -28.1754 0.000480369
67 0.845267 -28.1754 0.000480365
68 0.845267 -28.1754 0.000480358
69 0.845267 -28.1754 0.000480351
70 0.845267 -28.1754 0.000480345
71 0.845267 -28.1754 0.000480336
72 0.845267 -28.1754 0.000480331
73 0.845267 -28.1754 0.000480329
74 0.845267 -28.1754 0.000480317
75 0.845267 -28.1754 0.000480313
76 0.845267 -28.1754 0.000480308
77 0.845267 -28.1754 0.000480305
78 0.845267 -28.1754 0.000480296
79 0.845267 -28.1754 0.000480292
80 0.845267 -28.1754 0.000480289
81 0.845267 -28.1754 0.000480284
82 0.845267 -28.1754 0.000480277
83 0.845267 -28.1754 0.000480275
84 0.845267 -28.1754 0.000480268
85 0.845267 -28.1754 0.000480266
86 0.845267 -28.1754 0.000480261
87 0.845267 -28.1754 0.000480259
88 0.845267 -28.1754 0.000480252
89 0.845267 -28.1754 0.000480251
90 0.845267 -28.1754 0.000480246
91 0.845267 -28.1754 0.000480244
92 0.845267 -28.1754 0.000480236
93 0.845267 -28.1754 0.000480234
94 0.845267 -28.1754 0.000480229
95 0.845267 -28.1754 0.000480229
96 0.845267 -28.1754 0.000480223
97 0.845267 -28.1754 0.000480223
98 0.845267 -28.1754 0.000480217
99 0.845267 -28.1754 0.000480216
Initial energy of the MPS: -0.252804
# DMRG Sweep # Mid bond EE # Energy # Std #
0 0.0360445 14.8308 2.75852
1 0.694174 15.7486 0.0231105
2 0.696576 15.7499 0.00471442
3 0.694847 15.75 0.000951845
4 0.702402 15.75 0.00066883
5 0.793897 15.7501 0.000314727
6 0.893169 15.7501 0.000588289
7 0.899834 15.7501 0.000327341
8 0.946783 15.7501 0.000279552
9 0.976925 15.7501 0.000294792
10 0.983436 15.7501 0.000533657
11 0.950908 15.7501 0.000148781
min energy  # max energy
-28.1754 15.7501
