Initial energy of the MPS: 0.235982
# DMRG Sweep # Mid bond EE # Energy # Std #
0 0.00578733 -26.7123 5.00484
1 0.76554 -28.1754 0.00434776
2 0.844046 -28.1754 0.000605765
3 0.845252 -28.1754 0.000538614
4 0.845265 -28.1754 0.000511831
5 0.845267 -28.1754 0.000498864
6 0.845267 -28.1754 0.000492412
7 0.845268 -28.1754 0.000488503
8 0.845268 -28.1754 0.000485811
9 0.845268 -28.1754 0.000483978
10 0.845268 -28.1754 0.0004828
11 0.845268 -28.1754 0.00048225
12 0.845268 -28.1754 0.000481979
13 0.845268 -28.1754 0.000481839
14 0.845268 -28.1754 0.000481726
15 0.845268 -28.1754 0.000481647
16 0.845268 -28.1754 0.000481566
17 0.845268 -28.1754 0.000481512
18 0.845268 -28.1754 0.000481449
19 0.845268 -28.1754 0.000481402
20 0.845268 -28.1754 0.000481347
21 0.845268 -28.1754 0.000481302
22 0.845268 -28.1754 0.000481254
23 0.845268 -28.1754 0.000481213
24 0.845268 -28.1754 0.000481158
25 0.845268 -28.1754 0.000481112
26 0.845268 -28.1754 0.000481074
27 0.845268 -28.1754 0.000481035
28 0.845268 -28.1754 0.000481003
29 0.845268 -28.1754 0.000480973
30 0.845268 -28.1754 0.000480948
31 0.845268 -28.1754 0.000480915
32 0.845268 -28.1754 0.000480895
33 0.845268 -28.1754 0.000480869
34 0.845268 -28.1754 0.000480848
35 0.845268 -28.1754 0.000480823
36 0.845268 -28.1754 0.000480802
37 0.845268 -28.1754 0.000480781
38 0.845268 -28.1754 0.000480761
39 0.845268 -28.1754 0.000480741
40 0.845268 -28.1754 0.00048072
41 0.845268 -28.1754 0.000480704
42 0.845268 -28.1754 0.000480684
43 0.845268 -28.1754 0.000480668
44 0.845268 -28.1754 0.000480644
45 0.845268 -28.1754 0.000480633
46 0.845268 -28.1754 0.000480608
47 0.845268 -28.1754 0.000480597
48 0.845268 -28.1754 0.000480579
49 0.845268 -28.1754 0.000480564
50 0.845268 -28.1754 0.000480546
51 0.845268 -28.1754 0.000480536
52 0.845268 -28.1754 0.000480517
53 0.845268 -28.1754 0.000480507
54 0.845268 -28.1754 0.000480489
55 0.845268 -28.1754 0.000480483
56 0.845268 -28.1754 0.000480464
57 0.845268 -28.1754 0.000480459
58 0.845268 -28.1754 0.000480444
59 0.845268 -28.1754 0.000480435
60 0.845268 -28.1754 0.000480422
61 0.845268 -28.1754 0.000480413
62 0.845268 -28.1754 0.000480402
63 0.845268 -28.1754 0.000480391
64 0.845268 -28.1754 0.000480387
65 0.845268 -28.1754 0.000480379
66 0.845268 -28.1754 0.000480372
67 0.845268 -28.1754 0.000480359
68 0.845268 -28.1754 0.00048036
69 0.845268 -28.1754 0.000480348
70 0.845268 -28.1754 0.000480341
71 0.845268 -28.1754 0.000480335
72 0.845268 -28.1754 0.000480329
73 0.845268 -28.1754 0.000480326
74 0.845268 -28.1754 0.000480318
75 0.845268 -28.1754 0.000480311
76 0.845268 -28.1754 0.000480309
77 0.845268 -28.1754 0.000480301
78 0.845268 -28.1754 0.000480297
79 0.845268 -28.1754 0.000480291
80 0.845268 -28.1754 0.000480289
81 0.845268 -28.1754 0.000480285
82 0.845268 -28.1754 0.00048028
83 0.845268 -28.1754 0.000480275
84 0.845268 -28.1754 0.000480274
85 0.845268 -28.1754 0.000480265
86 0.845268 -28.1754 0.000480266
87 0.845268 -28.1754 0.000480263
88 0.845268 -28.1754 0.000480257
89 0.845268 -28.1754 0.000480254
90 0.845268 -28.1754 0.000480251
91 0.845268 -28.1754 0.00048025
92 0.845268 -28.1754 0.000480245
93 0.845268 -28.1754 0.000480241
94 0.845268 -28.1754 0.00048024
95 0.845268 -28.1754 0.000480235
96 0.845268 -28.1754 0.000480235
97 0.845268 -28.1754 0.000480229
98 0.845268 -28.1754 0.000480226
99 0.845268 -28.1754 0.000480224
Initial energy of the MPS: -0.252815
# DMRG Sweep # Mid bond EE # Energy # Std #
0 0.0366796 14.8216 2.75748
1 0.694885 15.7486 0.0254561
2 0.694857 15.7499 0.00473427
3 0.697045 15.75 0.000681355
4 0.696616 15.75 0.000464353
5 0.706096 15.75 0.000232954
6 0.745156 15.75 0.000246272
7 0.767709 15.75 0.000152901
8 0.818961 15.75 0.000161129
9 0.886185 15.75 0.000167203
10 0.914485 15.75 0.000269892
11 0.887356 15.75 0.00010107
min energy  # max energy
-28.1754 15.75
