Initial energy of the MPS: 0.23604
# DMRG Sweep # Mid bond EE # Energy # Std #
0 0.00578733 -26.7123 5.00478
1 0.76554 -28.1754 0.00434886
2 0.844047 -28.1754 0.000605794
3 0.845252 -28.1754 0.000538704
4 0.845265 -28.1754 0.000511887
5 0.845267 -28.1754 0.000498857
6 0.845267 -28.1754 0.000492335
7 0.845267 -28.1754 0.000488343
8 0.845267 -28.1754 0.000485608
9 0.845268 -28.1754 0.000483821
10 0.845268 -28.1754 0.000482743
11 0.845268 -28.1754 0.000482251
12 0.845268 -28.1754 0.000482005
13 0.845268 -28.1754 0.000481871
14 0.845268 -28.1754 0.000481765
15 0.845268 -28.1754 0.00048169
16 0.845268 -28.1754 0.000481611
17 0.845268 -28.1754 0.000481554
18 0.845268 -28.1754 0.000481491
19 0.845268 -28.1754 0.000481446
20 0.845268 -28.1754 0.000481387
21 0.845268 -28.1754 0.000481349
22 0.845268 -28.1754 0.000481298
23 0.845268 -28.1754 0.000481254
24 0.845268 -28.1754 0.000481202
25 0.845268 -28.1754 0.000481163
26 0.845268 -28.1754 0.000481123
27 0.845268 -28.1754 0.000481086
28 0.845268 -28.1754 0.000481049
29 0.845268 -28.1754 0.000481022
30 0.845268 -28.1754 0.000480991
31 0.845268 -28.1754 0.000480969
32 0.845268 -28.1754 0.000480937
33 0.845268 -28.1754 0.000480917
34 0.845268 -28.1754 0.000480889
35 0.845268 -28.1754 0.000480873
36 0.845268 -28.1754 0.000480846
37 0.845268 -28.1754 0.000480829
38 0.845268 -28.1754 0.000480806
39 0.845268 -28.1754 0.000480787
40 0.845268 -28.1754 0.000480765
41 0.845268 -28.1754 0.000480747
42 0.845268 -28.1754 0.000480725
43 0.845268 -28.1754 0.000480709
44 0.845268 -28.1754 0.000480694
45 0.845268 -28.1754 0.000480675
46 0.845268 -28.1754 0.000480653
47 0.845268 -28.1754 0.00048064
48 0.845268 -28.1754 0.000480621
49 0.845268 -28.1754 0.000480611
50 0.845268 -28.1754 0.000480593
51 0.845268 -28.1754 0.000480576
52 0.845268 -28.1754 0.000480558
53 0.845268 -28.1754 0.000480553
54 0.845268 -28.1754 0.000480533
55 0.845268 -28.1754 0.000480526
56 0.845268 -28.1754 0.000480508
57 0.845268 -28.1754 0.000480499
58 0.845268 -28.1754 0.00048048
59 0.845268 -28.1754 0.000480479
60 0.845268 -28.1754 0.000480464
61 0.845268 -28.1754 0.000480453
62 0.845268 -28.1754 0.000480445
63 0.845268 -28.1754 0.000480438
64 0.845268 -28.1754 0.000480429
65 0.845268 -28.1754 0.000480418
66 0.845268 -28.1754 0.000480412
67 0.845268 -28.1754 0.000480406
68 0.845268 -28.1754 0.000480396
69 0.845268 -28.1754 0.000480396
70 0.845268 -28.1754 0.000480385
71 0.845268 -28.1754 0.00048038
72 0.845268 -28.1754 0.000480377
73 0.845268 -28.1754 0.00048037
74 0.845268 -28.1754 0.000480366
75 0.845268 -28.1754 0.00048036
76 0.845268 -28.1754 0.000480349
77 0.845268 -28.1754 0.000480348
78 0.845268 -28.1754 0.000480343
79 0.845268 -28.1754 0.000480339
80 0.845268 -28.1754 0.000480331
81 0.845268 -28.1754 0.000480334
82 0.845268 -28.1754 0.000480325
83 0.845268 -28.1754 0.000480325
84 0.845268 -28.1754 0.000480319
85 0.845268 -28.1754 0.000480318
86 0.845268 -28.1754 0.000480312
87 0.845268 -28.1754 0.000480309
88 0.845268 -28.1754 0.000480307
89 0.845268 -28.1754 0.000480302
90 0.845268 -28.1754 0.000480298
91 0.845268 -28.1754 0.000480297
92 0.845268 -28.1754 0.000480293
93 0.845268 -28.1754 0.000480292
94 0.845268 -28.1754 0.00048029
95 0.845268 -28.1754 0.000480283
96 0.845268 -28.1754 0.000480279
97 0.845268 -28.1754 0.00048028
98 0.845268 -28.1754 0.000480279
99 0.845268 -28.1754 0.000480274
Initial energy of the MPS: -0.252816
# DMRG Sweep # Mid bond EE # Energy # Std #
0 0.0362489 14.8177 2.75745
1 0.695622 15.7485 0.0249551
2 0.694222 15.75 0.00554697
3 0.693938 15.7501 0.00117514
4 0.717251 15.7501 0.00074624
5 0.796571 15.7501 0.00038419
6 0.890996 15.7501 0.000521083
7 0.923854 15.7501 0.00053382
8 0.920527 15.7501 0.000331749
9 0.96464 15.7501 0.00037538
10 0.965207 15.7501 0.000596327
11 0.944124 15.7501 0.000164123
12 0.970872 15.7501 0.000191728
13 0.971337 15.7502 0.000297364
14 0.964645 15.7502 0.00038111
15 0.938997 15.7502 0.000393167
16 0.926114 15.7502 0.000254531
17 0.919741 15.7502 0.00021659
18 0.917713 15.7502 0.000261692
19 0.904572 15.7502 0.00027215
20 0.889193 15.7502 0.000322096
21 0.85353 15.7502 0.000306885
22 0.813151 15.7502 0.000334011
23 0.733188 15.7502 0.000402758
24 0.547764 15.7502 0.000269529
25 0.32314 15.7502 0.000186522
26 0.161624 15.7502 0.000118944
min energy  # max energy
-28.1754 15.7502
