Initial energy of the MPS: 0.236093
# DMRG Sweep # Mid bond EE # Energy # Std #
0 0.00578731 -26.7107 5.00447
1 0.765518 -28.1754 0.00435006
2 0.844046 -28.1754 0.000605772
3 0.845252 -28.1754 0.000538706
4 0.845266 -28.1754 0.00051194
5 0.845267 -28.1754 0.000498962
6 0.845268 -28.1754 0.000492556
7 0.845268 -28.1754 0.000488676
8 0.845268 -28.1754 0.000485834
9 0.845268 -28.1754 0.000483839
10 0.845268 -28.1754 0.000482698
11 0.845268 -28.1754 0.000482217
12 0.845268 -28.1754 0.000481973
13 0.845268 -28.1754 0.000481845
14 0.845268 -28.1754 0.000481733
15 0.845268 -28.1754 0.000481658
16 0.845268 -28.1754 0.000481582
17 0.845268 -28.1754 0.000481521
18 0.845268 -28.1754 0.000481466
19 0.845268 -28.1754 0.000481414
20 0.845268 -28.1754 0.000481354
21 0.845268 -28.1754 0.000481317
22 0.845268 -28.1754 0.000481265
23 0.845268 -28.1754 0.000481218
24 0.845268 -28.1754 0.000481164
25 0.845268 -28.1754 0.00048113
26 0.845268 -28.1754 0.000481085
27 0.845268 -28.1754 0.000481053
28 0.845268 -28.1754 0.000481019
29 0.845268 -28.1754 0.00048099
30 0.845268 -28.1754 0.000480959
31 0.845268 -28.1754 0.000480938
32 0.845268 -28.1754 0.000480905
33 0.845268 -28.1754 0.00048088
34 0.845268 -28.1754 0.000480857
35 0.845268 -28.1754 0.000480839
36 0.845268 -28.1754 0.000480816
37 0.845268 -28.1754 0.000480799
38 0.845268 -28.1754 0.000480774
39 0.845268 -28.1754 0.000480759
40 0.845268 -28.1754 0.000480736
41 0.845268 -28.1754 0.000480728
42 0.845268 -28.1754 0.000480702
43 0.845268 -28.1754 0.000480684
44 0.845268 -28.1754 0.000480669
45 0.845268 -28.1754 0.000480653
46 0.845268 -28.1754 0.000480633
47 0.845268 -28.1754 0.000480619
48 0.845268 -28.1754 0.0004806
49 0.845268 -28.1754 0.000480592
50 0.845268 -28.1754 0.000480573
51 0.845268 -28.1754 0.000480562
52 0.845268 -28.1754 0.000480545
53 0.845268 -28.1754 0.000480537
54 0.845268 -28.1754 0.000480517
55 0.845268 -28.1754 0.000480515
56 0.845268 -28.1754 0.000480498
57 0.845268 -28.1754 0.000480493
58 0.845268 -28.1754 0.000480474
59 0.845268 -28.1754 0.000480473
60 0.845268 -28.1754 0.00048046
61 0.845268 -28.1754 0.000480452
62 0.845268 -28.1754 0.000480439
63 0.845268 -28.1754 0.000480436
64 0.845268 -28.1754 0.000480425
65 0.845268 -28.1754 0.000480417
66 0.845268 -28.1754 0.000480406
67 0.845268 -28.1754 0.000480405
68 0.845268 -28.1754 0.000480396
69 0.845268 -28.1754 0.000480393
70 0.845268 -28.1754 0.000480384
71 0.845268 -28.1754 0.000480373
72 0.845268 -28.1754 0.000480375
73 0.845268 -28.1754 0.000480365
74 0.845268 -28.1754 0.000480362
75 0.845268 -28.1754 0.000480353
76 0.845268 -28.1754 0.000480348
77 0.845268 -28.1754 0.000480345
78 0.845268 -28.1754 0.000480338
79 0.845268 -28.1754 0.000480337
80 0.845268 -28.1754 0.000480327
81 0.845268 -28.1754 0.000480329
82 0.845268 -28.1754 0.000480323
83 0.845268 -28.1754 0.000480318
84 0.845268 -28.1754 0.000480314
85 0.845268 -28.1754 0.00048031
86 0.845268 -28.1754 0.000480304
87 0.845268 -28.1754 0.0004803
88 0.845268 -28.1754 0.0004803
89 0.845268 -28.1754 0.000480296
90 0.845268 -28.1754 0.000480293
91 0.845268 -28.1754 0.000480293
92 0.845268 -28.1754 0.000480283
93 0.845268 -28.1754 0.000480282
94 0.845268 -28.1754 0.000480275
95 0.845268 -28.1754 0.000480271
96 0.845268 -28.1754 0.000480271
97 0.845268 -28.1754 0.000480265
98 0.845268 -28.1754 0.000480261
99 0.845268 -28.1754 0.000480259
Initial energy of the MPS: -0.252734
# DMRG Sweep # Mid bond EE # Energy # Std #
0 0.0369422 14.8074 2.76399
1 0.694143 15.7484 0.025651
2 0.696637 15.7499 0.00469297
3 0.695643 15.75 0.00061918
4 0.703864 15.75 0.000709662
5 0.809148 15.75 0.000417524
6 0.827305 15.75 0.00014241
min energy  # max energy
-28.1754 15.75
