Initial energy of the MPS: 0.236076
# DMRG Sweep # Mid bond EE # Energy # Std #
0 0.00578734 -26.7102 5.00438
1 0.76553 -28.1754 0.00434967
2 0.844046 -28.1754 0.000605761
3 0.845252 -28.1754 0.000538708
4 0.845265 -28.1754 0.000511925
5 0.845267 -28.1754 0.000498891
6 0.845267 -28.1754 0.000492383
7 0.845268 -28.1754 0.000488408
8 0.845268 -28.1754 0.000485605
9 0.845268 -28.1754 0.000483763
10 0.845268 -28.1754 0.000482692
11 0.845268 -28.1754 0.00048222
12 0.845268 -28.1754 0.00048198
13 0.845268 -28.1754 0.000481848
14 0.845268 -28.1754 0.000481739
15 0.845268 -28.1754 0.000481668
16 0.845268 -28.1754 0.00048159
17 0.845268 -28.1754 0.000481536
18 0.845268 -28.1754 0.000481477
19 0.845268 -28.1754 0.000481426
20 0.845268 -28.1754 0.00048137
21 0.845268 -28.1754 0.00048133
22 0.845268 -28.1754 0.000481276
23 0.845268 -28.1754 0.000481238
24 0.845268 -28.1754 0.000481187
25 0.845268 -28.1754 0.000481147
26 0.845268 -28.1754 0.000481104
27 0.845268 -28.1754 0.00048107
28 0.845268 -28.1754 0.000481031
29 0.845268 -28.1754 0.000481003
30 0.845268 -28.1754 0.000480971
31 0.845268 -28.1754 0.000480949
32 0.845268 -28.1754 0.000480919
33 0.845268 -28.1754 0.000480899
34 0.845268 -28.1754 0.000480876
35 0.845268 -28.1754 0.000480852
36 0.845268 -28.1754 0.00048083
37 0.845268 -28.1754 0.000480814
38 0.845268 -28.1754 0.000480788
39 0.845268 -28.1754 0.000480771
40 0.845268 -28.1754 0.000480751
41 0.845268 -28.1754 0.000480733
42 0.845268 -28.1754 0.000480715
43 0.845268 -28.1754 0.000480703
44 0.845268 -28.1754 0.00048068
45 0.845268 -28.1754 0.000480665
46 0.845268 -28.1754 0.000480652
47 0.845268 -28.1754 0.000480635
48 0.845268 -28.1754 0.000480614
49 0.845268 -28.1754 0.000480603
50 0.845268 -28.1754 0.000480586
51 0.845268 -28.1754 0.000480573
52 0.845268 -28.1754 0.000480558
53 0.845268 -28.1754 0.000480547
54 0.845268 -28.1754 0.000480533
55 0.845268 -28.1754 0.000480524
56 0.845268 -28.1754 0.000480509
57 0.845268 -28.1754 0.000480501
58 0.845268 -28.1754 0.000480486
59 0.845268 -28.1754 0.000480481
60 0.845268 -28.1754 0.000480469
61 0.845268 -28.1754 0.000480463
62 0.845268 -28.1754 0.000480448
63 0.845268 -28.1754 0.000480447
64 0.845268 -28.1754 0.000480434
65 0.845268 -28.1754 0.000480427
66 0.845268 -28.1754 0.000480418
67 0.845268 -28.1754 0.000480415
68 0.845268 -28.1754 0.000480403
69 0.845268 -28.1754 0.0004804
70 0.845268 -28.1754 0.000480395
71 0.845268 -28.1754 0.000480386
72 0.845268 -28.1754 0.000480378
73 0.845268 -28.1754 0.000480376
74 0.845268 -28.1754 0.000480367
75 0.845268 -28.1754 0.000480365
76 0.845268 -28.1754 0.00048036
77 0.845268 -28.1754 0.00048036
78 0.845268 -28.1754 0.000480347
79 0.845268 -28.1754 0.000480347
80 0.845268 -28.1754 0.000480336
81 0.845268 -28.1754 0.000480338
82 0.845268 -28.1754 0.000480331
83 0.845268 -28.1754 0.000480329
84 0.845268 -28.1754 0.000480328
85 0.845268 -28.1754 0.000480324
86 0.845268 -28.1754 0.000480315
87 0.845268 -28.1754 0.000480317
88 0.845268 -28.1754 0.000480311
89 0.845268 -28.1754 0.000480307
90 0.845268 -28.1754 0.000480304
91 0.845268 -28.1754 0.0004803
92 0.845268 -28.1754 0.000480293
93 0.845268 -28.1754 0.000480297
94 0.845268 -28.1754 0.000480287
95 0.845268 -28.1754 0.000480288
96 0.845268 -28.1754 0.000480281
97 0.845268 -28.1754 0.00048028
98 0.845268 -28.1754 0.000480278
99 0.845268 -28.1754 0.000480274
Initial energy of the MPS: -0.252759
# DMRG Sweep # Mid bond EE # Energy # Std #
0 0.0367031 14.829 2.75539
1 0.694673 15.7484 0.0258453
2 0.694226 15.7499 0.00474139
3 0.693852 15.75 0.00054822
4 0.695485 15.75 0.000649189
5 0.755564 15.75 0.000332575
6 0.869409 15.75 0.000149816
min energy  # max energy
-28.1754 15.75
