Initial energy of the MPS: 0.236009
# DMRG Sweep # Mid bond EE # Energy # Std #
0 0.00578735 -26.7114 5.00461
1 0.76554 -28.1754 0.00434862
2 0.844046 -28.1754 0.000605799
3 0.845252 -28.1754 0.000538705
4 0.845266 -28.1754 0.000511908
5 0.845267 -28.1754 0.000498851
6 0.845268 -28.1754 0.000492303
7 0.845268 -28.1754 0.000488335
8 0.845268 -28.1754 0.000485651
9 0.845268 -28.1754 0.000483886
10 0.845268 -28.1754 0.000482777
11 0.845268 -28.1754 0.000482264
12 0.845268 -28.1754 0.000482011
13 0.845268 -28.1754 0.000481872
14 0.845268 -28.1754 0.00048176
15 0.845268 -28.1754 0.000481688
16 0.845268 -28.1754 0.00048161
17 0.845268 -28.1754 0.000481554
18 0.845268 -28.1754 0.000481488
19 0.845268 -28.1754 0.000481446
20 0.845268 -28.1754 0.000481386
21 0.845268 -28.1754 0.000481349
22 0.845268 -28.1754 0.000481291
23 0.845268 -28.1754 0.000481246
24 0.845268 -28.1754 0.000481193
25 0.845268 -28.1754 0.000481153
26 0.845268 -28.1754 0.000481107
27 0.845268 -28.1754 0.000481077
28 0.845268 -28.1754 0.000481039
29 0.845268 -28.1754 0.000481009
30 0.845268 -28.1754 0.000480976
31 0.845268 -28.1754 0.000480953
32 0.845268 -28.1754 0.000480925
33 0.845268 -28.1754 0.000480901
34 0.845268 -28.1754 0.000480874
35 0.845268 -28.1754 0.000480854
36 0.845268 -28.1754 0.000480829
37 0.845268 -28.1754 0.000480811
38 0.845268 -28.1754 0.000480788
39 0.845268 -28.1754 0.000480767
40 0.845268 -28.1754 0.000480749
41 0.845268 -28.1754 0.000480732
42 0.845268 -28.1754 0.000480712
43 0.845268 -28.1754 0.000480697
44 0.845268 -28.1754 0.000480674
45 0.845268 -28.1754 0.00048066
46 0.845268 -28.1754 0.000480641
47 0.845268 -28.1754 0.000480628
48 0.845268 -28.1754 0.00048061
49 0.845268 -28.1754 0.000480598
50 0.845268 -28.1754 0.000480579
51 0.845268 -28.1754 0.000480568
52 0.845268 -28.1754 0.000480553
53 0.845268 -28.1754 0.000480542
54 0.845268 -28.1754 0.000480527
55 0.845268 -28.1754 0.000480522
56 0.845268 -28.1754 0.000480504
57 0.845268 -28.1754 0.000480497
58 0.845268 -28.1754 0.000480483
59 0.845268 -28.1754 0.000480479
60 0.845268 -28.1754 0.000480468
61 0.845268 -28.1754 0.000480459
62 0.845268 -28.1754 0.000480451
63 0.845268 -28.1754 0.000480439
64 0.845268 -28.1754 0.000480434
65 0.845268 -28.1754 0.000480426
66 0.845268 -28.1754 0.000480422
67 0.845268 -28.1754 0.000480415
68 0.845268 -28.1754 0.000480407
69 0.845268 -28.1754 0.000480402
70 0.845268 -28.1754 0.000480392
71 0.845268 -28.1754 0.000480385
72 0.845268 -28.1754 0.000480383
73 0.845268 -28.1754 0.000480378
74 0.845268 -28.1754 0.000480372
75 0.845268 -28.1754 0.000480365
76 0.845268 -28.1754 0.00048036
77 0.845268 -28.1754 0.000480358
78 0.845268 -28.1754 0.000480349
79 0.845268 -28.1754 0.000480345
80 0.845268 -28.1754 0.000480344
81 0.845268 -28.1754 0.000480346
82 0.845268 -28.1754 0.000480338
83 0.845268 -28.1754 0.000480334
84 0.845268 -28.1754 0.000480331
85 0.845268 -28.1754 0.00048032
86 0.845268 -28.1754 0.00048032
87 0.845268 -28.1754 0.000480318
88 0.845268 -28.1754 0.000480314
89 0.845268 -28.1754 0.000480315
90 0.845268 -28.1754 0.000480307
91 0.845268 -28.1754 0.000480306
92 0.845268 -28.1754 0.000480299
93 0.845268 -28.1754 0.000480301
94 0.845268 -28.1754 0.000480293
95 0.845268 -28.1754 0.000480293
96 0.845268 -28.1754 0.000480291
97 0.845268 -28.1754 0.000480289
98 0.845268 -28.1754 0.000480282
99 0.845268 -28.1754 0.000480284
Initial energy of the MPS: -0.252834
# DMRG Sweep # Mid bond EE # Energy # Std #
0 0.0362184 14.8269 2.75784
1 0.695081 15.7488 0.0260577
2 0.693776 15.75 0.00459551
3 0.6934 15.75 0.00107987
4 0.700207 15.75 0.000673682
5 0.786169 15.7501 0.000322998
6 0.837148 15.7501 0.000184127
7 0.92333 15.7501 0.000169694
8 0.93598 15.7501 0.000519259
9 0.919663 15.7501 0.000236728
10 0.923647 15.7501 0.000105414
min energy  # max energy
-28.1754 15.7501
