Initial energy of the MPS: 0.236099
# DMRG Sweep # Mid bond EE # Energy # Std #
0 0.00578746 -26.7102 5.00436
1 0.765551 -28.1754 0.00434777
2 0.844048 -28.1754 0.000605755
3 0.845252 -28.1754 0.000538666
4 0.845265 -28.1754 0.000511837
5 0.845267 -28.1754 0.000498745
6 0.845267 -28.1754 0.000492132
7 0.845268 -28.1754 0.00048813
8 0.845268 -28.1754 0.000485566
9 0.845268 -28.1754 0.000483908
10 0.845268 -28.1754 0.000482809
11 0.845268 -28.1754 0.000482273
12 0.845268 -28.1754 0.000482005
13 0.845268 -28.1754 0.000481864
14 0.845268 -28.1754 0.000481754
15 0.845268 -28.1754 0.000481676
16 0.845268 -28.1754 0.000481608
17 0.845268 -28.1754 0.000481545
18 0.845268 -28.1754 0.000481483
19 0.845268 -28.1754 0.00048143
20 0.845268 -28.1754 0.000481376
21 0.845268 -28.1754 0.000481331
22 0.845268 -28.1754 0.000481284
23 0.845268 -28.1754 0.00048124
24 0.845268 -28.1754 0.000481196
25 0.845268 -28.1754 0.000481149
26 0.845268 -28.1754 0.000481102
27 0.845268 -28.1754 0.000481068
28 0.845268 -28.1754 0.000481034
29 0.845268 -28.1754 0.000481005
30 0.845268 -28.1754 0.000480971
31 0.845268 -28.1754 0.000480947
32 0.845268 -28.1754 0.000480916
33 0.845268 -28.1754 0.000480897
34 0.845268 -28.1754 0.00048087
35 0.845268 -28.1754 0.000480851
36 0.845268 -28.1754 0.000480821
37 0.845268 -28.1754 0.000480805
38 0.845268 -28.1754 0.000480778
39 0.845268 -28.1754 0.000480763
40 0.845268 -28.1754 0.00048074
41 0.845268 -28.1754 0.000480725
42 0.845268 -28.1754 0.000480703
43 0.845268 -28.1754 0.000480684
44 0.845268 -28.1754 0.000480665
45 0.845268 -28.1754 0.000480651
46 0.845268 -28.1754 0.000480629
47 0.845268 -28.1754 0.000480618
48 0.845268 -28.1754 0.0004806
49 0.845268 -28.1754 0.000480592
50 0.845268 -28.1754 0.000480571
51 0.845268 -28.1754 0.000480561
52 0.845268 -28.1754 0.000480542
53 0.845268 -28.1754 0.000480537
54 0.845268 -28.1754 0.000480515
55 0.845268 -28.1754 0.000480508
56 0.845268 -28.1754 0.000480492
57 0.845268 -28.1754 0.000480485
58 0.845268 -28.1754 0.000480474
59 0.845268 -28.1754 0.000480466
60 0.845268 -28.1754 0.000480448
61 0.845268 -28.1754 0.000480446
62 0.845268 -28.1754 0.000480432
63 0.845268 -28.1754 0.000480427
64 0.845268 -28.1754 0.000480419
65 0.845268 -28.1754 0.000480413
66 0.845268 -28.1754 0.000480396
67 0.845268 -28.1754 0.000480397
68 0.845268 -28.1754 0.000480385
69 0.845268 -28.1754 0.000480383
70 0.845268 -28.1754 0.000480374
71 0.845268 -28.1754 0.000480371
72 0.845268 -28.1754 0.000480363
73 0.845268 -28.1754 0.000480361
74 0.845268 -28.1754 0.000480353
75 0.845268 -28.1754 0.000480351
76 0.845268 -28.1754 0.000480341
77 0.845268 -28.1754 0.00048034
78 0.845268 -28.1754 0.000480334
79 0.845268 -28.1754 0.000480332
80 0.845268 -28.1754 0.000480323
81 0.845268 -28.1754 0.000480323
82 0.845268 -28.1754 0.000480315
83 0.845268 -28.1754 0.000480318
84 0.845268 -28.1754 0.000480308
85 0.845268 -28.1754 0.000480307
86 0.845268 -28.1754 0.000480304
87 0.845268 -28.1754 0.000480304
88 0.845268 -28.1754 0.000480296
89 0.845268 -28.1754 0.000480296
90 0.845268 -28.1754 0.000480289
91 0.845268 -28.1754 0.000480291
92 0.845268 -28.1754 0.000480286
93 0.845268 -28.1754 0.000480285
94 0.845268 -28.1754 0.000480278
95 0.845268 -28.1754 0.000480276
96 0.845268 -28.1754 0.000480276
97 0.845268 -28.1754 0.000480269
98 0.845268 -28.1754 0.000480268
99 0.845268 -28.1754 0.000480269
Initial energy of the MPS: -0.25277
# DMRG Sweep # Mid bond EE # Energy # Std #
0 0.0365952 14.8194 2.75585
1 0.694717 15.7487 0.0227205
2 0.696397 15.75 0.00448241
3 0.695614 15.7502 0.00269133
4 0.768582 15.7502 0.0014046
5 0.862228 15.7503 0.0012264
6 0.906762 15.7503 0.000479412
7 0.933658 15.7503 0.000822955
8 0.938885 15.7504 0.000521914
9 0.944186 15.7504 0.000448874
10 0.9474 15.7504 0.000532755
11 0.940872 15.7504 0.000791143
12 0.916789 15.7504 0.00069331
13 0.899793 15.7505 0.000700583
14 0.856276 15.7505 0.000873076
15 0.705338 15.7505 0.00118036
16 0.184518 15.7505 0.000378205
17 0.0633222 15.7505 0.000147609
min energy  # max energy
-28.1754 15.7505
