Initial energy of the MPS: 0.236097
# DMRG Sweep # Mid bond EE # Energy # Std #
0 0.00578737 -26.712 5.00468
1 0.765551 -28.1754 0.00434871
2 0.844048 -28.1754 0.000605818
3 0.845252 -28.1754 0.000538639
4 0.845265 -28.1754 0.000511829
5 0.845267 -28.1754 0.000498871
6 0.845267 -28.1754 0.000492414
7 0.845267 -28.1754 0.000488495
8 0.845267 -28.1754 0.00048583
9 0.845268 -28.1754 0.000484045
10 0.845268 -28.1754 0.000482871
11 0.845268 -28.1754 0.000482311
12 0.845268 -28.1754 0.000482037
13 0.845268 -28.1754 0.000481889
14 0.845268 -28.1754 0.000481784
15 0.845268 -28.1754 0.000481703
16 0.845268 -28.1754 0.000481627
17 0.845268 -28.1754 0.000481569
18 0.845268 -28.1754 0.000481504
19 0.845268 -28.1754 0.000481457
20 0.845268 -28.1754 0.000481403
21 0.845268 -28.1754 0.000481358
22 0.845268 -28.1754 0.00048131
23 0.845268 -28.1754 0.000481268
24 0.845268 -28.1754 0.000481215
25 0.845268 -28.1754 0.000481176
26 0.845268 -28.1754 0.000481132
27 0.845268 -28.1754 0.000481105
28 0.845268 -28.1754 0.000481068
29 0.845268 -28.1754 0.000481042
30 0.845268 -28.1754 0.000481015
31 0.845268 -28.1754 0.000480997
32 0.845268 -28.1754 0.000480964
33 0.845268 -28.1754 0.00048095
34 0.845268 -28.1754 0.000480923
35 0.845268 -28.1754 0.000480906
36 0.845268 -28.1754 0.000480885
37 0.845268 -28.1754 0.000480869
38 0.845268 -28.1754 0.000480846
39 0.845268 -28.1754 0.000480829
40 0.845268 -28.1754 0.000480808
41 0.845268 -28.1754 0.000480797
42 0.845268 -28.1754 0.000480769
43 0.845268 -28.1754 0.000480757
44 0.845268 -28.1754 0.000480734
45 0.845268 -28.1754 0.000480717
46 0.845268 -28.1754 0.000480699
47 0.845268 -28.1754 0.000480686
48 0.845268 -28.1754 0.00048066
49 0.845268 -28.1754 0.000480649
50 0.845268 -28.1754 0.00048063
51 0.845268 -28.1754 0.00048062
52 0.845268 -28.1754 0.000480595
53 0.845268 -28.1754 0.000480582
54 0.845268 -28.1754 0.000480564
55 0.845268 -28.1754 0.000480556
56 0.845268 -28.1754 0.000480539
57 0.845268 -28.1754 0.000480526
58 0.845268 -28.1754 0.000480507
59 0.845268 -28.1754 0.000480499
60 0.845268 -28.1754 0.000480485
61 0.845268 -28.1754 0.000480478
62 0.845268 -28.1754 0.000480463
63 0.845268 -28.1754 0.000480454
64 0.845268 -28.1754 0.000480438
65 0.845268 -28.1754 0.000480429
66 0.845268 -28.1754 0.000480423
67 0.845268 -28.1754 0.000480416
68 0.845268 -28.1754 0.000480403
69 0.845268 -28.1754 0.000480399
70 0.845268 -28.1754 0.000480392
71 0.845268 -28.1754 0.000480388
72 0.845268 -28.1754 0.000480376
73 0.845268 -28.1754 0.000480375
74 0.845268 -28.1754 0.000480367
75 0.845268 -28.1754 0.000480365
76 0.845268 -28.1754 0.000480353
77 0.845268 -28.1754 0.000480351
78 0.845268 -28.1754 0.000480345
79 0.845268 -28.1754 0.000480338
80 0.845268 -28.1754 0.000480334
81 0.845268 -28.1754 0.000480336
82 0.845268 -28.1754 0.00048033
83 0.845268 -28.1754 0.000480326
84 0.845268 -28.1754 0.000480315
85 0.845268 -28.1754 0.00048032
86 0.845268 -28.1754 0.00048031
87 0.845268 -28.1754 0.000480309
88 0.845268 -28.1754 0.000480305
89 0.845268 -28.1754 0.0004803
90 0.845268 -28.1754 0.000480302
91 0.845268 -28.1754 0.000480296
92 0.845268 -28.1754 0.000480295
93 0.845268 -28.1754 0.000480292
94 0.845268 -28.1754 0.000480286
95 0.845268 -28.1754 0.000480285
96 0.845268 -28.1754 0.000480286
97 0.845268 -28.1754 0.000480282
98 0.845268 -28.1754 0.00048028
99 0.845268 -28.1754 0.000480274
Initial energy of the MPS: -0.25283
# DMRG Sweep # Mid bond EE # Energy # Std #
0 0.0364955 14.8288 2.75636
1 0.6952 15.7484 0.0243473
2 0.696293 15.7499 0.00511357
3 0.694632 15.75 0.0014267
4 0.738195 15.75 0.000995665
5 0.904841 15.75 0.000474168
6 0.962334 15.75 0.00078169
7 0.937172 15.7501 0.000798066
8 0.980713 15.7501 0.000406407
9 1.00367 15.7501 0.000653663
10 0.9879 15.7501 0.000572777
11 0.997837 15.7501 0.000778388
12 0.998574 15.7501 0.000319124
13 1.02301 15.7501 0.000529091
14 1.00668 15.7502 0.000732316
15 0.990116 15.7502 0.000597055
16 0.986197 15.7502 0.000379042
17 0.992316 15.7502 0.000526794
18 0.963752 15.7502 0.000555448
19 0.958813 15.7502 0.000416411
20 0.948561 15.7502 0.000474786
21 0.938969 15.7503 0.000519639
22 0.9115 15.7503 0.000473638
23 0.889429 15.7503 0.000498951
24 0.831531 15.7503 0.000511194
25 0.717048 15.7503 0.000472401
26 0.519943 15.7503 0.000452762
27 0.283084 15.7503 0.000298532
28 0.108603 15.7503 0.000155406
29 0.0325241 15.7503 7.23067e-05
min energy  # max energy
-28.1754 15.7503
