Initial energy of the MPS: 0.236038
# DMRG Sweep # Mid bond EE # Energy # Std #
0 0.00578731 -26.7091 5.00406
1 0.765542 -28.1754 0.00434863
2 0.844046 -28.1754 0.000605787
3 0.845252 -28.1754 0.000538651
4 0.845266 -28.1754 0.000511869
5 0.845267 -28.1754 0.000498872
6 0.845268 -28.1754 0.000492397
7 0.845268 -28.1754 0.000488473
8 0.845268 -28.1754 0.000485761
9 0.845268 -28.1754 0.000483935
10 0.845268 -28.1754 0.000482787
11 0.845268 -28.1754 0.00048226
12 0.845268 -28.1754 0.000482002
13 0.845268 -28.1754 0.000481863
14 0.845268 -28.1754 0.000481757
15 0.845268 -28.1754 0.00048168
16 0.845268 -28.1754 0.0004816
17 0.845268 -28.1754 0.000481546
18 0.845268 -28.1754 0.000481484
19 0.845268 -28.1754 0.000481434
20 0.845268 -28.1754 0.000481381
21 0.845268 -28.1754 0.000481339
22 0.845268 -28.1754 0.000481289
23 0.845268 -28.1754 0.000481238
24 0.845268 -28.1754 0.000481191
25 0.845268 -28.1754 0.000481147
26 0.845268 -28.1754 0.000481107
27 0.845268 -28.1754 0.000481073
28 0.845268 -28.1754 0.00048104
29 0.845268 -28.1754 0.000481014
30 0.845268 -28.1754 0.000480981
31 0.845268 -28.1754 0.000480959
32 0.845268 -28.1754 0.000480928
33 0.845268 -28.1754 0.000480909
34 0.845268 -28.1754 0.000480885
35 0.845268 -28.1754 0.000480863
36 0.845268 -28.1754 0.000480838
37 0.845268 -28.1754 0.000480822
38 0.845268 -28.1754 0.0004808
39 0.845268 -28.1754 0.000480779
40 0.845268 -28.1754 0.00048076
41 0.845268 -28.1754 0.000480742
42 0.845268 -28.1754 0.000480722
43 0.845268 -28.1754 0.000480703
44 0.845268 -28.1754 0.000480682
45 0.845268 -28.1754 0.000480666
46 0.845268 -28.1754 0.000480647
47 0.845268 -28.1754 0.000480635
48 0.845268 -28.1754 0.000480612
49 0.845268 -28.1754 0.000480597
50 0.845268 -28.1754 0.000480579
51 0.845268 -28.1754 0.000480565
52 0.845268 -28.1754 0.000480554
53 0.845268 -28.1754 0.00048054
54 0.845268 -28.1754 0.000480526
55 0.845268 -28.1754 0.000480511
56 0.845268 -28.1754 0.0004805
57 0.845268 -28.1754 0.000480493
58 0.845268 -28.1754 0.000480474
59 0.845268 -28.1754 0.000480469
60 0.845268 -28.1754 0.000480453
61 0.845268 -28.1754 0.000480447
62 0.845268 -28.1754 0.000480438
63 0.845268 -28.1754 0.000480429
64 0.845268 -28.1754 0.000480423
65 0.845268 -28.1754 0.000480411
66 0.845268 -28.1754 0.000480405
67 0.845268 -28.1754 0.000480393
68 0.845268 -28.1754 0.00048039
69 0.845268 -28.1754 0.000480382
70 0.845268 -28.1754 0.00048038
71 0.845268 -28.1754 0.000480368
72 0.845268 -28.1754 0.000480363
73 0.845268 -28.1754 0.000480357
74 0.845268 -28.1754 0.00048035
75 0.845268 -28.1754 0.00048035
76 0.845268 -28.1754 0.000480343
77 0.845268 -28.1754 0.000480338
78 0.845268 -28.1754 0.000480332
79 0.845268 -28.1754 0.00048033
80 0.845268 -28.1754 0.000480324
81 0.845268 -28.1754 0.000480323
82 0.845268 -28.1754 0.000480312
83 0.845268 -28.1754 0.000480311
84 0.845268 -28.1754 0.000480309
85 0.845268 -28.1754 0.000480303
86 0.845268 -28.1754 0.000480301
87 0.845268 -28.1754 0.000480295
88 0.845268 -28.1754 0.00048029
89 0.845268 -28.1754 0.000480288
90 0.845268 -28.1754 0.000480286
91 0.845268 -28.1754 0.000480284
92 0.845268 -28.1754 0.000480281
93 0.845268 -28.1754 0.000480279
94 0.845268 -28.1754 0.00048027
95 0.845268 -28.1754 0.00048027
96 0.845268 -28.1754 0.000480268
97 0.845268 -28.1754 0.000480267
98 0.845268 -28.1754 0.000480262
99 0.845268 -28.1754 0.000480261
Initial energy of the MPS: -0.25282
# DMRG Sweep # Mid bond EE # Energy # Std #
0 0.0364357 14.8201 2.75639
1 0.694667 15.7486 0.0253073
2 0.69489 15.7499 0.00484407
3 0.693409 15.75 0.000421397
4 0.694197 15.75 0.000224563
5 0.705299 15.75 0.000367152
6 0.726467 15.75 7.74837e-05
min energy  # max energy
-28.1754 15.75
