Initial energy of the MPS: 0.236047
# DMRG Sweep # Mid bond EE # Energy # Std #
0 0.00578733 -26.7129 5.00486
1 0.765532 -28.1754 0.00434864
2 0.844047 -28.1754 0.000605739
3 0.845252 -28.1754 0.000538664
4 0.845266 -28.1754 0.000511882
5 0.845267 -28.1754 0.000498859
6 0.845268 -28.1754 0.000492349
7 0.845268 -28.1754 0.000488391
8 0.845268 -28.1754 0.000485632
9 0.845268 -28.1754 0.000483805
10 0.845268 -28.1754 0.000482706
11 0.845268 -28.1754 0.000482214
12 0.845268 -28.1754 0.000481963
13 0.845268 -28.1754 0.000481831
14 0.845268 -28.1754 0.000481723
15 0.845268 -28.1754 0.00048165
16 0.845268 -28.1754 0.000481567
17 0.845268 -28.1754 0.000481511
18 0.845268 -28.1754 0.000481445
19 0.845268 -28.1754 0.0004814
20 0.845268 -28.1754 0.000481345
21 0.845268 -28.1754 0.000481306
22 0.845268 -28.1754 0.000481251
23 0.845268 -28.1754 0.000481211
24 0.845268 -28.1754 0.000481156
25 0.845268 -28.1754 0.000481114
26 0.845268 -28.1754 0.000481073
27 0.845268 -28.1754 0.000481041
28 0.845268 -28.1754 0.000480998
29 0.845268 -28.1754 0.000480974
30 0.845268 -28.1754 0.000480941
31 0.845268 -28.1754 0.000480916
32 0.845268 -28.1754 0.000480888
33 0.845268 -28.1754 0.000480865
34 0.845268 -28.1754 0.000480839
35 0.845268 -28.1754 0.000480819
36 0.845268 -28.1754 0.000480799
37 0.845268 -28.1754 0.000480775
38 0.845268 -28.1754 0.000480753
39 0.845268 -28.1754 0.000480738
40 0.845268 -28.1754 0.000480716
41 0.845268 -28.1754 0.000480703
42 0.845268 -28.1754 0.000480682
43 0.845268 -28.1754 0.000480665
44 0.845268 -28.1754 0.000480648
45 0.845268 -28.1754 0.000480633
46 0.845268 -28.1754 0.00048061
47 0.845268 -28.1754 0.0004806
48 0.845268 -28.1754 0.000480584
49 0.845268 -28.1754 0.000480564
50 0.845268 -28.1754 0.000480555
51 0.845268 -28.1754 0.000480542
52 0.845268 -28.1754 0.000480528
53 0.845268 -28.1754 0.000480511
54 0.845268 -28.1754 0.000480501
55 0.845268 -28.1754 0.00048049
56 0.845268 -28.1754 0.000480475
57 0.845268 -28.1754 0.000480465
58 0.845268 -28.1754 0.000480454
59 0.845268 -28.1754 0.000480444
60 0.845268 -28.1754 0.000480434
61 0.845268 -28.1754 0.000480426
62 0.845268 -28.1754 0.000480418
63 0.845268 -28.1754 0.000480413
64 0.845268 -28.1754 0.000480404
65 0.845268 -28.1754 0.000480396
66 0.845268 -28.1754 0.000480383
67 0.845268 -28.1754 0.000480375
68 0.845268 -28.1754 0.000480372
69 0.845268 -28.1754 0.000480361
70 0.845268 -28.1754 0.000480356
71 0.845268 -28.1754 0.000480354
72 0.845268 -28.1754 0.000480349
73 0.845268 -28.1754 0.000480341
74 0.845268 -28.1754 0.000480336
75 0.845268 -28.1754 0.000480331
76 0.845268 -28.1754 0.000480324
77 0.845268 -28.1754 0.00048032
78 0.845268 -28.1754 0.000480313
79 0.845268 -28.1754 0.000480311
80 0.845268 -28.1754 0.000480301
81 0.845268 -28.1754 0.000480303
82 0.845268 -28.1754 0.000480292
83 0.845268 -28.1754 0.000480291
84 0.845268 -28.1754 0.000480291
85 0.845268 -28.1754 0.000480284
86 0.845268 -28.1754 0.000480278
87 0.845268 -28.1754 0.000480279
88 0.845268 -28.1754 0.000480272
89 0.845268 -28.1754 0.00048027
90 0.845268 -28.1754 0.000480263
91 0.845268 -28.1754 0.000480261
92 0.845268 -28.1754 0.000480258
93 0.845268 -28.1754 0.000480254
94 0.845268 -28.1754 0.000480248
95 0.845268 -28.1754 0.000480251
96 0.845268 -28.1754 0.000480245
97 0.845268 -28.1754 0.00048024
98 0.845268 -28.1754 0.000480239
99 0.845268 -28.1754 0.000480234
Initial energy of the MPS: -0.252804
# DMRG Sweep # Mid bond EE # Energy # Std #
0 0.0363214 14.8081 2.77128
1 0.693797 15.7485 0.0229906
2 0.695545 15.7499 0.00458471
3 0.694402 15.75 0.000493877
4 0.697793 15.75 3.8852e-05
min energy  # max energy
-28.1754 15.75
