Initial energy of the MPS: 0.236057
# DMRG Sweep # Mid bond EE # Energy # Std #
0 0.00578725 -26.7093 5.00418
1 0.765522 -28.1754 0.0043491
2 0.844045 -28.1754 0.000605756
3 0.845252 -28.1754 0.000538678
4 0.845265 -28.1754 0.000511914
5 0.845267 -28.1754 0.00049894
6 0.845267 -28.1754 0.00049251
7 0.845268 -28.1754 0.000488638
8 0.845268 -28.1754 0.000485854
9 0.845268 -28.1754 0.000483888
10 0.845268 -28.1754 0.000482728
11 0.845268 -28.1754 0.000482219
12 0.845268 -28.1754 0.000481964
13 0.845268 -28.1754 0.000481834
14 0.845268 -28.1754 0.000481722
15 0.845268 -28.1754 0.000481645
16 0.845268 -28.1754 0.000481567
17 0.845268 -28.1754 0.000481513
18 0.845268 -28.1754 0.000481454
19 0.845268 -28.1754 0.0004814
20 0.845268 -28.1754 0.000481344
21 0.845268 -28.1754 0.000481304
22 0.845268 -28.1754 0.00048125
23 0.845268 -28.1754 0.000481204
24 0.845268 -28.1754 0.000481155
25 0.845268 -28.1754 0.000481112
26 0.845268 -28.1754 0.000481067
27 0.845268 -28.1754 0.00048104
28 0.845268 -28.1754 0.000481004
29 0.845268 -28.1754 0.000480974
30 0.845268 -28.1754 0.000480937
31 0.845268 -28.1754 0.000480915
32 0.845268 -28.1754 0.000480887
33 0.845268 -28.1754 0.000480867
34 0.845268 -28.1754 0.000480841
35 0.845268 -28.1754 0.00048082
36 0.845268 -28.1754 0.000480797
37 0.845268 -28.1754 0.000480779
38 0.845268 -28.1754 0.000480757
39 0.845268 -28.1754 0.000480743
40 0.845268 -28.1754 0.00048072
41 0.845268 -28.1754 0.000480699
42 0.845268 -28.1754 0.000480684
43 0.845268 -28.1754 0.000480664
44 0.845268 -28.1754 0.000480643
45 0.845268 -28.1754 0.000480632
46 0.845268 -28.1754 0.000480614
47 0.845268 -28.1754 0.000480599
48 0.845268 -28.1754 0.000480581
49 0.845268 -28.1754 0.000480567
50 0.845268 -28.1754 0.000480553
51 0.845268 -28.1754 0.00048054
52 0.845268 -28.1754 0.000480522
53 0.845268 -28.1754 0.000480517
54 0.845268 -28.1754 0.000480502
55 0.845268 -28.1754 0.000480491
56 0.845268 -28.1754 0.000480477
57 0.845268 -28.1754 0.000480469
58 0.845268 -28.1754 0.000480456
59 0.845268 -28.1754 0.000480447
60 0.845268 -28.1754 0.000480438
61 0.845268 -28.1754 0.000480434
62 0.845268 -28.1754 0.000480423
63 0.845268 -28.1754 0.000480412
64 0.845268 -28.1754 0.000480401
65 0.845268 -28.1754 0.000480395
66 0.845268 -28.1754 0.00048039
67 0.845268 -28.1754 0.00048038
68 0.845268 -28.1754 0.000480367
69 0.845268 -28.1754 0.000480368
70 0.845268 -28.1754 0.000480359
71 0.845268 -28.1754 0.000480355
72 0.845268 -28.1754 0.000480346
73 0.845268 -28.1754 0.00048034
74 0.845268 -28.1754 0.000480336
75 0.845268 -28.1754 0.00048033
76 0.845268 -28.1754 0.000480324
77 0.845268 -28.1754 0.000480318
78 0.845268 -28.1754 0.000480317
79 0.845268 -28.1754 0.000480311
80 0.845268 -28.1754 0.000480304
81 0.845268 -28.1754 0.000480306
82 0.845268 -28.1754 0.000480296
83 0.845268 -28.1754 0.000480295
84 0.845268 -28.1754 0.000480286
85 0.845268 -28.1754 0.000480283
86 0.845268 -28.1754 0.00048028
87 0.845268 -28.1754 0.000480277
88 0.845268 -28.1754 0.000480273
89 0.845268 -28.1754 0.000480269
90 0.845268 -28.1754 0.000480266
91 0.845268 -28.1754 0.000480264
92 0.845268 -28.1754 0.00048026
93 0.845268 -28.1754 0.000480253
94 0.845268 -28.1754 0.000480251
95 0.845268 -28.1754 0.000480248
96 0.845268 -28.1754 0.000480243
97 0.845268 -28.1754 0.000480239
98 0.845268 -28.1754 0.000480239
99 0.845268 -28.1754 0.00048023
Initial energy of the MPS: -0.25276
# DMRG Sweep # Mid bond EE # Energy # Std #
0 0.0362318 14.8171 2.76737
1 0.694312 15.7486 0.0242655
2 0.694744 15.7499 0.00470312
3 0.694732 15.75 0.000569618
4 0.695807 15.75 0.00031544
5 0.698816 15.75 0.000421675
6 0.759662 15.75 7.38946e-05
min energy  # max energy
-28.1754 15.75
