Initial energy of the MPS: 0.23606
# DMRG Sweep # Mid bond EE # Energy # Std #
0 0.00578733 -26.7116 5.00465
1 0.765528 -28.1754 0.00434962
2 0.844047 -28.1754 0.000605748
3 0.845251 -28.1754 0.000538711
4 0.845265 -28.1754 0.000511927
5 0.845266 -28.1754 0.00049887
6 0.845267 -28.1754 0.000492321
7 0.845267 -28.1754 0.000488322
8 0.845267 -28.1754 0.000485536
9 0.845267 -28.1754 0.000483737
10 0.845267 -28.1754 0.000482687
11 0.845267 -28.1754 0.000482214
12 0.845267 -28.1754 0.000481977
13 0.845267 -28.1754 0.000481848
14 0.845267 -28.1754 0.00048174
15 0.845267 -28.1754 0.000481666
16 0.845267 -28.1754 0.000481588
17 0.845267 -28.1754 0.000481531
18 0.845267 -28.1754 0.000481473
19 0.845267 -28.1754 0.000481427
20 0.845267 -28.1754 0.000481372
21 0.845267 -28.1754 0.000481326
22 0.845267 -28.1754 0.000481279
23 0.845267 -28.1754 0.000481233
24 0.845267 -28.1754 0.000481185
25 0.845267 -28.1754 0.000481139
26 0.845267 -28.1754 0.000481096
27 0.845267 -28.1754 0.000481059
28 0.845267 -28.1754 0.000481025
29 0.845267 -28.1754 0.000480995
30 0.845267 -28.1754 0.000480966
31 0.845267 -28.1754 0.000480943
32 0.845267 -28.1754 0.000480911
33 0.845267 -28.1754 0.000480892
34 0.845267 -28.1754 0.000480863
35 0.845267 -28.1754 0.000480843
36 0.845267 -28.1754 0.000480814
37 0.845267 -28.1754 0.000480802
38 0.845267 -28.1754 0.000480776
39 0.845267 -28.1754 0.000480757
40 0.845267 -28.1754 0.000480739
41 0.845267 -28.1754 0.000480724
42 0.845267 -28.1754 0.000480705
43 0.845267 -28.1754 0.000480689
44 0.845267 -28.1754 0.00048067
45 0.845267 -28.1754 0.000480656
46 0.845267 -28.1754 0.000480638
47 0.845267 -28.1754 0.000480626
48 0.845267 -28.1754 0.000480605
49 0.845267 -28.1754 0.000480595
50 0.845267 -28.1754 0.000480576
51 0.845267 -28.1754 0.000480567
52 0.845267 -28.1754 0.00048055
53 0.845267 -28.1754 0.000480539
54 0.845267 -28.1754 0.000480524
55 0.845267 -28.1754 0.000480519
56 0.845267 -28.1754 0.000480505
57 0.845267 -28.1754 0.000480494
58 0.845267 -28.1754 0.000480483
59 0.845267 -28.1754 0.000480471
60 0.845267 -28.1754 0.00048046
61 0.845267 -28.1754 0.000480457
62 0.845267 -28.1754 0.000480449
63 0.845267 -28.1754 0.00048044
64 0.845267 -28.1754 0.000480433
65 0.845267 -28.1754 0.00048042
66 0.845267 -28.1754 0.000480413
67 0.845267 -28.1754 0.000480409
68 0.845267 -28.1754 0.000480399
69 0.845267 -28.1754 0.000480398
70 0.845267 -28.1754 0.000480389
71 0.845267 -28.1754 0.000480387
72 0.845267 -28.1754 0.000480382
73 0.845267 -28.1754 0.000480376
74 0.845267 -28.1754 0.000480368
75 0.845267 -28.1754 0.000480363
76 0.845267 -28.1754 0.000480357
77 0.845267 -28.1754 0.000480356
78 0.845267 -28.1754 0.000480347
79 0.845267 -28.1754 0.000480352
80 0.845267 -28.1754 0.000480344
81 0.845267 -28.1754 0.00048034
82 0.845267 -28.1754 0.000480334
83 0.845267 -28.1754 0.000480331
84 0.845267 -28.1754 0.000480326
85 0.845267 -28.1754 0.000480323
86 0.845267 -28.1754 0.000480318
87 0.845267 -28.1754 0.000480314
88 0.845267 -28.1754 0.000480312
89 0.845267 -28.1754 0.000480309
90 0.845267 -28.1754 0.000480305
91 0.845267 -28.1754 0.0004803
92 0.845267 -28.1754 0.000480294
93 0.845267 -28.1754 0.000480298
94 0.845267 -28.1754 0.000480291
95 0.845267 -28.1754 0.000480287
96 0.845267 -28.1754 0.00048028
97 0.845267 -28.1754 0.000480285
98 0.845267 -28.1754 0.000480274
99 0.845267 -28.1754 0.000480277
Initial energy of the MPS: -0.252825
# DMRG Sweep # Mid bond EE # Energy # Std #
0 0.0363418 14.8177 2.75762
1 0.695113 15.7485 0.0243276
2 0.696017 15.7499 0.00481721
3 0.69612 15.75 0.00112326
4 0.711003 15.75 0.0008078
5 0.806768 15.75 0.00037187
6 0.847825 15.75 0.000363526
7 0.957399 15.75 0.000426068
8 0.948485 15.75 0.000195289
9 1.02403 15.75 0.000230994
10 1.02939 15.75 0.000339216
11 1.02149 15.75 0.000467886
12 0.989724 15.75 0.000223331
13 1.0174 15.75 0.000140555
min energy  # max energy
-28.1754 15.75
