Initial energy of the MPS: 0.236097
# DMRG Sweep # Mid bond EE # Energy # Std #
0 0.00578741 -26.7122 5.00473
1 0.765565 -28.1754 0.00434771
2 0.844048 -28.1754 0.000605787
3 0.845249 -28.1754 0.000538676
4 0.845263 -28.1754 0.00051181
5 0.845264 -28.1754 0.000498689
6 0.845265 -28.1754 0.000492028
7 0.845265 -28.1754 0.000488045
8 0.845265 -28.1754 0.000485616
9 0.845265 -28.1754 0.000484052
10 0.845265 -28.1754 0.000482932
11 0.845265 -28.1754 0.000482351
12 0.845265 -28.1754 0.000482066
13 0.845265 -28.1754 0.000481918
14 0.845265 -28.1754 0.000481807
15 0.845265 -28.1754 0.000481725
16 0.845265 -28.1754 0.000481646
17 0.845265 -28.1754 0.000481589
18 0.845265 -28.1754 0.000481523
19 0.845265 -28.1754 0.000481477
20 0.845265 -28.1754 0.00048142
21 0.845265 -28.1754 0.000481381
22 0.845265 -28.1754 0.000481328
23 0.845265 -28.1754 0.000481292
24 0.845265 -28.1754 0.000481246
25 0.845265 -28.1754 0.000481206
26 0.845265 -28.1754 0.000481159
27 0.845265 -28.1754 0.00048112
28 0.845265 -28.1754 0.000481083
29 0.845265 -28.1754 0.000481059
30 0.845265 -28.1754 0.000481027
31 0.845265 -28.1754 0.000481002
32 0.845265 -28.1754 0.000480979
33 0.845265 -28.1754 0.000480957
34 0.845265 -28.1754 0.00048093
35 0.845265 -28.1754 0.000480914
36 0.845265 -28.1754 0.000480885
37 0.845265 -28.1754 0.000480864
38 0.845265 -28.1754 0.000480843
39 0.845265 -28.1754 0.000480828
40 0.845265 -28.1754 0.000480804
41 0.845265 -28.1754 0.00048079
42 0.845265 -28.1754 0.00048077
43 0.845265 -28.1754 0.000480756
44 0.845265 -28.1754 0.000480735
45 0.845265 -28.1754 0.000480719
46 0.845265 -28.1754 0.000480696
47 0.845265 -28.1754 0.000480681
48 0.845265 -28.1754 0.000480662
49 0.845265 -28.1754 0.000480648
50 0.845265 -28.1754 0.000480628
51 0.845265 -28.1754 0.000480615
52 0.845265 -28.1754 0.000480602
53 0.845265 -28.1754 0.000480589
54 0.845265 -28.1754 0.000480567
55 0.845265 -28.1754 0.000480558
56 0.845265 -28.1754 0.000480536
57 0.845265 -28.1754 0.00048053
58 0.845265 -28.1754 0.000480516
59 0.845265 -28.1754 0.000480503
60 0.845265 -28.1754 0.000480489
61 0.845265 -28.1754 0.000480482
62 0.845265 -28.1754 0.00048047
63 0.845265 -28.1754 0.000480458
64 0.845265 -28.1754 0.000480451
65 0.845265 -28.1754 0.000480441
66 0.845265 -28.1754 0.000480437
67 0.845265 -28.1754 0.000480428
68 0.845265 -28.1754 0.000480418
69 0.845265 -28.1754 0.000480411
70 0.845265 -28.1754 0.000480406
71 0.845265 -28.1754 0.000480399
72 0.845265 -28.1754 0.000480395
73 0.845265 -28.1754 0.000480395
74 0.845265 -28.1754 0.000480381
75 0.845265 -28.1754 0.000480379
76 0.845265 -28.1754 0.000480371
77 0.845265 -28.1754 0.000480367
78 0.845265 -28.1754 0.000480362
79 0.845265 -28.1754 0.000480357
80 0.845265 -28.1754 0.000480354
81 0.845265 -28.1754 0.000480346
82 0.845265 -28.1754 0.000480343
83 0.845265 -28.1754 0.000480337
84 0.845265 -28.1754 0.000480335
85 0.845265 -28.1754 0.000480328
86 0.845265 -28.1754 0.000480325
87 0.845265 -28.1754 0.000480328
88 0.845265 -28.1754 0.000480322
89 0.845265 -28.1754 0.000480318
90 0.845265 -28.1754 0.000480315
91 0.845265 -28.1754 0.000480313
92 0.845265 -28.1754 0.00048031
93 0.845265 -28.1754 0.000480306
94 0.845265 -28.1754 0.000480304
95 0.845265 -28.1754 0.000480303
96 0.845265 -28.1754 0.000480296
97 0.845265 -28.1754 0.000480296
98 0.845265 -28.1754 0.000480295
99 0.845265 -28.1754 0.000480294
Initial energy of the MPS: -0.252796
# DMRG Sweep # Mid bond EE # Energy # Std #
0 0.0367044 14.8192 2.75679
1 0.69441 15.7486 0.0255441
2 0.696724 15.75 0.00429725
3 0.693934 15.7501 0.00163958
4 0.715737 15.7501 0.00116205
5 0.798771 15.7501 0.000599208
6 0.893399 15.7501 0.000943223
7 0.902377 15.7502 0.000304245
8 0.962423 15.7502 0.000408906
9 0.970847 15.7502 0.00054385
10 0.950431 15.7502 0.00053253
11 0.957974 15.7502 0.000209698
12 0.978242 15.7502 0.000281624
13 0.971238 15.7502 0.000449359
14 0.944533 15.7502 0.000511954
15 0.930668 15.7502 0.000341806
16 0.921715 15.7502 0.000289463
17 0.909345 15.7502 0.000340761
18 0.892029 15.7502 0.000361738
19 0.86097 15.7502 0.000397458
20 0.787302 15.7502 0.000585787
21 0.634733 15.7502 0.00111675
22 0.232584 15.7503 0.000399555
23 0.0552665 15.7503 0.000141794
min energy  # max energy
-28.1754 15.7503
