Initial energy of the MPS: 0.236077
# DMRG Sweep # Mid bond EE # Energy # Std #
0 0.00578733 -26.7124 5.0048
1 0.765554 -28.1754 0.00434741
2 0.844048 -28.1754 0.000605767
3 0.845252 -28.1754 0.000538646
4 0.845266 -28.1754 0.000511824
5 0.845267 -28.1754 0.000498761
6 0.845268 -28.1754 0.000492179
7 0.845268 -28.1754 0.000488191
8 0.845268 -28.1754 0.000485637
9 0.845268 -28.1754 0.000483982
10 0.845268 -28.1754 0.000482854
11 0.845268 -28.1754 0.00048229
12 0.845268 -28.1754 0.000482017
13 0.845268 -28.1754 0.000481873
14 0.845268 -28.1754 0.000481758
15 0.845268 -28.1754 0.000481685
16 0.845268 -28.1754 0.000481602
17 0.845268 -28.1754 0.000481545
18 0.845268 -28.1754 0.000481482
19 0.845268 -28.1754 0.000481433
20 0.845268 -28.1754 0.000481375
21 0.845268 -28.1754 0.000481335
22 0.845268 -28.1754 0.000481286
23 0.845268 -28.1754 0.000481245
24 0.845268 -28.1754 0.000481197
25 0.845268 -28.1754 0.000481154
26 0.845268 -28.1754 0.000481107
27 0.845268 -28.1754 0.000481074
28 0.845268 -28.1754 0.000481034
29 0.845268 -28.1754 0.000481009
30 0.845268 -28.1754 0.000480979
31 0.845268 -28.1754 0.000480955
32 0.845268 -28.1754 0.000480925
33 0.845268 -28.1754 0.000480903
34 0.845268 -28.1754 0.000480878
35 0.845268 -28.1754 0.000480862
36 0.845268 -28.1754 0.000480831
37 0.845268 -28.1754 0.000480811
38 0.845268 -28.1754 0.000480789
39 0.845268 -28.1754 0.000480771
40 0.845268 -28.1754 0.000480751
41 0.845268 -28.1754 0.000480732
42 0.845268 -28.1754 0.000480709
43 0.845268 -28.1754 0.000480696
44 0.845268 -28.1754 0.000480671
45 0.845268 -28.1754 0.000480658
46 0.845268 -28.1754 0.000480644
47 0.845268 -28.1754 0.000480628
48 0.845268 -28.1754 0.000480608
49 0.845268 -28.1754 0.000480593
50 0.845268 -28.1754 0.000480579
51 0.845268 -28.1754 0.000480562
52 0.845268 -28.1754 0.000480544
53 0.845268 -28.1754 0.000480537
54 0.845268 -28.1754 0.000480521
55 0.845268 -28.1754 0.000480511
56 0.845268 -28.1754 0.000480494
57 0.845268 -28.1754 0.000480487
58 0.845268 -28.1754 0.000480475
59 0.845268 -28.1754 0.000480464
60 0.845268 -28.1754 0.00048045
61 0.845268 -28.1754 0.000480444
62 0.845268 -28.1754 0.000480434
63 0.845268 -28.1754 0.000480427
64 0.845268 -28.1754 0.000480414
65 0.845268 -28.1754 0.00048041
66 0.845268 -28.1754 0.0004804
67 0.845268 -28.1754 0.000480394
68 0.845268 -28.1754 0.000480386
69 0.845268 -28.1754 0.000480382
70 0.845268 -28.1754 0.000480374
71 0.845268 -28.1754 0.000480369
72 0.845268 -28.1754 0.00048036
73 0.845268 -28.1754 0.000480353
74 0.845268 -28.1754 0.000480351
75 0.845268 -28.1754 0.000480347
76 0.845268 -28.1754 0.00048034
77 0.845268 -28.1754 0.000480335
78 0.845268 -28.1754 0.000480329
79 0.845268 -28.1754 0.000480324
80 0.845268 -28.1754 0.000480324
81 0.845268 -28.1754 0.000480317
82 0.845268 -28.1754 0.000480313
83 0.845268 -28.1754 0.000480311
84 0.845268 -28.1754 0.000480305
85 0.845268 -28.1754 0.000480301
86 0.845268 -28.1754 0.000480299
87 0.845268 -28.1754 0.000480298
88 0.845268 -28.1754 0.000480295
89 0.845268 -28.1754 0.000480289
90 0.845268 -28.1754 0.000480286
91 0.845268 -28.1754 0.000480285
92 0.845268 -28.1754 0.000480281
93 0.845268 -28.1754 0.000480279
94 0.845268 -28.1754 0.000480277
95 0.845268 -28.1754 0.000480273
96 0.845268 -28.1754 0.000480269
97 0.845268 -28.1754 0.000480268
98 0.845268 -28.1754 0.000480266
99 0.845268 -28.1754 0.000480266
Initial energy of the MPS: -0.252787
# DMRG Sweep # Mid bond EE # Energy # Std #
0 0.0363923 14.8203 2.75516
1 0.694493 15.7489 0.022191
2 0.696085 15.75 0.00387513
3 0.695974 15.75 0.000607026
4 0.697696 15.75 0.000735377
5 0.759655 15.75 0.000485685
6 0.812133 15.75 0.000200525
7 0.844415 15.75 0.000171646
8 0.893171 15.75 0.000193919
9 0.921886 15.75 0.000233447
10 0.913716 15.75 0.000275673
11 0.896992 15.75 0.000104573
min energy  # max energy
-28.1754 15.75
