Initial energy of the MPS: 0.236046
# DMRG Sweep # Mid bond EE # Energy # Std #
0 0.00578742 -26.7114 5.00462
1 0.765549 -28.1754 0.00434856
2 0.844048 -28.1754 0.000605799
3 0.845252 -28.1754 0.000538652
4 0.845265 -28.1754 0.000511842
5 0.845267 -28.1754 0.000498828
6 0.845267 -28.1754 0.0004923
7 0.845268 -28.1754 0.000488327
8 0.845268 -28.1754 0.000485682
9 0.845268 -28.1754 0.000483951
10 0.845268 -28.1754 0.000482831
11 0.845268 -28.1754 0.00048229
12 0.845268 -28.1754 0.000482026
13 0.845268 -28.1754 0.000481889
14 0.845268 -28.1754 0.00048178
15 0.845268 -28.1754 0.000481702
16 0.845268 -28.1754 0.000481626
17 0.845268 -28.1754 0.000481565
18 0.845268 -28.1754 0.000481504
19 0.845268 -28.1754 0.000481455
20 0.845268 -28.1754 0.0004814
21 0.845268 -28.1754 0.000481356
22 0.845268 -28.1754 0.000481311
23 0.845268 -28.1754 0.000481274
24 0.845268 -28.1754 0.000481227
25 0.845268 -28.1754 0.000481183
26 0.845268 -28.1754 0.000481139
27 0.845268 -28.1754 0.000481105
28 0.845268 -28.1754 0.000481063
29 0.845268 -28.1754 0.00048104
30 0.845268 -28.1754 0.000481008
31 0.845268 -28.1754 0.000480983
32 0.845268 -28.1754 0.000480954
33 0.845268 -28.1754 0.000480937
34 0.845268 -28.1754 0.000480913
35 0.845268 -28.1754 0.000480893
36 0.845268 -28.1754 0.000480865
37 0.845268 -28.1754 0.000480851
38 0.845268 -28.1754 0.000480822
39 0.845268 -28.1754 0.000480809
40 0.845268 -28.1754 0.000480783
41 0.845268 -28.1754 0.000480769
42 0.845268 -28.1754 0.000480745
43 0.845268 -28.1754 0.000480728
44 0.845268 -28.1754 0.000480714
45 0.845268 -28.1754 0.000480694
46 0.845268 -28.1754 0.000480672
47 0.845268 -28.1754 0.00048066
48 0.845268 -28.1754 0.00048064
49 0.845268 -28.1754 0.000480626
50 0.845268 -28.1754 0.000480603
51 0.845268 -28.1754 0.000480592
52 0.845268 -28.1754 0.000480573
53 0.845268 -28.1754 0.000480561
54 0.845268 -28.1754 0.000480546
55 0.845268 -28.1754 0.000480534
56 0.845268 -28.1754 0.000480518
57 0.845268 -28.1754 0.000480506
58 0.845268 -28.1754 0.000480496
59 0.845268 -28.1754 0.000480484
60 0.845268 -28.1754 0.000480473
61 0.845268 -28.1754 0.000480461
62 0.845268 -28.1754 0.000480452
63 0.845268 -28.1754 0.000480446
64 0.845268 -28.1754 0.000480434
65 0.845268 -28.1754 0.00048043
66 0.845268 -28.1754 0.000480421
67 0.845268 -28.1754 0.000480413
68 0.845268 -28.1754 0.000480402
69 0.845268 -28.1754 0.0004804
70 0.845268 -28.1754 0.000480388
71 0.845268 -28.1754 0.000480384
72 0.845268 -28.1754 0.000480375
73 0.845268 -28.1754 0.000480372
74 0.845268 -28.1754 0.000480367
75 0.845268 -28.1754 0.000480365
76 0.845268 -28.1754 0.000480358
77 0.845268 -28.1754 0.000480352
78 0.845268 -28.1754 0.000480346
79 0.845268 -28.1754 0.000480343
80 0.845268 -28.1754 0.000480339
81 0.845268 -28.1754 0.000480331
82 0.845268 -28.1754 0.000480331
83 0.845268 -28.1754 0.000480324
84 0.845268 -28.1754 0.000480319
85 0.845268 -28.1754 0.000480319
86 0.845268 -28.1754 0.000480316
87 0.845268 -28.1754 0.000480313
88 0.845268 -28.1754 0.000480308
89 0.845268 -28.1754 0.000480305
90 0.845268 -28.1754 0.000480302
91 0.845268 -28.1754 0.000480297
92 0.845268 -28.1754 0.000480295
93 0.845268 -28.1754 0.000480291
94 0.845268 -28.1754 0.000480289
95 0.845268 -28.1754 0.000480288
96 0.845268 -28.1754 0.000480286
97 0.845268 -28.1754 0.000480282
98 0.845268 -28.1754 0.000480282
99 0.845268 -28.1754 0.000480277
Initial energy of the MPS: -0.252794
# DMRG Sweep # Mid bond EE # Energy # Std #
0 0.036344 14.8216 2.75645
1 0.694805 15.7488 0.0230393
2 0.697661 15.7499 0.00481155
3 0.693879 15.75 0.000644713
4 0.694903 15.75 0.000249023
5 0.703809 15.75 0.000173309
6 0.749954 15.75 0.000208059
7 0.823488 15.75 0.000200111
8 0.879089 15.75 0.000233841
9 0.893556 15.75 0.000157825
10 0.881297 15.75 0.0001064
min energy  # max energy
-28.1754 15.75
