Initial energy of the MPS: 0.23606
# DMRG Sweep # Mid bond EE # Energy # Std #
0 0.00578738 -26.7113 5.00457
1 0.76556 -28.1754 0.00434583
2 0.844048 -28.1754 0.000605736
3 0.845252 -28.1754 0.000538634
4 0.845265 -28.1754 0.000511786
5 0.845267 -28.1754 0.000498648
6 0.845267 -28.1754 0.00049197
7 0.845268 -28.1754 0.000487996
8 0.845268 -28.1754 0.000485572
9 0.845268 -28.1754 0.000484023
10 0.845268 -28.1754 0.00048289
11 0.845268 -28.1754 0.000482293
12 0.845268 -28.1754 0.000481996
13 0.845268 -28.1754 0.000481849
14 0.845268 -28.1754 0.000481733
15 0.845268 -28.1754 0.000481652
16 0.845268 -28.1754 0.000481572
17 0.845268 -28.1754 0.000481511
18 0.845268 -28.1754 0.000481445
19 0.845268 -28.1754 0.0004814
20 0.845268 -28.1754 0.000481341
21 0.845268 -28.1754 0.000481295
22 0.845268 -28.1754 0.000481243
23 0.845268 -28.1754 0.000481205
24 0.845268 -28.1754 0.00048115
25 0.845268 -28.1754 0.000481106
26 0.845268 -28.1754 0.000481061
27 0.845268 -28.1754 0.000481026
28 0.845268 -28.1754 0.000480987
29 0.845268 -28.1754 0.000480959
30 0.845268 -28.1754 0.000480924
31 0.845268 -28.1754 0.000480901
32 0.845268 -28.1754 0.000480877
33 0.845268 -28.1754 0.00048085
34 0.845268 -28.1754 0.000480822
35 0.845268 -28.1754 0.000480802
36 0.845268 -28.1754 0.000480776
37 0.845268 -28.1754 0.000480754
38 0.845268 -28.1754 0.000480732
39 0.845268 -28.1754 0.000480711
40 0.845268 -28.1754 0.000480696
41 0.845268 -28.1754 0.000480677
42 0.845268 -28.1754 0.00048065
43 0.845268 -28.1754 0.000480638
44 0.845268 -28.1754 0.000480617
45 0.845268 -28.1754 0.000480601
46 0.845268 -28.1754 0.000480585
47 0.845268 -28.1754 0.000480569
48 0.845268 -28.1754 0.000480558
49 0.845268 -28.1754 0.000480542
50 0.845268 -28.1754 0.000480529
51 0.845268 -28.1754 0.000480509
52 0.845268 -28.1754 0.000480498
53 0.845268 -28.1754 0.000480492
54 0.845268 -28.1754 0.000480478
55 0.845268 -28.1754 0.000480468
56 0.845268 -28.1754 0.000480451
57 0.845268 -28.1754 0.000480443
58 0.845268 -28.1754 0.000480432
59 0.845268 -28.1754 0.000480421
60 0.845268 -28.1754 0.000480411
61 0.845268 -28.1754 0.000480402
62 0.845268 -28.1754 0.000480395
63 0.845268 -28.1754 0.000480383
64 0.845268 -28.1754 0.000480376
65 0.845268 -28.1754 0.000480367
66 0.845268 -28.1754 0.000480364
67 0.845268 -28.1754 0.000480355
68 0.845268 -28.1754 0.000480349
69 0.845268 -28.1754 0.000480339
70 0.845268 -28.1754 0.000480335
71 0.845268 -28.1754 0.000480331
72 0.845268 -28.1754 0.000480323
73 0.845268 -28.1754 0.000480316
74 0.845268 -28.1754 0.000480313
75 0.845268 -28.1754 0.000480309
76 0.845268 -28.1754 0.000480302
77 0.845268 -28.1754 0.000480297
78 0.845268 -28.1754 0.000480288
79 0.845268 -28.1754 0.000480288
80 0.845268 -28.1754 0.000480285
81 0.845268 -28.1754 0.000480281
82 0.845268 -28.1754 0.000480277
83 0.845268 -28.1754 0.00048027
84 0.845268 -28.1754 0.000480265
85 0.845268 -28.1754 0.000480264
86 0.845268 -28.1754 0.000480262
87 0.845268 -28.1754 0.000480258
88 0.845268 -28.1754 0.000480254
89 0.845268 -28.1754 0.000480249
90 0.845268 -28.1754 0.000480247
91 0.845268 -28.1754 0.000480245
92 0.845268 -28.1754 0.000480243
93 0.845268 -28.1754 0.000480241
94 0.845268 -28.1754 0.000480242
95 0.845268 -28.1754 0.000480237
96 0.845268 -28.1754 0.000480232
97 0.845268 -28.1754 0.000480229
98 0.845268 -28.1754 0.000480225
99 0.845268 -28.1754 0.000480227
Initial energy of the MPS: -0.252784
# DMRG Sweep # Mid bond EE # Energy # Std #
0 0.0359005 14.8183 2.75917
1 0.697189 15.7486 0.0272415
2 0.694808 15.75 0.00406298
3 0.698029 15.7501 0.00108101
4 0.714642 15.7501 0.00082389
5 0.797027 15.7501 0.000330755
6 0.862919 15.7501 0.000481772
7 0.888458 15.7501 0.00036126
8 0.91756 15.7501 0.000170364
9 0.965345 15.7501 0.000248067
10 0.971511 15.7501 0.000412047
11 0.953089 15.7501 0.000269551
12 0.957284 15.7501 0.000119831
min energy  # max energy
-28.1754 15.7501
