Initial energy of the MPS: 0.236116
# DMRG Sweep # Mid bond EE # Energy # Std #
0 0.00578727 -26.7118 5.00466
1 0.765499 -28.1754 0.0043513
2 0.844044 -28.1754 0.000605758
3 0.845252 -28.1754 0.000538795
4 0.845266 -28.1754 0.000512041
5 0.845267 -28.1754 0.000499011
6 0.845268 -28.1754 0.000492594
7 0.845268 -28.1754 0.000488724
8 0.845268 -28.1754 0.000485829
9 0.845268 -28.1754 0.000483771
10 0.845268 -28.1754 0.000482648
11 0.845268 -28.1754 0.000482187
12 0.845268 -28.1754 0.000481949
13 0.845268 -28.1754 0.000481821
14 0.845268 -28.1754 0.000481713
15 0.845268 -28.1754 0.00048164
16 0.845268 -28.1754 0.00048156
17 0.845268 -28.1754 0.000481501
18 0.845268 -28.1754 0.000481441
19 0.845268 -28.1754 0.000481393
20 0.845268 -28.1754 0.000481335
21 0.845268 -28.1754 0.00048129
22 0.845268 -28.1754 0.000481234
23 0.845268 -28.1754 0.000481192
24 0.845268 -28.1754 0.000481142
25 0.845268 -28.1754 0.000481105
26 0.845268 -28.1754 0.000481058
27 0.845268 -28.1754 0.000481028
28 0.845268 -28.1754 0.000480991
29 0.845268 -28.1754 0.000480967
30 0.845268 -28.1754 0.000480933
31 0.845268 -28.1754 0.000480913
32 0.845268 -28.1754 0.000480884
33 0.845268 -28.1754 0.000480868
34 0.845268 -28.1754 0.000480843
35 0.845268 -28.1754 0.000480828
36 0.845268 -28.1754 0.000480801
37 0.845268 -28.1754 0.000480789
38 0.845268 -28.1754 0.000480771
39 0.845268 -28.1754 0.000480752
40 0.845268 -28.1754 0.000480737
41 0.845268 -28.1754 0.000480722
42 0.845268 -28.1754 0.0004807
43 0.845268 -28.1754 0.00048069
44 0.845268 -28.1754 0.000480675
45 0.845268 -28.1754 0.000480658
46 0.845268 -28.1754 0.000480644
47 0.845268 -28.1754 0.00048063
48 0.845268 -28.1754 0.000480615
49 0.845268 -28.1754 0.000480601
50 0.845268 -28.1754 0.000480588
51 0.845268 -28.1754 0.000480581
52 0.845268 -28.1754 0.000480561
53 0.845268 -28.1754 0.000480551
54 0.845268 -28.1754 0.000480539
55 0.845268 -28.1754 0.000480532
56 0.845268 -28.1754 0.000480519
57 0.845268 -28.1754 0.000480508
58 0.845268 -28.1754 0.000480495
59 0.845268 -28.1754 0.000480485
60 0.845268 -28.1754 0.000480477
61 0.845268 -28.1754 0.000480464
62 0.845268 -28.1754 0.000480457
63 0.845268 -28.1754 0.000480445
64 0.845268 -28.1754 0.000480435
65 0.845268 -28.1754 0.000480424
66 0.845268 -28.1754 0.000480418
67 0.845268 -28.1754 0.000480406
68 0.845268 -28.1754 0.000480405
69 0.845268 -28.1754 0.000480394
70 0.845268 -28.1754 0.000480382
71 0.845268 -28.1754 0.000480378
72 0.845268 -28.1754 0.000480369
73 0.845268 -28.1754 0.000480366
74 0.845268 -28.1754 0.000480357
75 0.845268 -28.1754 0.000480356
76 0.845268 -28.1754 0.000480349
77 0.845268 -28.1754 0.000480343
78 0.845268 -28.1754 0.000480335
79 0.845268 -28.1754 0.000480332
80 0.845268 -28.1754 0.000480328
81 0.845268 -28.1754 0.000480322
82 0.845268 -28.1754 0.000480314
83 0.845268 -28.1754 0.000480313
84 0.845268 -28.1754 0.000480305
85 0.845268 -28.1754 0.000480304
86 0.845268 -28.1754 0.000480303
87 0.845268 -28.1754 0.000480295
88 0.845268 -28.1754 0.000480292
89 0.845268 -28.1754 0.000480289
90 0.845268 -28.1754 0.000480282
91 0.845268 -28.1754 0.00048028
92 0.845268 -28.1754 0.000480273
93 0.845268 -28.1754 0.000480272
94 0.845268 -28.1754 0.000480267
95 0.845268 -28.1754 0.000480265
96 0.845268 -28.1754 0.000480262
97 0.845268 -28.1754 0.000480258
98 0.845268 -28.1754 0.000480253
99 0.845268 -28.1754 0.000480248
Initial energy of the MPS: -0.252753
# DMRG Sweep # Mid bond EE # Energy # Std #
0 0.0367243 14.8276 2.75776
1 0.693887 15.7484 0.0259382
2 0.696549 15.7499 0.00515948
3 0.734082 15.75 0.00157805
4 0.788983 15.7501 0.00216751
5 0.889182 15.7502 0.00127572
6 0.922219 15.7502 0.00103435
7 0.962129 15.7503 0.00113723
8 0.956659 15.7503 0.000767256
9 0.968439 15.7504 0.00085326
10 0.968191 15.7504 0.00109407
11 0.948158 15.7505 0.000991094
12 0.943895 15.7505 0.000735151
13 0.927384 15.7505 0.00073346
14 0.907358 15.7506 0.000833553
15 0.85926 15.7506 0.0010891
16 0.696988 15.7506 0.00144848
17 0.15658 15.7506 0.000371911
18 0.0370038 15.7506 0.000121235
min energy  # max energy
-28.1754 15.7506
