Initial energy of the MPS: 0.236056
# DMRG Sweep # Mid bond EE # Energy # Std #
0 0.00578732 -26.7114 5.00456
1 0.765502 -28.1754 0.00435086
2 0.844044 -28.1754 0.000605759
3 0.845252 -28.1754 0.000538733
4 0.845266 -28.1754 0.000511979
5 0.845267 -28.1754 0.000499009
6 0.845268 -28.1754 0.000492646
7 0.845268 -28.1754 0.000488865
8 0.845268 -28.1754 0.000486092
9 0.845268 -28.1754 0.000484024
10 0.845268 -28.1754 0.000482767
11 0.845268 -28.1754 0.000482228
12 0.845268 -28.1754 0.000481964
13 0.845268 -28.1754 0.000481825
14 0.845268 -28.1754 0.000481712
15 0.845268 -28.1754 0.000481626
16 0.845268 -28.1754 0.00048155
17 0.845268 -28.1754 0.000481491
18 0.845268 -28.1754 0.000481428
19 0.845268 -28.1754 0.000481379
20 0.845268 -28.1754 0.000481325
21 0.845268 -28.1754 0.000481279
22 0.845268 -28.1754 0.000481228
23 0.845268 -28.1754 0.000481177
24 0.845268 -28.1754 0.000481125
25 0.845268 -28.1754 0.000481086
26 0.845268 -28.1754 0.000481043
27 0.845268 -28.1754 0.000481019
28 0.845268 -28.1754 0.000480981
29 0.845268 -28.1754 0.000480954
30 0.845268 -28.1754 0.000480922
31 0.845268 -28.1754 0.000480901
32 0.845268 -28.1754 0.000480872
33 0.845268 -28.1754 0.000480849
34 0.845268 -28.1754 0.000480829
35 0.845268 -28.1754 0.00048081
36 0.845268 -28.1754 0.000480792
37 0.845268 -28.1754 0.000480773
38 0.845268 -28.1754 0.00048075
39 0.845268 -28.1754 0.000480736
40 0.845268 -28.1754 0.000480715
41 0.845268 -28.1754 0.000480697
42 0.845268 -28.1754 0.000480686
43 0.845268 -28.1754 0.00048067
44 0.845268 -28.1754 0.000480652
45 0.845268 -28.1754 0.00048064
46 0.845268 -28.1754 0.000480625
47 0.845268 -28.1754 0.000480611
48 0.845268 -28.1754 0.000480594
49 0.845268 -28.1754 0.000480582
50 0.845268 -28.1754 0.000480564
51 0.845268 -28.1754 0.000480553
52 0.845268 -28.1754 0.000480536
53 0.845268 -28.1754 0.000480526
54 0.845268 -28.1754 0.000480512
55 0.845268 -28.1754 0.000480506
56 0.845268 -28.1754 0.000480491
57 0.845268 -28.1754 0.000480479
58 0.845268 -28.1754 0.00048047
59 0.845268 -28.1754 0.000480459
60 0.845268 -28.1754 0.000480447
61 0.845268 -28.1754 0.000480432
62 0.845268 -28.1754 0.000480421
63 0.845268 -28.1754 0.00048041
64 0.845268 -28.1754 0.000480404
65 0.845268 -28.1754 0.000480397
66 0.845268 -28.1754 0.000480384
67 0.845268 -28.1754 0.000480377
68 0.845268 -28.1754 0.000480367
69 0.845268 -28.1754 0.000480361
70 0.845268 -28.1754 0.000480356
71 0.845268 -28.1754 0.000480345
72 0.845268 -28.1754 0.000480337
73 0.845268 -28.1754 0.000480331
74 0.845268 -28.1754 0.000480325
75 0.845268 -28.1754 0.000480325
76 0.845268 -28.1754 0.000480312
77 0.845268 -28.1754 0.000480307
78 0.845268 -28.1754 0.000480302
79 0.845268 -28.1754 0.0004803
80 0.845268 -28.1754 0.00048029
81 0.845268 -28.1754 0.000480286
82 0.845268 -28.1754 0.00048028
83 0.845268 -28.1754 0.000480279
84 0.845268 -28.1754 0.000480274
85 0.845268 -28.1754 0.00048027
86 0.845268 -28.1754 0.000480263
87 0.845268 -28.1754 0.000480261
88 0.845268 -28.1754 0.000480254
89 0.845268 -28.1754 0.000480255
90 0.845268 -28.1754 0.000480244
91 0.845268 -28.1754 0.000480246
92 0.845268 -28.1754 0.000480238
93 0.845268 -28.1754 0.000480236
94 0.845268 -28.1754 0.000480232
95 0.845268 -28.1754 0.000480228
96 0.845268 -28.1754 0.000480228
97 0.845268 -28.1754 0.000480222
98 0.845268 -28.1754 0.000480218
99 0.845268 -28.1754 0.000480216
Initial energy of the MPS: -0.252794
# DMRG Sweep # Mid bond EE # Energy # Std #
0 0.0365492 14.8188 2.7649
1 0.694506 15.7487 0.0237457
2 0.695477 15.7499 0.00427052
3 0.693894 15.75 0.00145417
4 0.75354 15.75 0.000900758
5 0.878312 15.75 0.000933535
6 0.878238 15.75 0.000833302
7 0.938847 15.7501 0.00052361
8 0.981473 15.7501 0.000304838
9 1.01637 15.7501 0.000497181
10 0.990878 15.7501 0.000694765
11 0.992736 15.7501 0.000425734
12 1.01664 15.7501 0.00026433
13 1.0251 15.7501 0.000435392
14 1.00729 15.7501 0.000585596
15 0.98373 15.7502 0.000571782
16 0.984086 15.7502 0.000330285
17 0.989275 15.7502 0.000441131
18 0.972197 15.7502 0.000495362
19 0.956448 15.7502 0.000387542
20 0.952306 15.7502 0.000409698
21 0.938571 15.7502 0.000390778
22 0.924648 15.7502 0.000397534
23 0.907271 15.7502 0.000387462
24 0.883487 15.7502 0.000370578
25 0.849527 15.7502 0.000434685
26 0.759596 15.7502 0.000473283
27 0.550682 15.7503 0.000377615
28 0.302533 15.7503 0.000288823
29 0.122778 15.7503 0.00018004
30 0.0362448 15.7503 8.27833e-05
min energy  # max energy
-28.1754 15.7503
