Initial energy of the MPS: 0.236044
# DMRG Sweep # Mid bond EE # Energy # Std #
0 0.0057874 -26.7116 5.00453
1 0.765581 -28.1754 0.0043465
2 0.84405 -28.1754 0.000605811
3 0.845251 -28.1754 0.000538626
4 0.845265 -28.1754 0.000511748
5 0.845266 -28.1754 0.000498645
6 0.845267 -28.1754 0.000491984
7 0.845267 -28.1754 0.00048804
8 0.845267 -28.1754 0.000485732
9 0.845267 -28.1754 0.000484283
10 0.845267 -28.1754 0.000483122
11 0.845267 -28.1754 0.000482433
12 0.845267 -28.1754 0.000482092
13 0.845267 -28.1754 0.000481925
14 0.845267 -28.1754 0.000481806
15 0.845267 -28.1754 0.000481727
16 0.845267 -28.1754 0.000481642
17 0.845267 -28.1754 0.000481583
18 0.845267 -28.1754 0.000481521
19 0.845267 -28.1754 0.000481466
20 0.845267 -28.1754 0.000481414
21 0.845267 -28.1754 0.000481376
22 0.845267 -28.1754 0.000481329
23 0.845267 -28.1754 0.000481292
24 0.845267 -28.1754 0.000481241
25 0.845267 -28.1754 0.000481209
26 0.845267 -28.1754 0.000481164
27 0.845267 -28.1754 0.000481129
28 0.845267 -28.1754 0.000481092
29 0.845267 -28.1754 0.000481064
30 0.845267 -28.1754 0.000481032
31 0.845267 -28.1754 0.000481012
32 0.845267 -28.1754 0.000480986
33 0.845267 -28.1754 0.000480966
34 0.845267 -28.1754 0.000480945
35 0.845267 -28.1754 0.000480925
36 0.845267 -28.1754 0.0004809
37 0.845267 -28.1754 0.000480889
38 0.845267 -28.1754 0.00048086
39 0.845267 -28.1754 0.000480851
40 0.845267 -28.1754 0.000480831
41 0.845267 -28.1754 0.000480814
42 0.845267 -28.1754 0.000480796
43 0.845267 -28.1754 0.000480782
44 0.845267 -28.1754 0.000480764
45 0.845267 -28.1754 0.000480744
46 0.845267 -28.1754 0.000480731
47 0.845267 -28.1754 0.000480716
48 0.845267 -28.1754 0.000480696
49 0.845267 -28.1754 0.000480687
50 0.845267 -28.1754 0.000480671
51 0.845267 -28.1754 0.000480657
52 0.845267 -28.1754 0.000480637
53 0.845267 -28.1754 0.000480627
54 0.845267 -28.1754 0.000480608
55 0.845267 -28.1754 0.000480598
56 0.845267 -28.1754 0.000480583
57 0.845267 -28.1754 0.000480577
58 0.845267 -28.1754 0.000480559
59 0.845267 -28.1754 0.000480549
60 0.845267 -28.1754 0.000480531
61 0.845267 -28.1754 0.000480525
62 0.845267 -28.1754 0.000480507
63 0.845267 -28.1754 0.0004805
64 0.845267 -28.1754 0.000480489
65 0.845267 -28.1754 0.000480476
66 0.845267 -28.1754 0.000480465
67 0.845267 -28.1754 0.000480458
68 0.845267 -28.1754 0.000480445
69 0.845267 -28.1754 0.000480439
70 0.845267 -28.1754 0.000480435
71 0.845267 -28.1754 0.000480424
72 0.845267 -28.1754 0.000480416
73 0.845267 -28.1754 0.000480412
74 0.845267 -28.1754 0.0004804
75 0.845267 -28.1754 0.000480396
76 0.845267 -28.1754 0.000480385
77 0.845267 -28.1754 0.000480383
78 0.845267 -28.1754 0.000480377
79 0.845267 -28.1754 0.000480374
80 0.845267 -28.1754 0.000480362
81 0.845267 -28.1754 0.000480362
82 0.845267 -28.1754 0.000480352
83 0.845267 -28.1754 0.000480355
84 0.845267 -28.1754 0.000480347
85 0.845267 -28.1754 0.000480346
86 0.845267 -28.1754 0.00048034
87 0.845267 -28.1754 0.00048034
88 0.845267 -28.1754 0.000480335
89 0.845267 -28.1754 0.000480327
90 0.845267 -28.1754 0.000480324
91 0.845267 -28.1754 0.000480321
92 0.845267 -28.1754 0.00048032
93 0.845267 -28.1754 0.000480315
94 0.845267 -28.1754 0.000480311
95 0.845267 -28.1754 0.00048031
96 0.845267 -28.1754 0.000480308
97 0.845267 -28.1754 0.000480305
98 0.845267 -28.1754 0.000480304
99 0.845267 -28.1754 0.0004803
Initial energy of the MPS: -0.252842
# DMRG Sweep # Mid bond EE # Energy # Std #
0 0.0356846 14.822 2.75691
1 0.695117 15.7485 0.0246797
2 0.694367 15.7499 0.00433531
3 0.702341 15.75 0.00114039
4 0.760204 15.75 0.000909848
5 0.842583 15.75 0.00061452
6 0.93979 15.75 0.000732306
7 0.933905 15.75 0.000342351
8 1.01732 15.75 0.000359845
9 1.01362 15.7501 0.000579364
10 0.99569 15.7501 0.000574366
11 1.00957 15.7501 0.000202546
12 1.03847 15.7501 0.000325725
13 1.03309 15.7501 0.000407217
14 1.01212 15.7501 0.000578059
15 0.9998 15.7501 0.00041247
16 1.00012 15.7501 0.000281787
17 1.00633 15.7501 0.000320142
18 0.997221 15.7501 0.000367905
19 0.988112 15.7501 0.000421331
20 0.973665 15.7502 0.000386443
21 0.968064 15.7502 0.000335593
22 0.952915 15.7502 0.000287737
23 0.94282 15.7502 0.000308895
24 0.926372 15.7502 0.000269345
25 0.912738 15.7502 0.000290311
26 0.895846 15.7502 0.000276554
27 0.87501 15.7502 0.000310073
28 0.832008 15.7502 0.000341476
29 0.731164 15.7502 0.000353843
30 0.528729 15.7502 0.000394257
31 0.288922 15.7502 0.00028502
32 0.145989 15.7502 0.000158709
33 0.0875202 15.7502 9.69423e-05
min energy  # max energy
-28.1754 15.7502
