Initial energy of the MPS: 0.236027
# DMRG Sweep # Mid bond EE # Energy # Std #
0 0.00578736 -26.7128 5.00482
1 0.765532 -28.1754 0.00434879
2 0.844047 -28.1754 0.000605774
3 0.845252 -28.1754 0.000538707
4 0.845266 -28.1754 0.000511914
5 0.845267 -28.1754 0.000498867
6 0.845268 -28.1754 0.000492349
7 0.845268 -28.1754 0.00048838
8 0.845268 -28.1754 0.000485637
9 0.845268 -28.1754 0.000483826
10 0.845268 -28.1754 0.000482724
11 0.845268 -28.1754 0.000482224
12 0.845268 -28.1754 0.000481982
13 0.845268 -28.1754 0.000481848
14 0.845268 -28.1754 0.000481739
15 0.845268 -28.1754 0.000481663
16 0.845268 -28.1754 0.000481588
17 0.845268 -28.1754 0.000481529
18 0.845268 -28.1754 0.00048147
19 0.845268 -28.1754 0.000481424
20 0.845268 -28.1754 0.000481369
21 0.845268 -28.1754 0.000481322
22 0.845268 -28.1754 0.000481274
23 0.845268 -28.1754 0.000481227
24 0.845268 -28.1754 0.000481172
25 0.845268 -28.1754 0.00048113
26 0.845268 -28.1754 0.000481086
27 0.845268 -28.1754 0.000481055
28 0.845268 -28.1754 0.000481021
29 0.845268 -28.1754 0.000480988
30 0.845268 -28.1754 0.000480957
31 0.845268 -28.1754 0.000480929
32 0.845268 -28.1754 0.000480902
33 0.845268 -28.1754 0.000480885
34 0.845268 -28.1754 0.000480858
35 0.845268 -28.1754 0.000480835
36 0.845268 -28.1754 0.000480812
37 0.845268 -28.1754 0.000480794
38 0.845268 -28.1754 0.000480769
39 0.845268 -28.1754 0.000480754
40 0.845268 -28.1754 0.000480731
41 0.845268 -28.1754 0.000480718
42 0.845268 -28.1754 0.000480695
43 0.845268 -28.1754 0.000480684
44 0.845268 -28.1754 0.00048066
45 0.845268 -28.1754 0.000480648
46 0.845268 -28.1754 0.000480629
47 0.845268 -28.1754 0.000480615
48 0.845268 -28.1754 0.000480598
49 0.845268 -28.1754 0.000480587
50 0.845268 -28.1754 0.000480565
51 0.845268 -28.1754 0.000480553
52 0.845268 -28.1754 0.00048054
53 0.845268 -28.1754 0.000480529
54 0.845268 -28.1754 0.000480514
55 0.845268 -28.1754 0.000480509
56 0.845268 -28.1754 0.000480491
57 0.845268 -28.1754 0.000480483
58 0.845268 -28.1754 0.000480469
59 0.845268 -28.1754 0.000480465
60 0.845268 -28.1754 0.000480454
61 0.845268 -28.1754 0.000480449
62 0.845268 -28.1754 0.000480434
63 0.845268 -28.1754 0.000480427
64 0.845268 -28.1754 0.00048042
65 0.845268 -28.1754 0.000480414
66 0.845268 -28.1754 0.000480403
67 0.845268 -28.1754 0.000480398
68 0.845268 -28.1754 0.000480388
69 0.845268 -28.1754 0.000480387
70 0.845268 -28.1754 0.000480376
71 0.845268 -28.1754 0.000480372
72 0.845268 -28.1754 0.000480369
73 0.845268 -28.1754 0.000480365
74 0.845268 -28.1754 0.000480357
75 0.845268 -28.1754 0.000480355
76 0.845268 -28.1754 0.000480345
77 0.845268 -28.1754 0.000480346
78 0.845268 -28.1754 0.00048034
79 0.845268 -28.1754 0.000480335
80 0.845268 -28.1754 0.000480328
81 0.845268 -28.1754 0.000480327
82 0.845268 -28.1754 0.000480318
83 0.845268 -28.1754 0.000480316
84 0.845268 -28.1754 0.000480313
85 0.845268 -28.1754 0.000480307
86 0.845268 -28.1754 0.000480304
87 0.845268 -28.1754 0.000480298
88 0.845268 -28.1754 0.000480295
89 0.845268 -28.1754 0.000480295
90 0.845268 -28.1754 0.00048029
91 0.845268 -28.1754 0.000480287
92 0.845268 -28.1754 0.000480284
93 0.845268 -28.1754 0.000480285
94 0.845268 -28.1754 0.000480272
95 0.845268 -28.1754 0.000480274
96 0.845268 -28.1754 0.000480267
97 0.845268 -28.1754 0.000480267
98 0.845268 -28.1754 0.000480264
99 0.845268 -28.1754 0.000480263
Initial energy of the MPS: -0.252805
# DMRG Sweep # Mid bond EE # Energy # Std #
0 0.036334 14.8219 2.7561
1 0.693981 15.7486 0.0254891
2 0.694951 15.7499 0.00450436
3 0.695427 15.75 0.000755839
4 0.699861 15.75 0.000420875
5 0.704007 15.75 0.000486079
6 0.784691 15.75 0.000302632
7 0.752739 15.75 0.00013484
min energy  # max energy
-28.1754 15.75
