Initial energy of the MPS: 0.236005
# DMRG Sweep # Mid bond EE # Energy # Std #
0 0.00578733 -26.712 5.00472
1 0.765561 -28.1754 0.00434705
2 0.844049 -28.1754 0.000605788
3 0.845252 -28.1754 0.000538631
4 0.845266 -28.1754 0.000511792
5 0.845267 -28.1754 0.000498729
6 0.845268 -28.1754 0.000492138
7 0.845268 -28.1754 0.000488165
8 0.845268 -28.1754 0.000485677
9 0.845268 -28.1754 0.000484085
10 0.845268 -28.1754 0.000482931
11 0.845268 -28.1754 0.000482328
12 0.845268 -28.1754 0.000482033
13 0.845268 -28.1754 0.000481884
14 0.845268 -28.1754 0.000481772
15 0.845268 -28.1754 0.000481689
16 0.845268 -28.1754 0.000481613
17 0.845268 -28.1754 0.000481551
18 0.845268 -28.1754 0.000481488
19 0.845268 -28.1754 0.000481438
20 0.845268 -28.1754 0.000481382
21 0.845268 -28.1754 0.000481335
22 0.845268 -28.1754 0.000481287
23 0.845268 -28.1754 0.000481248
24 0.845268 -28.1754 0.000481196
25 0.845268 -28.1754 0.000481155
26 0.845268 -28.1754 0.000481112
27 0.845268 -28.1754 0.000481077
28 0.845268 -28.1754 0.000481041
29 0.845268 -28.1754 0.000481013
30 0.845268 -28.1754 0.000480986
31 0.845268 -28.1754 0.000480961
32 0.845268 -28.1754 0.000480934
33 0.845268 -28.1754 0.000480914
34 0.845268 -28.1754 0.000480885
35 0.845268 -28.1754 0.000480868
36 0.845268 -28.1754 0.000480839
37 0.845268 -28.1754 0.000480823
38 0.845268 -28.1754 0.000480799
39 0.845268 -28.1754 0.000480785
40 0.845268 -28.1754 0.000480759
41 0.845268 -28.1754 0.000480744
42 0.845268 -28.1754 0.000480725
43 0.845268 -28.1754 0.000480709
44 0.845268 -28.1754 0.000480687
45 0.845268 -28.1754 0.000480671
46 0.845268 -28.1754 0.000480649
47 0.845268 -28.1754 0.000480639
48 0.845268 -28.1754 0.000480618
49 0.845268 -28.1754 0.000480608
50 0.845268 -28.1754 0.00048058
51 0.845268 -28.1754 0.000480574
52 0.845268 -28.1754 0.000480553
53 0.845268 -28.1754 0.000480544
54 0.845268 -28.1754 0.000480523
55 0.845268 -28.1754 0.000480522
56 0.845268 -28.1754 0.000480501
57 0.845268 -28.1754 0.000480488
58 0.845268 -28.1754 0.000480476
59 0.845268 -28.1754 0.000480472
60 0.845268 -28.1754 0.000480451
61 0.845268 -28.1754 0.000480447
62 0.845268 -28.1754 0.000480431
63 0.845268 -28.1754 0.000480432
64 0.845268 -28.1754 0.000480421
65 0.845268 -28.1754 0.000480414
66 0.845268 -28.1754 0.000480405
67 0.845268 -28.1754 0.000480398
68 0.845268 -28.1754 0.000480385
69 0.845268 -28.1754 0.000480382
70 0.845268 -28.1754 0.000480372
71 0.845268 -28.1754 0.000480371
72 0.845268 -28.1754 0.00048036
73 0.845268 -28.1754 0.000480358
74 0.845268 -28.1754 0.000480349
75 0.845268 -28.1754 0.000480345
76 0.845268 -28.1754 0.00048034
77 0.845268 -28.1754 0.000480338
78 0.845268 -28.1754 0.000480334
79 0.845268 -28.1754 0.000480327
80 0.845268 -28.1754 0.000480326
81 0.845268 -28.1754 0.000480322
82 0.845268 -28.1754 0.000480314
83 0.845268 -28.1754 0.000480313
84 0.845268 -28.1754 0.000480306
85 0.845268 -28.1754 0.000480302
86 0.845268 -28.1754 0.000480298
87 0.845268 -28.1754 0.000480297
88 0.845268 -28.1754 0.000480295
89 0.845268 -28.1754 0.000480291
90 0.845268 -28.1754 0.000480286
91 0.845268 -28.1754 0.000480284
92 0.845268 -28.1754 0.000480279
93 0.845268 -28.1754 0.000480282
94 0.845268 -28.1754 0.000480275
95 0.845268 -28.1754 0.000480275
96 0.845268 -28.1754 0.000480272
97 0.845268 -28.1754 0.000480272
98 0.845268 -28.1754 0.000480263
99 0.845268 -28.1754 0.000480265
Initial energy of the MPS: -0.25281
# DMRG Sweep # Mid bond EE # Energy # Std #
0 0.0364549 14.8222 2.75712
1 0.694494 15.7487 0.0229409
2 0.696081 15.75 0.00460921
3 0.693621 15.75 0.00129112
4 0.70263 15.7501 0.000783171
5 0.784215 15.7501 0.00066863
6 0.879004 15.7501 0.00042353
7 0.911208 15.7501 0.000482131
8 0.958592 15.7501 0.000256358
9 0.969971 15.7501 0.000209994
10 1.00282 15.7501 0.000206975
11 0.992344 15.7501 0.00041627
12 0.976618 15.7501 0.000444295
13 0.955329 15.7501 0.000272258
14 0.962379 15.7501 0.000213048
15 0.959307 15.7501 0.00026612
16 0.955726 15.7501 0.000285044
17 0.934268 15.7501 0.000296609
18 0.921737 15.7501 0.000283733
19 0.904616 15.7501 0.000266242
20 0.888701 15.7502 0.000280604
21 0.855247 15.7502 0.000291948
22 0.805568 15.7502 0.000271129
23 0.676558 15.7502 0.000260382
24 0.419346 15.7502 0.000270138
25 0.17855 15.7502 0.000144485
min energy  # max energy
-28.1754 15.7502
