Initial energy of the MPS: 0.236112
# DMRG Sweep # Mid bond EE # Energy # Std #
0 0.00578736 -26.7132 5.00487
1 0.765536 -28.1754 0.00434972
2 0.844047 -28.1754 0.000605814
3 0.845251 -28.1754 0.000538676
4 0.845265 -28.1754 0.000511888
5 0.845266 -28.1754 0.000498934
6 0.845267 -28.1754 0.000492499
7 0.845267 -28.1754 0.000488573
8 0.845267 -28.1754 0.000485794
9 0.845267 -28.1754 0.000483914
10 0.845267 -28.1754 0.000482781
11 0.845267 -28.1754 0.000482269
12 0.845267 -28.1754 0.000482019
13 0.845267 -28.1754 0.000481884
14 0.845267 -28.1754 0.000481776
15 0.845267 -28.1754 0.000481701
16 0.845267 -28.1754 0.000481623
17 0.845267 -28.1754 0.000481571
18 0.845267 -28.1754 0.000481506
19 0.845267 -28.1754 0.000481459
20 0.845267 -28.1754 0.000481402
21 0.845267 -28.1754 0.000481363
22 0.845267 -28.1754 0.00048131
23 0.845267 -28.1754 0.000481267
24 0.845267 -28.1754 0.000481215
25 0.845267 -28.1754 0.000481179
26 0.845267 -28.1754 0.000481138
27 0.845267 -28.1754 0.000481106
28 0.845267 -28.1754 0.000481069
29 0.845267 -28.1754 0.000481045
30 0.845267 -28.1754 0.000481012
31 0.845267 -28.1754 0.000480994
32 0.845267 -28.1754 0.000480963
33 0.845267 -28.1754 0.000480944
34 0.845267 -28.1754 0.000480924
35 0.845267 -28.1754 0.000480905
36 0.845267 -28.1754 0.000480879
37 0.845267 -28.1754 0.000480859
38 0.845267 -28.1754 0.000480841
39 0.845267 -28.1754 0.000480822
40 0.845267 -28.1754 0.0004808
41 0.845267 -28.1754 0.000480783
42 0.845267 -28.1754 0.000480759
43 0.845267 -28.1754 0.000480747
44 0.845267 -28.1754 0.000480723
45 0.845267 -28.1754 0.000480707
46 0.845267 -28.1754 0.000480684
47 0.845267 -28.1754 0.00048067
48 0.845267 -28.1754 0.00048065
49 0.845267 -28.1754 0.000480639
50 0.845267 -28.1754 0.000480612
51 0.845267 -28.1754 0.000480601
52 0.845267 -28.1754 0.000480586
53 0.845267 -28.1754 0.000480575
54 0.845267 -28.1754 0.00048056
55 0.845267 -28.1754 0.000480547
56 0.845267 -28.1754 0.000480531
57 0.845267 -28.1754 0.000480523
58 0.845267 -28.1754 0.000480504
59 0.845267 -28.1754 0.000480497
60 0.845267 -28.1754 0.000480481
61 0.845267 -28.1754 0.000480474
62 0.845267 -28.1754 0.000480464
63 0.845267 -28.1754 0.000480455
64 0.845267 -28.1754 0.000480443
65 0.845267 -28.1754 0.000480439
66 0.845267 -28.1754 0.000480425
67 0.845267 -28.1754 0.000480425
68 0.845267 -28.1754 0.000480408
69 0.845267 -28.1754 0.000480409
70 0.845267 -28.1754 0.000480397
71 0.845267 -28.1754 0.000480396
72 0.845267 -28.1754 0.000480385
73 0.845267 -28.1754 0.000480379
74 0.845267 -28.1754 0.000480376
75 0.845267 -28.1754 0.000480369
76 0.845267 -28.1754 0.000480362
77 0.845267 -28.1754 0.00048036
78 0.845267 -28.1754 0.000480355
79 0.845267 -28.1754 0.000480351
80 0.845267 -28.1754 0.000480342
81 0.845267 -28.1754 0.000480346
82 0.845267 -28.1754 0.000480335
83 0.845267 -28.1754 0.000480336
84 0.845267 -28.1754 0.000480331
85 0.845267 -28.1754 0.000480329
86 0.845267 -28.1754 0.000480324
87 0.845267 -28.1754 0.000480324
88 0.845267 -28.1754 0.000480311
89 0.845267 -28.1754 0.000480314
90 0.845267 -28.1754 0.000480308
91 0.845267 -28.1754 0.000480311
92 0.845267 -28.1754 0.000480303
93 0.845267 -28.1754 0.000480301
94 0.845267 -28.1754 0.000480297
95 0.845267 -28.1754 0.000480294
96 0.845267 -28.1754 0.000480293
97 0.845267 -28.1754 0.000480288
98 0.845267 -28.1754 0.000480282
99 0.845267 -28.1754 0.000480284
Initial energy of the MPS: -0.252773
# DMRG Sweep # Mid bond EE # Energy # Std #
0 0.0367016 14.8264 2.75628
1 0.694563 15.7488 0.0210385
2 0.700892 15.7499 0.00389925
3 0.695082 15.75 0.000661216
4 0.702278 15.75 0.000703517
5 0.788989 15.75 0.000419315
6 0.822285 15.75 0.00022166
7 0.912737 15.75 0.00025349
8 0.930559 15.75 0.000422087
9 0.906163 15.75 0.000220353
10 0.945725 15.75 9.35472e-05
min energy  # max energy
-28.1754 15.75
