Initial energy of the MPS: 0.23605
# DMRG Sweep # Mid bond EE # Energy # Std #
0 0.00578743 -26.713 5.00488
1 0.76557 -28.1754 0.00434656
2 0.84405 -28.1754 0.000605772
3 0.845251 -28.1754 0.000538626
4 0.845264 -28.1754 0.000511757
5 0.845266 -28.1754 0.000498657
6 0.845266 -28.1754 0.000492006
7 0.845267 -28.1754 0.000488057
8 0.845267 -28.1754 0.000485707
9 0.845267 -28.1754 0.000484233
10 0.845267 -28.1754 0.000483074
11 0.845267 -28.1754 0.000482406
12 0.845267 -28.1754 0.000482072
13 0.845267 -28.1754 0.000481912
14 0.845267 -28.1754 0.000481793
15 0.845267 -28.1754 0.000481711
16 0.845267 -28.1754 0.000481636
17 0.845267 -28.1754 0.000481572
18 0.845267 -28.1754 0.000481505
19 0.845267 -28.1754 0.000481456
20 0.845267 -28.1754 0.000481399
21 0.845267 -28.1754 0.000481355
22 0.845267 -28.1754 0.000481309
23 0.845267 -28.1754 0.000481273
24 0.845267 -28.1754 0.00048123
25 0.845267 -28.1754 0.00048119
26 0.845267 -28.1754 0.00048114
27 0.845267 -28.1754 0.000481103
28 0.845267 -28.1754 0.000481071
29 0.845267 -28.1754 0.00048104
30 0.845267 -28.1754 0.000481009
31 0.845267 -28.1754 0.000480989
32 0.845267 -28.1754 0.000480964
33 0.845267 -28.1754 0.000480941
34 0.845267 -28.1754 0.000480918
35 0.845267 -28.1754 0.0004809
36 0.845267 -28.1754 0.000480876
37 0.845267 -28.1754 0.000480861
38 0.845267 -28.1754 0.000480837
39 0.845267 -28.1754 0.000480818
40 0.845267 -28.1754 0.000480802
41 0.845267 -28.1754 0.000480784
42 0.845267 -28.1754 0.00048076
43 0.845267 -28.1754 0.000480744
44 0.845267 -28.1754 0.000480724
45 0.845267 -28.1754 0.000480712
46 0.845267 -28.1754 0.000480691
47 0.845267 -28.1754 0.000480673
48 0.845267 -28.1754 0.000480656
49 0.845267 -28.1754 0.000480644
50 0.845267 -28.1754 0.000480625
51 0.845267 -28.1754 0.000480611
52 0.845267 -28.1754 0.000480594
53 0.845267 -28.1754 0.000480583
54 0.845267 -28.1754 0.000480564
55 0.845267 -28.1754 0.000480557
56 0.845267 -28.1754 0.000480541
57 0.845267 -28.1754 0.000480528
58 0.845267 -28.1754 0.000480514
59 0.845267 -28.1754 0.000480506
60 0.845267 -28.1754 0.000480489
61 0.845267 -28.1754 0.000480483
62 0.845267 -28.1754 0.000480471
63 0.845267 -28.1754 0.000480459
64 0.845267 -28.1754 0.000480448
65 0.845267 -28.1754 0.000480442
66 0.845267 -28.1754 0.000480432
67 0.845267 -28.1754 0.000480424
68 0.845267 -28.1754 0.000480414
69 0.845267 -28.1754 0.000480408
70 0.845267 -28.1754 0.000480398
71 0.845267 -28.1754 0.000480392
72 0.845267 -28.1754 0.000480385
73 0.845267 -28.1754 0.000480384
74 0.845267 -28.1754 0.000480378
75 0.845267 -28.1754 0.000480369
76 0.845267 -28.1754 0.000480366
77 0.845267 -28.1754 0.000480362
78 0.845267 -28.1754 0.000480356
79 0.845267 -28.1754 0.00048035
80 0.845267 -28.1754 0.000480343
81 0.845267 -28.1754 0.000480344
82 0.845267 -28.1754 0.000480338
83 0.845267 -28.1754 0.000480333
84 0.845267 -28.1754 0.000480328
85 0.845267 -28.1754 0.000480328
86 0.845267 -28.1754 0.000480325
87 0.845267 -28.1754 0.00048032
88 0.845267 -28.1754 0.000480314
89 0.845267 -28.1754 0.000480311
90 0.845267 -28.1754 0.000480305
91 0.845267 -28.1754 0.000480306
92 0.845267 -28.1754 0.000480304
93 0.845267 -28.1754 0.000480302
94 0.845267 -28.1754 0.000480295
95 0.845267 -28.1754 0.000480299
96 0.845267 -28.1754 0.000480291
97 0.845267 -28.1754 0.000480289
98 0.845267 -28.1754 0.000480282
99 0.845267 -28.1754 0.000480283
Initial energy of the MPS: -0.252809
# DMRG Sweep # Mid bond EE # Energy # Std #
0 0.0367315 14.8276 2.75695
1 0.694347 15.7485 0.025227
2 0.694932 15.7499 0.00494969
3 0.694853 15.75 0.000600824
4 0.706642 15.75 0.000809959
5 0.83136 15.75 0.000258449
6 0.876976 15.75 0.000274664
7 0.942176 15.75 0.000365547
8 0.933702 15.75 0.000262094
9 0.941846 15.75 0.000105908
min energy  # max energy
-28.1754 15.75
