Initial energy of the MPS: 0.23609
# DMRG Sweep # Mid bond EE # Energy # Std #
0 0.0057873 -26.7103 5.00436
1 0.765518 -28.1754 0.00435016
2 0.844045 -28.1754 0.000605757
3 0.845252 -28.1754 0.000538703
4 0.845266 -28.1754 0.000511951
5 0.845267 -28.1754 0.000498976
6 0.845268 -28.1754 0.000492576
7 0.845268 -28.1754 0.000488714
8 0.845268 -28.1754 0.000485883
9 0.845268 -28.1754 0.000483855
10 0.845268 -28.1754 0.0004827
11 0.845268 -28.1754 0.000482215
12 0.845268 -28.1754 0.000481967
13 0.845268 -28.1754 0.000481837
14 0.845268 -28.1754 0.000481726
15 0.845268 -28.1754 0.000481651
16 0.845268 -28.1754 0.000481572
17 0.845268 -28.1754 0.000481518
18 0.845268 -28.1754 0.000481455
19 0.845268 -28.1754 0.000481407
20 0.845268 -28.1754 0.000481354
21 0.845268 -28.1754 0.000481313
22 0.845268 -28.1754 0.000481258
23 0.845268 -28.1754 0.000481215
24 0.845268 -28.1754 0.000481161
25 0.845268 -28.1754 0.000481119
26 0.845268 -28.1754 0.000481081
27 0.845268 -28.1754 0.000481049
28 0.845268 -28.1754 0.000481012
29 0.845268 -28.1754 0.000480986
30 0.845268 -28.1754 0.000480956
31 0.845268 -28.1754 0.000480933
32 0.845268 -28.1754 0.000480907
33 0.845268 -28.1754 0.000480887
34 0.845268 -28.1754 0.000480859
35 0.845268 -28.1754 0.000480837
36 0.845268 -28.1754 0.000480816
37 0.845268 -28.1754 0.0004808
38 0.845268 -28.1754 0.00048078
39 0.845268 -28.1754 0.00048076
40 0.845268 -28.1754 0.000480739
41 0.845268 -28.1754 0.000480726
42 0.845268 -28.1754 0.000480706
43 0.845268 -28.1754 0.00048069
44 0.845268 -28.1754 0.000480674
45 0.845268 -28.1754 0.000480658
46 0.845268 -28.1754 0.000480636
47 0.845268 -28.1754 0.000480627
48 0.845268 -28.1754 0.000480612
49 0.845268 -28.1754 0.000480595
50 0.845268 -28.1754 0.000480578
51 0.845268 -28.1754 0.000480567
52 0.845268 -28.1754 0.000480553
53 0.845268 -28.1754 0.000480541
54 0.845268 -28.1754 0.000480527
55 0.845268 -28.1754 0.000480516
56 0.845268 -28.1754 0.000480502
57 0.845268 -28.1754 0.000480495
58 0.845268 -28.1754 0.000480483
59 0.845268 -28.1754 0.000480472
60 0.845268 -28.1754 0.000480464
61 0.845268 -28.1754 0.000480454
62 0.845268 -28.1754 0.000480444
63 0.845268 -28.1754 0.000480437
64 0.845268 -28.1754 0.000480426
65 0.845268 -28.1754 0.000480418
66 0.845268 -28.1754 0.000480408
67 0.845268 -28.1754 0.000480399
68 0.845268 -28.1754 0.000480392
69 0.845268 -28.1754 0.000480388
70 0.845268 -28.1754 0.00048038
71 0.845268 -28.1754 0.000480373
72 0.845268 -28.1754 0.000480368
73 0.845268 -28.1754 0.000480364
74 0.845268 -28.1754 0.000480359
75 0.845268 -28.1754 0.000480354
76 0.845268 -28.1754 0.000480348
77 0.845268 -28.1754 0.000480342
78 0.845268 -28.1754 0.000480333
79 0.845268 -28.1754 0.000480333
80 0.845268 -28.1754 0.000480331
81 0.845268 -28.1754 0.000480319
82 0.845268 -28.1754 0.000480313
83 0.845268 -28.1754 0.000480313
84 0.845268 -28.1754 0.000480311
85 0.845268 -28.1754 0.000480305
86 0.845268 -28.1754 0.000480305
87 0.845268 -28.1754 0.000480298
88 0.845268 -28.1754 0.000480291
89 0.845268 -28.1754 0.000480286
90 0.845268 -28.1754 0.000480285
91 0.845268 -28.1754 0.000480285
92 0.845268 -28.1754 0.000480278
93 0.845268 -28.1754 0.000480276
94 0.845268 -28.1754 0.000480267
95 0.845268 -28.1754 0.000480272
96 0.845268 -28.1754 0.000480265
97 0.845268 -28.1754 0.000480261
98 0.845268 -28.1754 0.000480255
99 0.845268 -28.1754 0.000480253
Initial energy of the MPS: -0.252717
# DMRG Sweep # Mid bond EE # Energy # Std #
0 0.036242 14.8185 2.75611
1 0.695155 15.7486 0.0253249
2 0.694278 15.75 0.00418294
3 0.698471 15.75 0.00122467
4 0.721969 15.75 0.000714031
5 0.81461 15.7501 0.000238939
6 0.906286 15.7501 0.000376543
7 0.927049 15.7501 0.000439206
8 0.911068 15.7501 0.000158533
9 0.970574 15.7501 0.00012119
min energy  # max energy
-28.1754 15.7501
