Initial energy of the MPS: 0.236094
# DMRG Sweep # Mid bond EE # Energy # Std #
0 0.00578738 -26.7102 5.00438
1 0.765518 -28.1754 0.00434982
2 0.844045 -28.1754 0.000605751
3 0.845252 -28.1754 0.000538725
4 0.845266 -28.1754 0.000511961
5 0.845267 -28.1754 0.000498939
6 0.845268 -28.1754 0.000492463
7 0.845268 -28.1754 0.000488551
8 0.845268 -28.1754 0.000485696
9 0.845268 -28.1754 0.000483753
10 0.845268 -28.1754 0.000482654
11 0.845268 -28.1754 0.00048218
12 0.845268 -28.1754 0.000481938
13 0.845268 -28.1754 0.000481813
14 0.845268 -28.1754 0.000481705
15 0.845268 -28.1754 0.000481624
16 0.845268 -28.1754 0.000481546
17 0.845268 -28.1754 0.000481489
18 0.845268 -28.1754 0.000481426
19 0.845268 -28.1754 0.000481383
20 0.845268 -28.1754 0.000481328
21 0.845268 -28.1754 0.000481285
22 0.845268 -28.1754 0.000481232
23 0.845268 -28.1754 0.000481186
24 0.845268 -28.1754 0.000481131
25 0.845268 -28.1754 0.000481091
26 0.845268 -28.1754 0.000481046
27 0.845268 -28.1754 0.000481017
28 0.845268 -28.1754 0.000480976
29 0.845268 -28.1754 0.000480952
30 0.845268 -28.1754 0.000480921
31 0.845268 -28.1754 0.000480894
32 0.845268 -28.1754 0.000480869
33 0.845268 -28.1754 0.000480848
34 0.845268 -28.1754 0.000480822
35 0.845268 -28.1754 0.000480806
36 0.845268 -28.1754 0.000480777
37 0.845268 -28.1754 0.000480763
38 0.845268 -28.1754 0.000480741
39 0.845268 -28.1754 0.000480728
40 0.845268 -28.1754 0.00048071
41 0.845268 -28.1754 0.000480691
42 0.845268 -28.1754 0.000480677
43 0.845268 -28.1754 0.00048066
44 0.845268 -28.1754 0.000480642
45 0.845268 -28.1754 0.000480629
46 0.845268 -28.1754 0.000480612
47 0.845268 -28.1754 0.000480596
48 0.845268 -28.1754 0.000480581
49 0.845268 -28.1754 0.000480571
50 0.845268 -28.1754 0.00048055
51 0.845268 -28.1754 0.000480539
52 0.845268 -28.1754 0.000480526
53 0.845268 -28.1754 0.000480516
54 0.845268 -28.1754 0.000480496
55 0.845268 -28.1754 0.000480488
56 0.845268 -28.1754 0.000480474
57 0.845268 -28.1754 0.000480468
58 0.845268 -28.1754 0.000480451
59 0.845268 -28.1754 0.000480447
60 0.845268 -28.1754 0.000480435
61 0.845268 -28.1754 0.000480422
62 0.845268 -28.1754 0.000480406
63 0.845268 -28.1754 0.0004804
64 0.845268 -28.1754 0.000480393
65 0.845268 -28.1754 0.000480385
66 0.845268 -28.1754 0.000480376
67 0.845268 -28.1754 0.000480371
68 0.845268 -28.1754 0.000480358
69 0.845268 -28.1754 0.000480353
70 0.845268 -28.1754 0.000480347
71 0.845268 -28.1754 0.000480337
72 0.845268 -28.1754 0.000480332
73 0.845268 -28.1754 0.000480325
74 0.845268 -28.1754 0.000480321
75 0.845268 -28.1754 0.00048031
76 0.845268 -28.1754 0.000480306
77 0.845268 -28.1754 0.000480305
78 0.845268 -28.1754 0.000480299
79 0.845268 -28.1754 0.000480294
80 0.845268 -28.1754 0.000480287
81 0.845268 -28.1754 0.000480281
82 0.845268 -28.1754 0.000480274
83 0.845268 -28.1754 0.000480273
84 0.845268 -28.1754 0.000480267
85 0.845268 -28.1754 0.000480265
86 0.845268 -28.1754 0.000480262
87 0.845268 -28.1754 0.000480258
88 0.845268 -28.1754 0.00048025
89 0.845268 -28.1754 0.000480247
90 0.845268 -28.1754 0.000480245
91 0.845268 -28.1754 0.000480243
92 0.845268 -28.1754 0.000480241
93 0.845268 -28.1754 0.000480233
94 0.845268 -28.1754 0.000480232
95 0.845268 -28.1754 0.000480227
96 0.845268 -28.1754 0.000480225
97 0.845268 -28.1754 0.000480219
98 0.845268 -28.1754 0.000480218
99 0.845268 -28.1754 0.000480218
Initial energy of the MPS: -0.252752
# DMRG Sweep # Mid bond EE # Energy # Std #
0 0.0365999 14.8192 2.75619
1 0.695244 15.7487 0.0249475
2 0.696297 15.75 0.0046732
3 0.695202 15.7501 0.00171577
4 0.723192 15.7501 0.000937303
5 0.823446 15.7501 0.000541645
6 0.883195 15.7501 0.000937922
7 0.897628 15.7501 0.000378587
8 0.954874 15.7501 0.000233868
9 0.980159 15.7502 0.000359643
10 0.972538 15.7502 0.000496525
11 0.969737 15.7502 0.000604276
12 0.948843 15.7502 0.000502322
13 0.950519 15.7502 0.00021136
14 0.967145 15.7502 0.000198086
15 0.967718 15.7502 0.000214285
16 0.959725 15.7502 0.000284439
17 0.94875 15.7502 0.000363428
18 0.932536 15.7502 0.00036018
19 0.919399 15.7502 0.000415815
20 0.903856 15.7502 0.000415504
21 0.877909 15.7502 0.00040416
22 0.835169 15.7502 0.000464929
23 0.694803 15.7502 0.000377209
24 0.367608 15.7502 0.000277468
25 0.151415 15.7502 0.000155866
26 0.0588845 15.7502 7.76925e-05
min energy  # max energy
-28.1754 15.7502
