Initial energy of the MPS: 0.236043
# DMRG Sweep # Mid bond EE # Energy # Std #
0 0.0057873 -26.7128 5.00483
1 0.765526 -28.1754 0.00434968
2 0.844046 -28.1754 0.000605772
3 0.845252 -28.1754 0.000538719
4 0.845266 -28.1754 0.000511944
5 0.845267 -28.1754 0.000498918
6 0.845268 -28.1754 0.000492445
7 0.845268 -28.1754 0.000488517
8 0.845268 -28.1754 0.000485677
9 0.845268 -28.1754 0.000483772
10 0.845268 -28.1754 0.000482679
11 0.845268 -28.1754 0.000482216
12 0.845268 -28.1754 0.000481974
13 0.845268 -28.1754 0.000481846
14 0.845268 -28.1754 0.000481738
15 0.845268 -28.1754 0.000481661
16 0.845268 -28.1754 0.000481585
17 0.845268 -28.1754 0.000481536
18 0.845268 -28.1754 0.000481471
19 0.845268 -28.1754 0.000481421
20 0.845268 -28.1754 0.000481365
21 0.845268 -28.1754 0.000481321
22 0.845268 -28.1754 0.000481272
23 0.845268 -28.1754 0.000481225
24 0.845268 -28.1754 0.000481175
25 0.845268 -28.1754 0.00048113
26 0.845268 -28.1754 0.000481089
27 0.845268 -28.1754 0.000481057
28 0.845268 -28.1754 0.000481021
29 0.845268 -28.1754 0.00048099
30 0.845268 -28.1754 0.000480967
31 0.845268 -28.1754 0.000480935
32 0.845268 -28.1754 0.000480908
33 0.845268 -28.1754 0.000480888
34 0.845268 -28.1754 0.000480862
35 0.845268 -28.1754 0.00048084
36 0.845268 -28.1754 0.000480817
37 0.845268 -28.1754 0.000480801
38 0.845268 -28.1754 0.000480778
39 0.845268 -28.1754 0.000480761
40 0.845268 -28.1754 0.000480739
41 0.845268 -28.1754 0.000480728
42 0.845268 -28.1754 0.000480704
43 0.845268 -28.1754 0.000480689
44 0.845268 -28.1754 0.000480667
45 0.845268 -28.1754 0.000480657
46 0.845268 -28.1754 0.000480638
47 0.845268 -28.1754 0.000480623
48 0.845268 -28.1754 0.000480605
49 0.845268 -28.1754 0.000480592
50 0.845268 -28.1754 0.000480576
51 0.845268 -28.1754 0.000480568
52 0.845268 -28.1754 0.000480552
53 0.845268 -28.1754 0.000480542
54 0.845268 -28.1754 0.000480527
55 0.845268 -28.1754 0.000480514
56 0.845268 -28.1754 0.0004805
57 0.845268 -28.1754 0.000480493
58 0.845268 -28.1754 0.000480484
59 0.845268 -28.1754 0.000480473
60 0.845268 -28.1754 0.000480465
61 0.845268 -28.1754 0.000480455
62 0.845268 -28.1754 0.000480443
63 0.845268 -28.1754 0.000480438
64 0.845268 -28.1754 0.000480428
65 0.845268 -28.1754 0.000480425
66 0.845268 -28.1754 0.000480415
67 0.845268 -28.1754 0.000480403
68 0.845268 -28.1754 0.000480397
69 0.845268 -28.1754 0.000480394
70 0.845268 -28.1754 0.000480387
71 0.845268 -28.1754 0.000480383
72 0.845268 -28.1754 0.000480373
73 0.845268 -28.1754 0.000480372
74 0.845268 -28.1754 0.00048036
75 0.845268 -28.1754 0.00048036
76 0.845268 -28.1754 0.000480352
77 0.845268 -28.1754 0.000480349
78 0.845268 -28.1754 0.000480343
79 0.845268 -28.1754 0.000480339
80 0.845268 -28.1754 0.000480337
81 0.845268 -28.1754 0.000480335
82 0.845268 -28.1754 0.000480326
83 0.845268 -28.1754 0.000480327
84 0.845268 -28.1754 0.000480319
85 0.845268 -28.1754 0.000480315
86 0.845268 -28.1754 0.000480309
87 0.845268 -28.1754 0.000480308
88 0.845268 -28.1754 0.000480304
89 0.845268 -28.1754 0.000480298
90 0.845268 -28.1754 0.0004803
91 0.845268 -28.1754 0.00048029
92 0.845268 -28.1754 0.000480291
93 0.845268 -28.1754 0.000480288
94 0.845268 -28.1754 0.000480281
95 0.845268 -28.1754 0.000480283
96 0.845268 -28.1754 0.000480274
97 0.845268 -28.1754 0.000480272
98 0.845268 -28.1754 0.000480269
99 0.845268 -28.1754 0.00048027
Initial energy of the MPS: -0.252785
# DMRG Sweep # Mid bond EE # Energy # Std #
0 0.0367123 14.7792 2.76389
1 0.695024 15.7483 0.0243353
2 0.694656 15.7499 0.00576973
3 0.698539 15.75 0.00133162
4 0.799515 15.75 0.00145287
5 0.889722 15.75 0.000496247
6 0.927991 15.7501 0.00114399
7 0.941213 15.7501 0.000930761
8 0.98502 15.7501 0.000462452
9 0.997958 15.7501 0.000793635
10 0.992392 15.7501 0.000770979
11 0.996007 15.7502 0.000397429
12 1.01372 15.7502 0.000544493
13 0.99762 15.7502 0.00096093
14 0.972712 15.7502 0.000597494
15 0.983557 15.7502 0.00048876
16 0.970697 15.7503 0.000663576
17 0.955438 15.7503 0.000571242
18 0.940501 15.7503 0.000529823
19 0.931558 15.7503 0.000565251
20 0.906571 15.7503 0.000561291
21 0.878372 15.7503 0.0005387
22 0.805821 15.7503 0.000611344
23 0.600751 15.7503 0.000554365
24 0.273627 15.7504 0.000409799
25 0.0659436 15.7504 0.000184225
26 0.00915005 15.7504 5.78839e-05
min energy  # max energy
-28.1754 15.7504
