Initial energy of the MPS: 0.236114
# DMRG Sweep # Mid bond EE # Energy # Std #
0 0.00578734 -26.7114 5.00462
1 0.76554 -28.1754 0.00434867
2 0.844047 -28.1754 0.000605787
3 0.845252 -28.1754 0.000538648
4 0.845266 -28.1754 0.000511856
5 0.845267 -28.1754 0.000498885
6 0.845268 -28.1754 0.000492429
7 0.845268 -28.1754 0.000488496
8 0.845268 -28.1754 0.000485758
9 0.845268 -28.1754 0.00048391
10 0.845268 -28.1754 0.000482773
11 0.845268 -28.1754 0.000482252
12 0.845268 -28.1754 0.000481996
13 0.845268 -28.1754 0.000481857
14 0.845268 -28.1754 0.000481751
15 0.845268 -28.1754 0.000481675
16 0.845268 -28.1754 0.000481597
17 0.845268 -28.1754 0.000481538
18 0.845268 -28.1754 0.000481477
19 0.845268 -28.1754 0.00048143
20 0.845268 -28.1754 0.000481374
21 0.845268 -28.1754 0.000481331
22 0.845268 -28.1754 0.00048128
23 0.845268 -28.1754 0.000481239
24 0.845268 -28.1754 0.000481186
25 0.845268 -28.1754 0.000481147
26 0.845268 -28.1754 0.000481103
27 0.845268 -28.1754 0.000481068
28 0.845268 -28.1754 0.00048103
29 0.845268 -28.1754 0.00048101
30 0.845268 -28.1754 0.000480974
31 0.845268 -28.1754 0.000480951
32 0.845268 -28.1754 0.000480922
33 0.845268 -28.1754 0.000480901
34 0.845268 -28.1754 0.000480878
35 0.845268 -28.1754 0.000480857
36 0.845268 -28.1754 0.000480833
37 0.845268 -28.1754 0.000480818
38 0.845268 -28.1754 0.00048079
39 0.845268 -28.1754 0.000480774
40 0.845268 -28.1754 0.000480751
41 0.845268 -28.1754 0.000480736
42 0.845268 -28.1754 0.000480714
43 0.845268 -28.1754 0.000480698
44 0.845268 -28.1754 0.000480677
45 0.845268 -28.1754 0.000480663
46 0.845268 -28.1754 0.000480641
47 0.845268 -28.1754 0.000480626
48 0.845268 -28.1754 0.000480612
49 0.845268 -28.1754 0.000480596
50 0.845268 -28.1754 0.000480572
51 0.845268 -28.1754 0.000480564
52 0.845268 -28.1754 0.000480547
53 0.845268 -28.1754 0.000480539
54 0.845268 -28.1754 0.000480522
55 0.845268 -28.1754 0.000480509
56 0.845268 -28.1754 0.000480498
57 0.845268 -28.1754 0.000480487
58 0.845268 -28.1754 0.000480474
59 0.845268 -28.1754 0.00048047
60 0.845268 -28.1754 0.000480455
61 0.845268 -28.1754 0.000480449
62 0.845268 -28.1754 0.000480433
63 0.845268 -28.1754 0.000480429
64 0.845268 -28.1754 0.000480419
65 0.845268 -28.1754 0.000480413
66 0.845268 -28.1754 0.000480404
67 0.845268 -28.1754 0.000480394
68 0.845268 -28.1754 0.000480391
69 0.845268 -28.1754 0.000480383
70 0.845268 -28.1754 0.000480375
71 0.845268 -28.1754 0.000480366
72 0.845268 -28.1754 0.000480367
73 0.845268 -28.1754 0.000480361
74 0.845268 -28.1754 0.000480351
75 0.845268 -28.1754 0.000480348
76 0.845268 -28.1754 0.000480344
77 0.845268 -28.1754 0.00048034
78 0.845268 -28.1754 0.000480331
79 0.845268 -28.1754 0.000480331
80 0.845268 -28.1754 0.000480321
81 0.845268 -28.1754 0.000480323
82 0.845268 -28.1754 0.000480315
83 0.845268 -28.1754 0.000480312
84 0.845268 -28.1754 0.000480307
85 0.845268 -28.1754 0.000480306
86 0.845268 -28.1754 0.0004803
87 0.845268 -28.1754 0.000480296
88 0.845268 -28.1754 0.000480291
89 0.845268 -28.1754 0.000480291
90 0.845268 -28.1754 0.000480285
91 0.845268 -28.1754 0.000480286
92 0.845268 -28.1754 0.000480279
93 0.845268 -28.1754 0.000480275
94 0.845268 -28.1754 0.000480273
95 0.845268 -28.1754 0.000480272
96 0.845268 -28.1754 0.00048027
97 0.845268 -28.1754 0.000480269
98 0.845268 -28.1754 0.000480256
99 0.845268 -28.1754 0.00048026
Initial energy of the MPS: -0.252793
# DMRG Sweep # Mid bond EE # Energy # Std #
0 0.036619 14.8211 2.75564
1 0.695093 15.7485 0.0244704
2 0.695753 15.75 0.00521372
3 0.694337 15.7501 0.00181957
4 0.735704 15.7501 0.000882699
5 0.829144 15.7501 0.000588309
6 0.907223 15.7501 0.000611476
7 0.919412 15.7501 0.00024256
8 0.972311 15.7501 0.000308406
9 0.97511 15.7501 0.00043543
10 0.963196 15.7502 0.000563949
11 0.955392 15.7502 0.000415705
12 0.959192 15.7502 0.000186188
13 0.977315 15.7502 0.00018883
14 0.972351 15.7502 0.000197965
15 0.969471 15.7502 0.000226504
16 0.958174 15.7502 0.000283262
17 0.951492 15.7502 0.000331787
18 0.930563 15.7502 0.000427481
19 0.914042 15.7502 0.000398829
20 0.88989 15.7502 0.000335783
21 0.86813 15.7502 0.000350061
22 0.829571 15.7502 0.000300233
23 0.78669 15.7502 0.000578414
24 0.607209 15.7502 0.000360216
25 0.328474 15.7502 0.000205723
26 0.131196 15.7502 0.000116258
min energy  # max energy
-28.1754 15.7502
