Initial energy of the MPS: 0.236043
# DMRG Sweep # Mid bond EE # Energy # Std #
0 0.00578733 -26.7118 5.00467
1 0.765554 -28.1754 0.00434845
2 0.844048 -28.1754 0.000605793
3 0.845251 -28.1754 0.0005387
4 0.845265 -28.1754 0.000511865
5 0.845266 -28.1754 0.000498764
6 0.845267 -28.1754 0.000492144
7 0.845267 -28.1754 0.000488142
8 0.845267 -28.1754 0.000485568
9 0.845267 -28.1754 0.000483905
10 0.845267 -28.1754 0.000482811
11 0.845267 -28.1754 0.000482295
12 0.845267 -28.1754 0.00048203
13 0.845267 -28.1754 0.0004819
14 0.845267 -28.1754 0.000481791
15 0.845267 -28.1754 0.000481706
16 0.845267 -28.1754 0.000481633
17 0.845267 -28.1754 0.000481575
18 0.845267 -28.1754 0.000481516
19 0.845267 -28.1754 0.000481462
20 0.845267 -28.1754 0.000481408
21 0.845267 -28.1754 0.000481365
22 0.845267 -28.1754 0.000481315
23 0.845267 -28.1754 0.000481276
24 0.845267 -28.1754 0.000481223
25 0.845267 -28.1754 0.000481183
26 0.845267 -28.1754 0.000481137
27 0.845267 -28.1754 0.000481105
28 0.845267 -28.1754 0.000481062
29 0.845267 -28.1754 0.00048104
30 0.845267 -28.1754 0.000481005
31 0.845267 -28.1754 0.000480988
32 0.845267 -28.1754 0.000480959
33 0.845267 -28.1754 0.000480935
34 0.845267 -28.1754 0.000480909
35 0.845267 -28.1754 0.000480891
36 0.845267 -28.1754 0.000480864
37 0.845267 -28.1754 0.000480845
38 0.845267 -28.1754 0.000480819
39 0.845267 -28.1754 0.000480804
40 0.845267 -28.1754 0.000480779
41 0.845267 -28.1754 0.000480767
42 0.845267 -28.1754 0.000480739
43 0.845267 -28.1754 0.000480728
44 0.845267 -28.1754 0.000480705
45 0.845267 -28.1754 0.000480689
46 0.845267 -28.1754 0.000480668
47 0.845267 -28.1754 0.000480658
48 0.845267 -28.1754 0.000480634
49 0.845267 -28.1754 0.000480624
50 0.845267 -28.1754 0.000480605
51 0.845267 -28.1754 0.00048059
52 0.845267 -28.1754 0.000480573
53 0.845267 -28.1754 0.000480559
54 0.845267 -28.1754 0.000480547
55 0.845267 -28.1754 0.000480534
56 0.845267 -28.1754 0.00048052
57 0.845267 -28.1754 0.000480508
58 0.845267 -28.1754 0.000480495
59 0.845267 -28.1754 0.000480483
60 0.845267 -28.1754 0.000480471
61 0.845267 -28.1754 0.000480463
62 0.845267 -28.1754 0.000480456
63 0.845267 -28.1754 0.000480448
64 0.845267 -28.1754 0.000480437
65 0.845267 -28.1754 0.000480428
66 0.845267 -28.1754 0.000480418
67 0.845267 -28.1754 0.000480417
68 0.845267 -28.1754 0.000480404
69 0.845267 -28.1754 0.000480402
70 0.845267 -28.1754 0.000480392
71 0.845267 -28.1754 0.000480387
72 0.845267 -28.1754 0.000480381
73 0.845267 -28.1754 0.000480377
74 0.845267 -28.1754 0.000480369
75 0.845267 -28.1754 0.000480364
76 0.845267 -28.1754 0.00048036
77 0.845267 -28.1754 0.000480357
78 0.845267 -28.1754 0.000480346
79 0.845267 -28.1754 0.000480348
80 0.845267 -28.1754 0.000480343
81 0.845267 -28.1754 0.000480341
82 0.845267 -28.1754 0.000480338
83 0.845267 -28.1754 0.000480333
84 0.845267 -28.1754 0.000480326
85 0.845267 -28.1754 0.000480325
86 0.845267 -28.1754 0.000480323
87 0.845267 -28.1754 0.000480321
88 0.845267 -28.1754 0.000480315
89 0.845267 -28.1754 0.000480314
90 0.845267 -28.1754 0.000480309
91 0.845267 -28.1754 0.000480308
92 0.845267 -28.1754 0.000480304
93 0.845267 -28.1754 0.000480303
94 0.845267 -28.1754 0.000480296
95 0.845267 -28.1754 0.000480298
96 0.845267 -28.1754 0.000480292
97 0.845267 -28.1754 0.000480293
98 0.845267 -28.1754 0.000480289
99 0.845267 -28.1754 0.00048029
Initial energy of the MPS: -0.252793
# DMRG Sweep # Mid bond EE # Energy # Std #
0 0.0369733 14.8001 2.75835
1 0.694573 15.7482 0.0248134
2 0.695946 15.7499 0.00631861
3 0.694887 15.75 0.00100569
4 0.693709 15.75 0.000478097
5 0.721924 15.75 0.000320215
6 0.806021 15.75 0.000272891
7 0.896865 15.75 0.000373901
8 0.898985 15.75 0.000152495
9 0.955888 15.75 0.000127621
min energy  # max energy
-28.1754 15.75
