Initial energy of the MPS: 0.236111
# DMRG Sweep # Mid bond EE # Energy # Std #
0 0.00578721 -26.7103 5.00442
1 0.7655 -28.1754 0.00435137
2 0.844044 -28.1754 0.000605773
3 0.845252 -28.1754 0.000538786
4 0.845265 -28.1754 0.00051202
5 0.845267 -28.1754 0.000499028
6 0.845268 -28.1754 0.000492648
7 0.845268 -28.1754 0.00048881
8 0.845268 -28.1754 0.000485957
9 0.845268 -28.1754 0.00048389
10 0.845268 -28.1754 0.000482706
11 0.845268 -28.1754 0.000482214
12 0.845268 -28.1754 0.000481966
13 0.845268 -28.1754 0.000481833
14 0.845268 -28.1754 0.000481718
15 0.845268 -28.1754 0.000481637
16 0.845268 -28.1754 0.00048156
17 0.845268 -28.1754 0.000481505
18 0.845268 -28.1754 0.000481442
19 0.845268 -28.1754 0.000481394
20 0.845268 -28.1754 0.000481334
21 0.845268 -28.1754 0.000481293
22 0.845268 -28.1754 0.000481233
23 0.845268 -28.1754 0.000481195
24 0.845268 -28.1754 0.000481138
25 0.845268 -28.1754 0.000481104
26 0.845268 -28.1754 0.00048106
27 0.845268 -28.1754 0.000481029
28 0.845268 -28.1754 0.000480993
29 0.845268 -28.1754 0.000480969
30 0.845268 -28.1754 0.000480938
31 0.845268 -28.1754 0.000480914
32 0.845268 -28.1754 0.000480891
33 0.845268 -28.1754 0.000480868
34 0.845268 -28.1754 0.000480849
35 0.845268 -28.1754 0.000480829
36 0.845268 -28.1754 0.000480807
37 0.845268 -28.1754 0.000480792
38 0.845268 -28.1754 0.000480768
39 0.845268 -28.1754 0.000480756
40 0.845268 -28.1754 0.000480739
41 0.845268 -28.1754 0.000480724
42 0.845268 -28.1754 0.000480708
43 0.845268 -28.1754 0.000480691
44 0.845268 -28.1754 0.000480676
45 0.845268 -28.1754 0.000480665
46 0.845268 -28.1754 0.000480648
47 0.845268 -28.1754 0.000480639
48 0.845268 -28.1754 0.000480617
49 0.845268 -28.1754 0.000480611
50 0.845268 -28.1754 0.000480594
51 0.845268 -28.1754 0.000480583
52 0.845268 -28.1754 0.000480571
53 0.845268 -28.1754 0.00048056
54 0.845268 -28.1754 0.000480548
55 0.845268 -28.1754 0.000480535
56 0.845268 -28.1754 0.000480523
57 0.845268 -28.1754 0.000480512
58 0.845268 -28.1754 0.000480499
59 0.845268 -28.1754 0.00048049
60 0.845268 -28.1754 0.000480477
61 0.845268 -28.1754 0.000480468
62 0.845268 -28.1754 0.000480458
63 0.845268 -28.1754 0.000480451
64 0.845268 -28.1754 0.000480442
65 0.845268 -28.1754 0.000480431
66 0.845268 -28.1754 0.00048042
67 0.845268 -28.1754 0.000480411
68 0.845268 -28.1754 0.000480403
69 0.845268 -28.1754 0.000480399
70 0.845268 -28.1754 0.000480388
71 0.845268 -28.1754 0.000480384
72 0.845268 -28.1754 0.000480375
73 0.845268 -28.1754 0.00048037
74 0.845268 -28.1754 0.000480361
75 0.845268 -28.1754 0.000480354
76 0.845268 -28.1754 0.000480349
77 0.845268 -28.1754 0.000480342
78 0.845268 -28.1754 0.000480341
79 0.845268 -28.1754 0.000480335
80 0.845268 -28.1754 0.00048033
81 0.845268 -28.1754 0.000480322
82 0.845268 -28.1754 0.000480319
83 0.845268 -28.1754 0.000480313
84 0.845268 -28.1754 0.000480307
85 0.845268 -28.1754 0.000480302
86 0.845268 -28.1754 0.000480303
87 0.845268 -28.1754 0.000480293
88 0.845268 -28.1754 0.000480289
89 0.845268 -28.1754 0.000480286
90 0.845268 -28.1754 0.00048028
91 0.845268 -28.1754 0.000480281
92 0.845268 -28.1754 0.000480277
93 0.845268 -28.1754 0.000480267
94 0.845268 -28.1754 0.000480267
95 0.845268 -28.1754 0.000480265
96 0.845268 -28.1754 0.000480262
97 0.845268 -28.1754 0.00048026
98 0.845268 -28.1754 0.000480254
99 0.845268 -28.1754 0.00048025
Initial energy of the MPS: -0.252795
# DMRG Sweep # Mid bond EE # Energy # Std #
0 0.0366443 14.8206 2.76165
1 0.694528 15.7486 0.0263354
2 0.694054 15.75 0.00425543
3 0.693544 15.7501 0.00159079
4 0.712961 15.7501 0.00081798
5 0.849145 15.7501 0.000490094
6 0.891601 15.7501 0.000993044
7 0.89968 15.7502 0.000312275
8 0.948565 15.7502 0.000532767
9 0.962596 15.7502 0.000654199
10 0.939647 15.7502 0.000221539
11 0.971128 15.7502 0.000232236
12 0.965798 15.7502 0.000345379
13 0.953111 15.7502 0.000462619
14 0.930977 15.7502 0.000524636
15 0.912288 15.7502 0.000358597
16 0.904642 15.7502 0.000313353
17 0.88066 15.7502 0.000428877
18 0.823514 15.7502 0.000460284
19 0.697738 15.7502 0.000710834
20 0.438358 15.7502 0.000645603
21 0.162231 15.7502 0.000279884
22 0.041722 15.7502 9.92086e-05
min energy  # max energy
-28.1754 15.7502
