Initial energy of the MPS: 0.236118
# DMRG Sweep # Mid bond EE # Energy # Std #
0 0.00578737 -26.7107 5.00442
1 0.765537 -28.1754 0.00434936
2 0.844047 -28.1754 0.000605791
3 0.845252 -28.1754 0.000538669
4 0.845265 -28.1754 0.000511883
5 0.845267 -28.1754 0.000498917
6 0.845267 -28.1754 0.000492477
7 0.845268 -28.1754 0.000488563
8 0.845268 -28.1754 0.000485792
9 0.845268 -28.1754 0.0004839
10 0.845268 -28.1754 0.000482763
11 0.845268 -28.1754 0.000482256
12 0.845268 -28.1754 0.000482004
13 0.845268 -28.1754 0.000481869
14 0.845268 -28.1754 0.000481761
15 0.845268 -28.1754 0.000481687
16 0.845268 -28.1754 0.000481608
17 0.845268 -28.1754 0.000481553
18 0.845268 -28.1754 0.00048149
19 0.845268 -28.1754 0.000481442
20 0.845268 -28.1754 0.000481389
21 0.845268 -28.1754 0.000481346
22 0.845268 -28.1754 0.000481295
23 0.845268 -28.1754 0.000481255
24 0.845268 -28.1754 0.000481208
25 0.845268 -28.1754 0.000481164
26 0.845268 -28.1754 0.000481121
27 0.845268 -28.1754 0.000481087
28 0.845268 -28.1754 0.000481051
29 0.845268 -28.1754 0.000481025
30 0.845268 -28.1754 0.00048099
31 0.845268 -28.1754 0.000480969
32 0.845268 -28.1754 0.000480947
33 0.845268 -28.1754 0.000480925
34 0.845268 -28.1754 0.000480896
35 0.845268 -28.1754 0.000480877
36 0.845268 -28.1754 0.000480853
37 0.845268 -28.1754 0.000480835
38 0.845268 -28.1754 0.000480813
39 0.845268 -28.1754 0.000480798
40 0.845268 -28.1754 0.000480774
41 0.845268 -28.1754 0.00048076
42 0.845268 -28.1754 0.000480734
43 0.845268 -28.1754 0.000480721
44 0.845268 -28.1754 0.000480701
45 0.845268 -28.1754 0.000480685
46 0.845268 -28.1754 0.000480659
47 0.845268 -28.1754 0.000480647
48 0.845268 -28.1754 0.000480625
49 0.845268 -28.1754 0.000480616
50 0.845268 -28.1754 0.000480595
51 0.845268 -28.1754 0.000480583
52 0.845268 -28.1754 0.000480567
53 0.845268 -28.1754 0.000480553
54 0.845268 -28.1754 0.000480537
55 0.845268 -28.1754 0.000480526
56 0.845268 -28.1754 0.000480511
57 0.845268 -28.1754 0.000480507
58 0.845268 -28.1754 0.000480486
59 0.845268 -28.1754 0.000480482
60 0.845268 -28.1754 0.000480468
61 0.845268 -28.1754 0.000480463
62 0.845268 -28.1754 0.000480449
63 0.845268 -28.1754 0.000480444
64 0.845268 -28.1754 0.000480431
65 0.845268 -28.1754 0.000480427
66 0.845268 -28.1754 0.000480417
67 0.845268 -28.1754 0.000480409
68 0.845268 -28.1754 0.0004804
69 0.845268 -28.1754 0.000480397
70 0.845268 -28.1754 0.000480384
71 0.845268 -28.1754 0.000480381
72 0.845268 -28.1754 0.000480376
73 0.845268 -28.1754 0.000480371
74 0.845268 -28.1754 0.000480366
75 0.845268 -28.1754 0.000480362
76 0.845268 -28.1754 0.000480351
77 0.845268 -28.1754 0.00048035
78 0.845268 -28.1754 0.000480343
79 0.845268 -28.1754 0.00048034
80 0.845268 -28.1754 0.000480336
81 0.845268 -28.1754 0.000480333
82 0.845268 -28.1754 0.000480328
83 0.845268 -28.1754 0.000480325
84 0.845268 -28.1754 0.000480319
85 0.845268 -28.1754 0.000480317
86 0.845268 -28.1754 0.000480311
87 0.845268 -28.1754 0.00048031
88 0.845268 -28.1754 0.000480304
89 0.845268 -28.1754 0.000480301
90 0.845268 -28.1754 0.000480299
91 0.845268 -28.1754 0.000480293
92 0.845268 -28.1754 0.00048029
93 0.845268 -28.1754 0.000480289
94 0.845268 -28.1754 0.000480285
95 0.845268 -28.1754 0.000480285
96 0.845268 -28.1754 0.000480278
97 0.845268 -28.1754 0.00048028
98 0.845268 -28.1754 0.000480276
99 0.845268 -28.1754 0.000480269
Initial energy of the MPS: -0.25277
# DMRG Sweep # Mid bond EE # Energy # Std #
0 0.036569 14.8228 2.75607
1 0.694737 15.7486 0.0251262
2 0.694844 15.7499 0.00466703
3 0.694324 15.75 0.00209024
4 0.775579 15.75 0.00158147
5 0.857697 15.7501 0.00121126
6 0.930238 15.7501 0.00110108
7 0.971207 15.7501 0.000541171
8 0.993298 15.7501 0.00104399
9 0.967938 15.7502 0.000805445
10 0.985238 15.7502 0.000471508
11 0.991815 15.7502 0.000589514
12 0.983553 15.7502 0.000809696
13 0.972584 15.7503 0.000772935
14 0.967647 15.7503 0.000517488
15 0.959493 15.7503 0.000497762
16 0.948744 15.7503 0.000520639
17 0.93916 15.7504 0.00060014
18 0.922453 15.7504 0.000685178
19 0.888261 15.7504 0.000507821
20 0.864045 15.7504 0.000507142
21 0.813372 15.7504 0.00074367
22 0.536089 15.7504 0.000487798
23 0.171374 15.7504 0.000257885
24 0.0349898 15.7504 9.77407e-05
min energy  # max energy
-28.1754 15.7504
