Initial energy of the MPS: 0.236047
# DMRG Sweep # Mid bond EE # Energy # Std #
0 0.00578734 -26.7109 5.00449
1 0.765543 -28.1754 0.00434893
2 0.844047 -28.1754 0.000605788
3 0.845252 -28.1754 0.00053871
4 0.845265 -28.1754 0.000511895
5 0.845267 -28.1754 0.000498824
6 0.845267 -28.1754 0.000492253
7 0.845268 -28.1754 0.00048825
8 0.845268 -28.1754 0.000485558
9 0.845268 -28.1754 0.000483816
10 0.845268 -28.1754 0.000482748
11 0.845268 -28.1754 0.000482258
12 0.845268 -28.1754 0.000482011
13 0.845268 -28.1754 0.000481875
14 0.845268 -28.1754 0.000481772
15 0.845268 -28.1754 0.000481694
16 0.845268 -28.1754 0.000481623
17 0.845268 -28.1754 0.000481562
18 0.845268 -28.1754 0.0004815
19 0.845268 -28.1754 0.000481453
20 0.845268 -28.1754 0.0004814
21 0.845268 -28.1754 0.000481356
22 0.845268 -28.1754 0.000481308
23 0.845268 -28.1754 0.000481266
24 0.845268 -28.1754 0.000481217
25 0.845268 -28.1754 0.000481174
26 0.845268 -28.1754 0.00048113
27 0.845268 -28.1754 0.000481097
28 0.845268 -28.1754 0.000481059
29 0.845268 -28.1754 0.000481031
30 0.845268 -28.1754 0.000481
31 0.845268 -28.1754 0.000480977
32 0.845268 -28.1754 0.000480944
33 0.845268 -28.1754 0.000480922
34 0.845268 -28.1754 0.000480896
35 0.845268 -28.1754 0.000480877
36 0.845268 -28.1754 0.000480852
37 0.845268 -28.1754 0.000480835
38 0.845268 -28.1754 0.000480809
39 0.845268 -28.1754 0.000480795
40 0.845268 -28.1754 0.000480772
41 0.845268 -28.1754 0.000480753
42 0.845268 -28.1754 0.000480734
43 0.845268 -28.1754 0.000480714
44 0.845268 -28.1754 0.000480696
45 0.845268 -28.1754 0.000480682
46 0.845268 -28.1754 0.00048066
47 0.845268 -28.1754 0.000480648
48 0.845268 -28.1754 0.000480625
49 0.845268 -28.1754 0.000480614
50 0.845268 -28.1754 0.000480594
51 0.845268 -28.1754 0.000480589
52 0.845268 -28.1754 0.000480567
53 0.845268 -28.1754 0.000480559
54 0.845268 -28.1754 0.000480536
55 0.845268 -28.1754 0.000480532
56 0.845268 -28.1754 0.000480517
57 0.845268 -28.1754 0.000480509
58 0.845268 -28.1754 0.000480494
59 0.845268 -28.1754 0.000480491
60 0.845268 -28.1754 0.000480476
61 0.845268 -28.1754 0.000480469
62 0.845268 -28.1754 0.000480457
63 0.845268 -28.1754 0.00048045
64 0.845268 -28.1754 0.000480444
65 0.845268 -28.1754 0.000480437
66 0.845268 -28.1754 0.000480427
67 0.845268 -28.1754 0.000480421
68 0.845268 -28.1754 0.000480409
69 0.845268 -28.1754 0.00048041
70 0.845268 -28.1754 0.0004804
71 0.845268 -28.1754 0.000480398
72 0.845268 -28.1754 0.000480386
73 0.845268 -28.1754 0.000480382
74 0.845268 -28.1754 0.000480378
75 0.845268 -28.1754 0.000480374
76 0.845268 -28.1754 0.000480367
77 0.845268 -28.1754 0.000480367
78 0.845268 -28.1754 0.000480355
79 0.845268 -28.1754 0.000480355
80 0.845268 -28.1754 0.000480351
81 0.845268 -28.1754 0.000480349
82 0.845268 -28.1754 0.000480341
83 0.845268 -28.1754 0.00048034
84 0.845268 -28.1754 0.000480335
85 0.845268 -28.1754 0.000480333
86 0.845268 -28.1754 0.00048033
87 0.845268 -28.1754 0.000480331
88 0.845268 -28.1754 0.000480321
89 0.845268 -28.1754 0.00048032
90 0.845268 -28.1754 0.000480315
91 0.845268 -28.1754 0.000480306
92 0.845268 -28.1754 0.000480307
93 0.845268 -28.1754 0.000480307
94 0.845268 -28.1754 0.000480303
95 0.845268 -28.1754 0.0004803
96 0.845268 -28.1754 0.000480296
97 0.845268 -28.1754 0.000480297
98 0.845268 -28.1754 0.000480292
99 0.845268 -28.1754 0.00048029
Initial energy of the MPS: -0.252849
# DMRG Sweep # Mid bond EE # Energy # Std #
0 0.0365833 14.8216 2.75534
1 0.694965 15.7484 0.0249846
2 0.69524 15.7499 0.00430826
3 0.693497 15.75 0.000636197
4 0.693805 15.75 0.000352614
5 0.70185 15.75 0.000220141
6 0.756798 15.75 0.000188148
7 0.847115 15.75 0.00023391
8 0.866407 15.75 0.000110342
min energy  # max energy
-28.1754 15.75
