Initial energy of the MPS: 0.236106
# DMRG Sweep # Mid bond EE # Energy # Std #
0 0.00578738 -26.7086 5.00398
1 0.76552 -28.1754 0.0043492
2 0.844046 -28.1754 0.000605729
3 0.845252 -28.1754 0.000538679
4 0.845266 -28.1754 0.000511913
5 0.845267 -28.1754 0.000498902
6 0.845268 -28.1754 0.000492457
7 0.845268 -28.1754 0.000488553
8 0.845268 -28.1754 0.000485719
9 0.845268 -28.1754 0.000483789
10 0.845268 -28.1754 0.000482672
11 0.845268 -28.1754 0.000482188
12 0.845268 -28.1754 0.000481945
13 0.845268 -28.1754 0.000481811
14 0.845268 -28.1754 0.000481704
15 0.845268 -28.1754 0.000481628
16 0.845268 -28.1754 0.000481549
17 0.845268 -28.1754 0.000481491
18 0.845268 -28.1754 0.000481429
19 0.845268 -28.1754 0.000481375
20 0.845268 -28.1754 0.000481321
21 0.845268 -28.1754 0.000481282
22 0.845268 -28.1754 0.000481224
23 0.845268 -28.1754 0.000481183
24 0.845268 -28.1754 0.000481128
25 0.845268 -28.1754 0.000481088
26 0.845268 -28.1754 0.000481048
27 0.845268 -28.1754 0.000481014
28 0.845268 -28.1754 0.000480982
29 0.845268 -28.1754 0.000480949
30 0.845268 -28.1754 0.00048092
31 0.845268 -28.1754 0.000480893
32 0.845268 -28.1754 0.000480864
33 0.845268 -28.1754 0.000480841
34 0.845268 -28.1754 0.000480823
35 0.845268 -28.1754 0.000480799
36 0.845268 -28.1754 0.000480776
37 0.845268 -28.1754 0.000480759
38 0.845268 -28.1754 0.000480741
39 0.845268 -28.1754 0.000480718
40 0.845268 -28.1754 0.0004807
41 0.845268 -28.1754 0.000480681
42 0.845268 -28.1754 0.000480665
43 0.845268 -28.1754 0.000480647
44 0.845268 -28.1754 0.000480632
45 0.845268 -28.1754 0.000480614
46 0.845268 -28.1754 0.000480599
47 0.845268 -28.1754 0.000480588
48 0.845268 -28.1754 0.000480566
49 0.845268 -28.1754 0.000480555
50 0.845268 -28.1754 0.000480542
51 0.845268 -28.1754 0.000480524
52 0.845268 -28.1754 0.00048051
53 0.845268 -28.1754 0.0004805
54 0.845268 -28.1754 0.000480492
55 0.845268 -28.1754 0.000480477
56 0.845268 -28.1754 0.000480461
57 0.845268 -28.1754 0.000480451
58 0.845268 -28.1754 0.000480443
59 0.845268 -28.1754 0.000480432
60 0.845268 -28.1754 0.000480418
61 0.845268 -28.1754 0.00048041
62 0.845268 -28.1754 0.000480403
63 0.845268 -28.1754 0.000480393
64 0.845268 -28.1754 0.000480385
65 0.845268 -28.1754 0.000480377
66 0.845268 -28.1754 0.00048037
67 0.845268 -28.1754 0.000480363
68 0.845268 -28.1754 0.000480351
69 0.845268 -28.1754 0.000480346
70 0.845268 -28.1754 0.000480339
71 0.845268 -28.1754 0.000480335
72 0.845268 -28.1754 0.000480325
73 0.845268 -28.1754 0.000480321
74 0.845268 -28.1754 0.000480316
75 0.845268 -28.1754 0.000480307
76 0.845268 -28.1754 0.000480306
77 0.845268 -28.1754 0.000480295
78 0.845268 -28.1754 0.000480289
79 0.845268 -28.1754 0.000480289
80 0.845268 -28.1754 0.000480282
81 0.845268 -28.1754 0.00048028
82 0.845268 -28.1754 0.000480272
83 0.845268 -28.1754 0.000480268
84 0.845268 -28.1754 0.000480264
85 0.845268 -28.1754 0.000480259
86 0.845268 -28.1754 0.000480256
87 0.845268 -28.1754 0.000480254
88 0.845268 -28.1754 0.000480242
89 0.845268 -28.1754 0.000480245
90 0.845268 -28.1754 0.00048024
91 0.845268 -28.1754 0.000480238
92 0.845268 -28.1754 0.000480236
93 0.845268 -28.1754 0.000480231
94 0.845268 -28.1754 0.000480225
95 0.845268 -28.1754 0.000480222
96 0.845268 -28.1754 0.000480224
97 0.845268 -28.1754 0.000480215
98 0.845268 -28.1754 0.000480215
99 0.845268 -28.1754 0.000480213
Initial energy of the MPS: -0.252801
# DMRG Sweep # Mid bond EE # Energy # Std #
0 0.0366196 14.8184 2.75789
1 0.695179 15.7485 0.0256446
2 0.693587 15.75 0.0042894
3 0.693416 15.7501 0.0012648
4 0.71281 15.7501 0.000896533
5 0.787761 15.7501 0.000448513
6 0.891383 15.7501 0.000676334
7 0.872251 15.7501 0.000225963
8 0.962905 15.7501 0.00027488
9 0.973278 15.7501 0.000498898
10 0.952728 15.7501 0.000499539
11 0.93858 15.7501 0.000168321
12 0.973992 15.7501 0.000211143
13 0.967047 15.7501 0.000338925
14 0.948496 15.7501 0.000264144
15 0.948911 15.7501 0.000324757
16 0.93546 15.7502 0.000357588
17 0.920113 15.7502 0.000266158
18 0.910346 15.7502 0.000251335
19 0.898841 15.7502 0.000246023
20 0.878924 15.7502 0.000298843
21 0.843882 15.7502 0.000307158
22 0.777039 15.7502 0.000390234
23 0.640579 15.7502 0.000580972
24 0.397746 15.7502 0.000504014
25 0.157327 15.7502 0.000221315
26 0.0530363 15.7502 9.4191e-05
min energy  # max energy
-28.1754 15.7502
