Initial energy of the MPS: 0.236072
# DMRG Sweep # Mid bond EE # Energy # Std #
0 0.00578732 -26.7117 5.00465
1 0.76554 -28.1754 0.00434823
2 0.844047 -28.1754 0.000605789
3 0.845252 -28.1754 0.000538617
4 0.845266 -28.1754 0.000511839
5 0.845267 -28.1754 0.000498902
6 0.845268 -28.1754 0.000492486
7 0.845268 -28.1754 0.000488606
8 0.845268 -28.1754 0.000485882
9 0.845268 -28.1754 0.000483994
10 0.845268 -28.1754 0.000482803
11 0.845268 -28.1754 0.000482254
12 0.845268 -28.1754 0.000481988
13 0.845268 -28.1754 0.000481847
14 0.845268 -28.1754 0.000481735
15 0.845268 -28.1754 0.000481654
16 0.845268 -28.1754 0.000481582
17 0.845268 -28.1754 0.000481522
18 0.845268 -28.1754 0.000481462
19 0.845268 -28.1754 0.00048141
20 0.845268 -28.1754 0.000481353
21 0.845268 -28.1754 0.000481314
22 0.845268 -28.1754 0.000481261
23 0.845268 -28.1754 0.000481221
24 0.845268 -28.1754 0.000481171
25 0.845268 -28.1754 0.000481126
26 0.845268 -28.1754 0.000481084
27 0.845268 -28.1754 0.000481051
28 0.845268 -28.1754 0.000481013
29 0.845268 -28.1754 0.00048099
30 0.845268 -28.1754 0.000480957
31 0.845268 -28.1754 0.000480933
32 0.845268 -28.1754 0.00048091
33 0.845268 -28.1754 0.000480887
34 0.845268 -28.1754 0.000480864
35 0.845268 -28.1754 0.000480841
36 0.845268 -28.1754 0.000480817
37 0.845268 -28.1754 0.000480798
38 0.845268 -28.1754 0.000480784
39 0.845268 -28.1754 0.000480754
40 0.845268 -28.1754 0.000480737
41 0.845268 -28.1754 0.000480719
42 0.845268 -28.1754 0.000480696
43 0.845268 -28.1754 0.000480677
44 0.845268 -28.1754 0.000480658
45 0.845268 -28.1754 0.00048064
46 0.845268 -28.1754 0.000480625
47 0.845268 -28.1754 0.000480604
48 0.845268 -28.1754 0.000480592
49 0.845268 -28.1754 0.000480575
50 0.845268 -28.1754 0.00048056
51 0.845268 -28.1754 0.000480544
52 0.845268 -28.1754 0.000480532
53 0.845268 -28.1754 0.000480516
54 0.845268 -28.1754 0.000480504
55 0.845268 -28.1754 0.000480494
56 0.845268 -28.1754 0.000480479
57 0.845268 -28.1754 0.000480468
58 0.845268 -28.1754 0.000480455
59 0.845268 -28.1754 0.000480449
60 0.845268 -28.1754 0.000480436
61 0.845268 -28.1754 0.000480422
62 0.845268 -28.1754 0.000480415
63 0.845268 -28.1754 0.000480411
64 0.845268 -28.1754 0.000480398
65 0.845268 -28.1754 0.000480391
66 0.845268 -28.1754 0.000480383
67 0.845268 -28.1754 0.000480372
68 0.845268 -28.1754 0.000480369
69 0.845268 -28.1754 0.000480358
70 0.845268 -28.1754 0.000480352
71 0.845268 -28.1754 0.000480348
72 0.845268 -28.1754 0.000480338
73 0.845268 -28.1754 0.000480335
74 0.845268 -28.1754 0.000480328
75 0.845268 -28.1754 0.000480323
76 0.845268 -28.1754 0.000480322
77 0.845268 -28.1754 0.00048031
78 0.845268 -28.1754 0.00048031
79 0.845268 -28.1754 0.000480304
80 0.845268 -28.1754 0.0004803
81 0.845268 -28.1754 0.000480297
82 0.845268 -28.1754 0.000480291
83 0.845268 -28.1754 0.000480288
84 0.845268 -28.1754 0.000480282
85 0.845268 -28.1754 0.000480277
86 0.845268 -28.1754 0.000480275
87 0.845268 -28.1754 0.000480276
88 0.845268 -28.1754 0.000480271
89 0.845268 -28.1754 0.000480263
90 0.845268 -28.1754 0.000480263
91 0.845268 -28.1754 0.000480257
92 0.845268 -28.1754 0.000480256
93 0.845268 -28.1754 0.000480255
94 0.845268 -28.1754 0.000480247
95 0.845268 -28.1754 0.000480248
96 0.845268 -28.1754 0.000480243
97 0.845268 -28.1754 0.000480239
98 0.845268 -28.1754 0.000480237
99 0.845268 -28.1754 0.000480236
Initial energy of the MPS: -0.252816
# DMRG Sweep # Mid bond EE # Energy # Std #
0 0.0365103 14.7976 2.76584
1 0.694685 15.7488 0.0232802
2 0.696895 15.7499 0.00403893
3 0.693427 15.75 0.000623889
4 0.697091 15.75 0.00059633
5 0.778668 15.75 0.000398971
6 0.769658 15.75 0.000210888
7 0.839307 15.75 0.000269506
8 0.88377 15.75 0.000290371
9 0.887023 15.75 9.98366e-05
min energy  # max energy
-28.1754 15.75
