Initial energy of the MPS: 0.236057
# DMRG Sweep # Mid bond EE # Energy # Std #
0 0.00578736 -26.7122 5.00478
1 0.765532 -28.1754 0.00434856
2 0.844047 -28.1754 0.000605723
3 0.845252 -28.1754 0.00053869
4 0.845266 -28.1754 0.000511897
5 0.845267 -28.1754 0.000498814
6 0.845268 -28.1754 0.000492238
7 0.845268 -28.1754 0.000488245
8 0.845268 -28.1754 0.000485541
9 0.845268 -28.1754 0.000483778
10 0.845268 -28.1754 0.000482706
11 0.845268 -28.1754 0.000482212
12 0.845268 -28.1754 0.000481958
13 0.845268 -28.1754 0.00048183
14 0.845268 -28.1754 0.000481719
15 0.845268 -28.1754 0.000481643
16 0.845268 -28.1754 0.000481564
17 0.845268 -28.1754 0.00048151
18 0.845268 -28.1754 0.000481447
19 0.845268 -28.1754 0.000481401
20 0.845268 -28.1754 0.000481342
21 0.845268 -28.1754 0.000481302
22 0.845268 -28.1754 0.00048125
23 0.845268 -28.1754 0.000481204
24 0.845268 -28.1754 0.000481153
25 0.845268 -28.1754 0.000481112
26 0.845268 -28.1754 0.000481066
27 0.845268 -28.1754 0.000481033
28 0.845268 -28.1754 0.000480993
29 0.845268 -28.1754 0.00048097
30 0.845268 -28.1754 0.000480938
31 0.845268 -28.1754 0.000480908
32 0.845268 -28.1754 0.000480882
33 0.845268 -28.1754 0.000480858
34 0.845268 -28.1754 0.000480831
35 0.845268 -28.1754 0.000480814
36 0.845268 -28.1754 0.000480789
37 0.845268 -28.1754 0.000480772
38 0.845268 -28.1754 0.000480749
39 0.845268 -28.1754 0.00048073
40 0.845268 -28.1754 0.00048071
41 0.845268 -28.1754 0.000480697
42 0.845268 -28.1754 0.000480677
43 0.845268 -28.1754 0.000480658
44 0.845268 -28.1754 0.000480642
45 0.845268 -28.1754 0.000480629
46 0.845268 -28.1754 0.000480612
47 0.845268 -28.1754 0.000480597
48 0.845268 -28.1754 0.000480582
49 0.845268 -28.1754 0.000480567
50 0.845268 -28.1754 0.000480552
51 0.845268 -28.1754 0.000480536
52 0.845268 -28.1754 0.000480525
53 0.845268 -28.1754 0.00048051
54 0.845268 -28.1754 0.000480502
55 0.845268 -28.1754 0.000480492
56 0.845268 -28.1754 0.000480475
57 0.845268 -28.1754 0.000480466
58 0.845268 -28.1754 0.000480455
59 0.845268 -28.1754 0.000480444
60 0.845268 -28.1754 0.000480437
61 0.845268 -28.1754 0.000480431
62 0.845268 -28.1754 0.00048042
63 0.845268 -28.1754 0.00048041
64 0.845268 -28.1754 0.000480402
65 0.845268 -28.1754 0.00048039
66 0.845268 -28.1754 0.000480384
67 0.845268 -28.1754 0.00048038
68 0.845268 -28.1754 0.000480369
69 0.845268 -28.1754 0.000480365
70 0.845268 -28.1754 0.000480359
71 0.845268 -28.1754 0.000480348
72 0.845268 -28.1754 0.000480347
73 0.845268 -28.1754 0.000480338
74 0.845268 -28.1754 0.000480336
75 0.845268 -28.1754 0.000480331
76 0.845268 -28.1754 0.000480322
77 0.845268 -28.1754 0.000480322
78 0.845268 -28.1754 0.000480317
79 0.845268 -28.1754 0.000480311
80 0.845268 -28.1754 0.000480305
81 0.845268 -28.1754 0.0004803
82 0.845268 -28.1754 0.000480296
83 0.845268 -28.1754 0.000480292
84 0.845268 -28.1754 0.000480289
85 0.845268 -28.1754 0.000480285
86 0.845268 -28.1754 0.00048028
87 0.845268 -28.1754 0.000480276
88 0.845268 -28.1754 0.000480274
89 0.845268 -28.1754 0.000480267
90 0.845268 -28.1754 0.000480268
91 0.845268 -28.1754 0.000480264
92 0.845268 -28.1754 0.000480259
93 0.845268 -28.1754 0.000480254
94 0.845268 -28.1754 0.000480252
95 0.845268 -28.1754 0.000480245
96 0.845268 -28.1754 0.000480244
97 0.845268 -28.1754 0.000480238
98 0.845268 -28.1754 0.000480237
99 0.845268 -28.1754 0.000480235
Initial energy of the MPS: -0.252779
# DMRG Sweep # Mid bond EE # Energy # Std #
0 0.0366873 14.8162 2.75797
1 0.694827 15.7487 0.0240311
2 0.696499 15.75 0.00388947
3 0.695035 15.7501 0.00159851
4 0.7418 15.7502 0.00110102
5 0.792087 15.7502 0.00077043
6 0.858348 15.7502 0.000982212
7 0.880116 15.7502 0.000415343
8 0.941886 15.7502 0.000633258
9 0.926718 15.7502 0.000411352
10 0.945378 15.7503 0.00028177
11 0.950257 15.7503 0.000414756
12 0.936178 15.7503 0.000339192
13 0.921535 15.7503 0.000327706
14 0.922028 15.7503 0.000445446
15 0.901739 15.7503 0.000447498
16 0.869704 15.7503 0.000576608
17 0.787939 15.7503 0.000560339
18 0.557215 15.7503 0.000479109
19 0.243603 15.7503 0.000303133
20 0.0931859 15.7503 0.0001579
21 0.0320679 15.7503 7.91279e-05
min energy  # max energy
-28.1754 15.7503
