Initial energy of the MPS: 0.23605
# DMRG Sweep # Mid bond EE # Energy # Std #
0 0.00578731 -26.7119 5.00464
1 0.765547 -28.1754 0.00434886
2 0.844047 -28.1754 0.00060582
3 0.845252 -28.1754 0.000538663
4 0.845266 -28.1754 0.000511859
5 0.845267 -28.1754 0.000498894
6 0.845268 -28.1754 0.000492448
7 0.845268 -28.1754 0.000488536
8 0.845268 -28.1754 0.000485824
9 0.845268 -28.1754 0.000483979
10 0.845268 -28.1754 0.000482828
11 0.845268 -28.1754 0.000482298
12 0.845268 -28.1754 0.000482039
13 0.845268 -28.1754 0.000481904
14 0.845268 -28.1754 0.000481797
15 0.845268 -28.1754 0.000481715
16 0.845268 -28.1754 0.000481642
17 0.845268 -28.1754 0.000481582
18 0.845268 -28.1754 0.000481525
19 0.845268 -28.1754 0.000481472
20 0.845268 -28.1754 0.00048142
21 0.845268 -28.1754 0.000481374
22 0.845268 -28.1754 0.000481326
23 0.845268 -28.1754 0.000481282
24 0.845268 -28.1754 0.000481228
25 0.845268 -28.1754 0.000481188
26 0.845268 -28.1754 0.000481143
27 0.845268 -28.1754 0.000481118
28 0.845268 -28.1754 0.000481075
29 0.845268 -28.1754 0.00048105
30 0.845268 -28.1754 0.00048102
31 0.845268 -28.1754 0.000480997
32 0.845268 -28.1754 0.000480972
33 0.845268 -28.1754 0.000480952
34 0.845268 -28.1754 0.000480924
35 0.845268 -28.1754 0.000480905
36 0.845268 -28.1754 0.000480883
37 0.845268 -28.1754 0.000480866
38 0.845268 -28.1754 0.000480845
39 0.845268 -28.1754 0.000480828
40 0.845268 -28.1754 0.000480803
41 0.845268 -28.1754 0.000480786
42 0.845268 -28.1754 0.000480763
43 0.845268 -28.1754 0.000480748
44 0.845268 -28.1754 0.000480724
45 0.845268 -28.1754 0.00048071
46 0.845268 -28.1754 0.00048069
47 0.845268 -28.1754 0.000480671
48 0.845268 -28.1754 0.000480652
49 0.845268 -28.1754 0.000480637
50 0.845268 -28.1754 0.000480615
51 0.845268 -28.1754 0.000480605
52 0.845268 -28.1754 0.000480584
53 0.845268 -28.1754 0.000480574
54 0.845268 -28.1754 0.000480555
55 0.845268 -28.1754 0.000480544
56 0.845268 -28.1754 0.000480527
57 0.845268 -28.1754 0.000480513
58 0.845268 -28.1754 0.000480507
59 0.845268 -28.1754 0.000480495
60 0.845268 -28.1754 0.000480481
61 0.845268 -28.1754 0.000480474
62 0.845268 -28.1754 0.000480464
63 0.845268 -28.1754 0.000480456
64 0.845268 -28.1754 0.000480439
65 0.845268 -28.1754 0.000480437
66 0.845268 -28.1754 0.000480427
67 0.845268 -28.1754 0.00048042
68 0.845268 -28.1754 0.00048041
69 0.845268 -28.1754 0.000480406
70 0.845268 -28.1754 0.0004804
71 0.845268 -28.1754 0.000480393
72 0.845268 -28.1754 0.000480384
73 0.845268 -28.1754 0.000480381
74 0.845268 -28.1754 0.000480374
75 0.845268 -28.1754 0.000480366
76 0.845268 -28.1754 0.000480363
77 0.845268 -28.1754 0.00048036
78 0.845268 -28.1754 0.000480351
79 0.845268 -28.1754 0.000480353
80 0.845268 -28.1754 0.000480344
81 0.845268 -28.1754 0.000480339
82 0.845268 -28.1754 0.000480335
83 0.845268 -28.1754 0.000480338
84 0.845268 -28.1754 0.000480322
85 0.845268 -28.1754 0.00048033
86 0.845268 -28.1754 0.000480318
87 0.845268 -28.1754 0.000480319
88 0.845268 -28.1754 0.000480315
89 0.845268 -28.1754 0.000480315
90 0.845268 -28.1754 0.000480308
91 0.845268 -28.1754 0.000480307
92 0.845268 -28.1754 0.000480299
93 0.845268 -28.1754 0.000480299
94 0.845268 -28.1754 0.000480293
95 0.845268 -28.1754 0.000480294
96 0.845268 -28.1754 0.000480288
97 0.845268 -28.1754 0.000480288
98 0.845268 -28.1754 0.00048029
99 0.845268 -28.1754 0.000480284
Initial energy of the MPS: -0.252873
# DMRG Sweep # Mid bond EE # Energy # Std #
0 0.0366716 14.8283 2.75691
1 0.695084 15.7486 0.0253592
2 0.69716 15.7499 0.00454381
3 0.694645 15.75 0.000808247
4 0.717057 15.75 0.000707782
5 0.870374 15.75 0.000330262
6 0.964627 15.75 0.000495876
7 0.967769 15.75 0.000650508
8 0.953994 15.75 0.000184209
9 1.02775 15.75 0.000254644
10 1.03155 15.75 0.000426753
11 1.02631 15.75 0.000487488
12 0.992153 15.75 0.000254375
13 1.03063 15.75 0.000181178
14 1.04782 15.7501 0.000198192
15 1.04772 15.7501 0.000237345
16 1.04365 15.7501 0.000313706
17 1.03111 15.7501 0.000362142
18 1.02047 15.7501 0.000424465
19 1.00193 15.7501 0.00038607
20 0.999028 15.7501 0.00026544
21 0.997227 15.7501 0.000275748
22 0.99741 15.7501 0.000250124
23 0.998979 15.7501 0.000271694
24 0.991314 15.7501 0.000306161
25 0.98393 15.7501 0.000364457
26 0.956357 15.7501 0.00033777
27 0.947644 15.7501 0.000234469
28 0.948718 15.7501 0.000246257
29 0.944114 15.7501 0.000267235
30 0.931876 15.7501 0.00024028
31 0.921961 15.7501 0.00027608
32 0.911111 15.7501 0.000248757
33 0.90843 15.7501 0.000245318
34 0.889242 15.7501 0.000226306
35 0.873944 15.7501 0.000238327
36 0.834539 15.7501 0.000240431
37 0.773204 15.7501 0.000251347
38 0.638367 15.7501 0.000227393
39 0.46523 15.7501 0.000219617
40 0.275361 15.7501 0.00020493
41 0.146168 15.7502 0.000131298
min energy  # max energy
-28.1754 15.7502
