Initial energy of the MPS: 0.236078
# DMRG Sweep # Mid bond EE # Energy # Std #
0 0.00578724 -26.7101 5.00434
1 0.765503 -28.1754 0.00435085
2 0.844044 -28.1754 0.000605774
3 0.845252 -28.1754 0.000538725
4 0.845265 -28.1754 0.000511982
5 0.845267 -28.1754 0.000499042
6 0.845267 -28.1754 0.000492708
7 0.845268 -28.1754 0.00048894
8 0.845268 -28.1754 0.000486238
9 0.845268 -28.1754 0.00048423
10 0.845268 -28.1754 0.000482908
11 0.845268 -28.1754 0.000482318
12 0.845268 -28.1754 0.000482016
13 0.845268 -28.1754 0.000481864
14 0.845268 -28.1754 0.000481738
15 0.845268 -28.1754 0.000481658
16 0.845268 -28.1754 0.000481571
17 0.845268 -28.1754 0.00048151
18 0.845268 -28.1754 0.000481446
19 0.845268 -28.1754 0.000481395
20 0.845268 -28.1754 0.000481338
21 0.845268 -28.1754 0.000481297
22 0.845268 -28.1754 0.000481236
23 0.845268 -28.1754 0.000481192
24 0.845268 -28.1754 0.000481138
25 0.845268 -28.1754 0.000481099
26 0.845268 -28.1754 0.000481054
27 0.845268 -28.1754 0.000481027
28 0.845268 -28.1754 0.000480996
29 0.845268 -28.1754 0.000480967
30 0.845268 -28.1754 0.000480937
31 0.845268 -28.1754 0.000480913
32 0.845268 -28.1754 0.000480888
33 0.845268 -28.1754 0.000480863
34 0.845268 -28.1754 0.000480843
35 0.845268 -28.1754 0.000480824
36 0.845268 -28.1754 0.000480799
37 0.845268 -28.1754 0.000480779
38 0.845268 -28.1754 0.000480764
39 0.845268 -28.1754 0.000480744
40 0.845268 -28.1754 0.000480728
41 0.845268 -28.1754 0.000480708
42 0.845268 -28.1754 0.000480695
43 0.845268 -28.1754 0.000480679
44 0.845268 -28.1754 0.000480665
45 0.845268 -28.1754 0.000480645
46 0.845268 -28.1754 0.000480635
47 0.845268 -28.1754 0.000480616
48 0.845268 -28.1754 0.000480602
49 0.845268 -28.1754 0.000480593
50 0.845268 -28.1754 0.000480576
51 0.845268 -28.1754 0.000480564
52 0.845268 -28.1754 0.000480551
53 0.845268 -28.1754 0.000480541
54 0.845268 -28.1754 0.000480527
55 0.845268 -28.1754 0.000480512
56 0.845268 -28.1754 0.000480502
57 0.845268 -28.1754 0.000480492
58 0.845268 -28.1754 0.000480474
59 0.845268 -28.1754 0.000480467
60 0.845268 -28.1754 0.000480453
61 0.845268 -28.1754 0.000480445
62 0.845268 -28.1754 0.00048043
63 0.845268 -28.1754 0.000480425
64 0.845268 -28.1754 0.000480418
65 0.845268 -28.1754 0.000480411
66 0.845268 -28.1754 0.0004804
67 0.845268 -28.1754 0.000480388
68 0.845268 -28.1754 0.000480384
69 0.845268 -28.1754 0.000480377
70 0.845268 -28.1754 0.000480368
71 0.845268 -28.1754 0.000480364
72 0.845268 -28.1754 0.000480351
73 0.845268 -28.1754 0.000480348
74 0.845268 -28.1754 0.00048034
75 0.845268 -28.1754 0.000480336
76 0.845268 -28.1754 0.000480331
77 0.845268 -28.1754 0.000480322
78 0.845268 -28.1754 0.000480317
79 0.845268 -28.1754 0.000480315
80 0.845268 -28.1754 0.000480305
81 0.845268 -28.1754 0.0004803
82 0.845268 -28.1754 0.000480295
83 0.845268 -28.1754 0.000480294
84 0.845268 -28.1754 0.00048029
85 0.845268 -28.1754 0.000480284
86 0.845268 -28.1754 0.000480282
87 0.845268 -28.1754 0.000480275
88 0.845268 -28.1754 0.000480269
89 0.845268 -28.1754 0.000480269
90 0.845268 -28.1754 0.000480265
91 0.845268 -28.1754 0.000480259
92 0.845268 -28.1754 0.000480258
93 0.845268 -28.1754 0.000480257
94 0.845268 -28.1754 0.00048025
95 0.845268 -28.1754 0.000480245
96 0.845268 -28.1754 0.000480244
97 0.845268 -28.1754 0.00048024
98 0.845268 -28.1754 0.000480239
99 0.845268 -28.1754 0.000480233
Initial energy of the MPS: -0.252782
# DMRG Sweep # Mid bond EE # Energy # Std #
0 0.0365792 14.8097 2.76214
1 0.695423 15.7485 0.0273378
2 0.694334 15.75 0.00420032
3 0.69408 15.75 0.000756723
4 0.69933 15.75 0.000594074
5 0.71703 15.75 0.000301941
6 0.792083 15.75 0.000248863
7 0.847458 15.75 0.000207941
8 0.880071 15.75 0.000409993
9 0.852392 15.7501 0.000166241
10 0.894675 15.7501 0.000116781
min energy  # max energy
-28.1754 15.7501
