Initial energy of the MPS: 0.236047
# DMRG Sweep # Mid bond EE # Energy # Std #
0 0.00578738 -26.7133 5.00488
1 0.765542 -28.1754 0.00434837
2 0.844047 -28.1754 0.000605754
3 0.845252 -28.1754 0.00053869
4 0.845266 -28.1754 0.000511883
5 0.845267 -28.1754 0.000498796
6 0.845268 -28.1754 0.000492204
7 0.845268 -28.1754 0.000488203
8 0.845268 -28.1754 0.00048556
9 0.845268 -28.1754 0.00048384
10 0.845268 -28.1754 0.000482751
11 0.845268 -28.1754 0.000482239
12 0.845268 -28.1754 0.000481988
13 0.845268 -28.1754 0.000481852
14 0.845268 -28.1754 0.000481745
15 0.845268 -28.1754 0.000481673
16 0.845268 -28.1754 0.000481588
17 0.845268 -28.1754 0.000481532
18 0.845268 -28.1754 0.000481471
19 0.845268 -28.1754 0.000481422
20 0.845268 -28.1754 0.000481366
21 0.845268 -28.1754 0.000481325
22 0.845268 -28.1754 0.000481273
23 0.845268 -28.1754 0.000481227
24 0.845268 -28.1754 0.00048118
25 0.845268 -28.1754 0.000481138
26 0.845268 -28.1754 0.000481086
27 0.845268 -28.1754 0.000481057
28 0.845268 -28.1754 0.000481021
29 0.845268 -28.1754 0.000480993
30 0.845268 -28.1754 0.000480959
31 0.845268 -28.1754 0.000480933
32 0.845268 -28.1754 0.000480906
33 0.845268 -28.1754 0.000480883
34 0.845268 -28.1754 0.000480855
35 0.845268 -28.1754 0.000480837
36 0.845268 -28.1754 0.000480809
37 0.845268 -28.1754 0.000480794
38 0.845268 -28.1754 0.000480765
39 0.845268 -28.1754 0.000480751
40 0.845268 -28.1754 0.000480727
41 0.845268 -28.1754 0.000480709
42 0.845268 -28.1754 0.000480687
43 0.845268 -28.1754 0.000480676
44 0.845268 -28.1754 0.000480657
45 0.845268 -28.1754 0.000480646
46 0.845268 -28.1754 0.000480625
47 0.845268 -28.1754 0.000480613
48 0.845268 -28.1754 0.000480591
49 0.845268 -28.1754 0.00048058
50 0.845268 -28.1754 0.000480565
51 0.845268 -28.1754 0.00048055
52 0.845268 -28.1754 0.000480532
53 0.845268 -28.1754 0.000480526
54 0.845268 -28.1754 0.000480511
55 0.845268 -28.1754 0.000480501
56 0.845268 -28.1754 0.000480488
57 0.845268 -28.1754 0.000480478
58 0.845268 -28.1754 0.000480464
59 0.845268 -28.1754 0.000480457
60 0.845268 -28.1754 0.000480447
61 0.845268 -28.1754 0.000480439
62 0.845268 -28.1754 0.000480428
63 0.845268 -28.1754 0.000480423
64 0.845268 -28.1754 0.000480412
65 0.845268 -28.1754 0.000480405
66 0.845268 -28.1754 0.000480398
67 0.845268 -28.1754 0.000480391
68 0.845268 -28.1754 0.000480385
69 0.845268 -28.1754 0.00048038
70 0.845268 -28.1754 0.000480373
71 0.845268 -28.1754 0.000480367
72 0.845268 -28.1754 0.000480362
73 0.845268 -28.1754 0.000480354
74 0.845268 -28.1754 0.000480352
75 0.845268 -28.1754 0.000480347
76 0.845268 -28.1754 0.000480339
77 0.845268 -28.1754 0.000480336
78 0.845268 -28.1754 0.000480328
79 0.845268 -28.1754 0.000480329
80 0.845268 -28.1754 0.000480321
81 0.845268 -28.1754 0.000480319
82 0.845268 -28.1754 0.000480313
83 0.845268 -28.1754 0.000480315
84 0.845268 -28.1754 0.000480304
85 0.845268 -28.1754 0.000480306
86 0.845268 -28.1754 0.000480298
87 0.845268 -28.1754 0.000480297
88 0.845268 -28.1754 0.000480289
89 0.845268 -28.1754 0.000480288
90 0.845268 -28.1754 0.000480283
91 0.845268 -28.1754 0.000480288
92 0.845268 -28.1754 0.000480278
93 0.845268 -28.1754 0.00048028
94 0.845268 -28.1754 0.000480273
95 0.845268 -28.1754 0.000480272
96 0.845268 -28.1754 0.000480264
97 0.845268 -28.1754 0.000480269
98 0.845268 -28.1754 0.00048026
99 0.845268 -28.1754 0.00048026
Initial energy of the MPS: -0.252748
# DMRG Sweep # Mid bond EE # Energy # Std #
0 0.036261 14.8085 2.7673
1 0.694044 15.7488 0.0243487
2 0.694948 15.7499 0.00411351
3 0.694882 15.75 0.000782141
4 0.699686 15.75 0.000535126
5 0.766921 15.75 0.000193583
6 0.843799 15.75 0.000252369
7 0.9139 15.75 0.000301211
8 0.913022 15.75 0.000147671
min energy  # max energy
-28.1754 15.75
