Initial energy of the MPS: 0.236073
# DMRG Sweep # Mid bond EE # Energy # Std #
0 0.00578731 -26.7115 5.00462
1 0.765527 -28.1754 0.00435033
2 0.844046 -28.1754 0.000605805
3 0.845252 -28.1754 0.000538694
4 0.845265 -28.1754 0.000511927
5 0.845267 -28.1754 0.000498982
6 0.845267 -28.1754 0.000492588
7 0.845268 -28.1754 0.000488731
8 0.845268 -28.1754 0.000485934
9 0.845268 -28.1754 0.000483945
10 0.845268 -28.1754 0.00048277
11 0.845268 -28.1754 0.00048226
12 0.845268 -28.1754 0.000482012
13 0.845268 -28.1754 0.000481872
14 0.845268 -28.1754 0.000481769
15 0.845268 -28.1754 0.00048169
16 0.845268 -28.1754 0.000481615
17 0.845268 -28.1754 0.000481558
18 0.845268 -28.1754 0.000481495
19 0.845268 -28.1754 0.000481449
20 0.845268 -28.1754 0.000481399
21 0.845268 -28.1754 0.000481355
22 0.845268 -28.1754 0.000481302
23 0.845268 -28.1754 0.000481262
24 0.845268 -28.1754 0.000481211
25 0.845268 -28.1754 0.000481171
26 0.845268 -28.1754 0.000481126
27 0.845268 -28.1754 0.000481099
28 0.845268 -28.1754 0.00048106
29 0.845268 -28.1754 0.000481035
30 0.845268 -28.1754 0.000481008
31 0.845268 -28.1754 0.000480983
32 0.845268 -28.1754 0.000480954
33 0.845268 -28.1754 0.000480932
34 0.845268 -28.1754 0.00048091
35 0.845268 -28.1754 0.00048089
36 0.845268 -28.1754 0.000480864
37 0.845268 -28.1754 0.000480848
38 0.845268 -28.1754 0.000480827
39 0.845268 -28.1754 0.000480811
40 0.845268 -28.1754 0.000480788
41 0.845268 -28.1754 0.000480772
42 0.845268 -28.1754 0.000480746
43 0.845268 -28.1754 0.000480736
44 0.845268 -28.1754 0.000480708
45 0.845268 -28.1754 0.000480694
46 0.845268 -28.1754 0.000480675
47 0.845268 -28.1754 0.000480662
48 0.845268 -28.1754 0.000480643
49 0.845268 -28.1754 0.000480631
50 0.845268 -28.1754 0.000480614
51 0.845268 -28.1754 0.000480602
52 0.845268 -28.1754 0.000480579
53 0.845268 -28.1754 0.000480572
54 0.845268 -28.1754 0.000480556
55 0.845268 -28.1754 0.000480543
56 0.845268 -28.1754 0.000480528
57 0.845268 -28.1754 0.000480521
58 0.845268 -28.1754 0.000480507
59 0.845268 -28.1754 0.000480503
60 0.845268 -28.1754 0.000480486
61 0.845268 -28.1754 0.00048048
62 0.845268 -28.1754 0.000480467
63 0.845268 -28.1754 0.000480463
64 0.845268 -28.1754 0.000480453
65 0.845268 -28.1754 0.000480443
66 0.845268 -28.1754 0.000480437
67 0.845268 -28.1754 0.000480428
68 0.845268 -28.1754 0.000480421
69 0.845268 -28.1754 0.000480418
70 0.845268 -28.1754 0.000480406
71 0.845268 -28.1754 0.000480406
72 0.845268 -28.1754 0.000480391
73 0.845268 -28.1754 0.000480393
74 0.845268 -28.1754 0.000480385
75 0.845268 -28.1754 0.000480382
76 0.845268 -28.1754 0.00048037
77 0.845268 -28.1754 0.00048037
78 0.845268 -28.1754 0.000480364
79 0.845268 -28.1754 0.000480365
80 0.845268 -28.1754 0.000480353
81 0.845268 -28.1754 0.000480355
82 0.845268 -28.1754 0.000480348
83 0.845268 -28.1754 0.000480343
84 0.845268 -28.1754 0.00048034
85 0.845268 -28.1754 0.000480339
86 0.845268 -28.1754 0.000480333
87 0.845268 -28.1754 0.000480327
88 0.845268 -28.1754 0.000480322
89 0.845268 -28.1754 0.000480321
90 0.845268 -28.1754 0.000480319
91 0.845268 -28.1754 0.000480318
92 0.845268 -28.1754 0.000480314
93 0.845268 -28.1754 0.000480309
94 0.845268 -28.1754 0.000480308
95 0.845268 -28.1754 0.000480305
96 0.845268 -28.1754 0.000480299
97 0.845268 -28.1754 0.000480299
98 0.845268 -28.1754 0.000480295
99 0.845268 -28.1754 0.000480293
Initial energy of the MPS: -0.252781
# DMRG Sweep # Mid bond EE # Energy # Std #
0 0.0362719 14.8253 2.75571
1 0.694685 15.7489 0.023214
2 0.694385 15.75 0.00371236
3 0.694186 15.7501 0.00165768
4 0.782705 15.7501 0.000582042
5 0.846303 15.7501 0.000699345
6 0.924042 15.7501 0.000308325
7 0.956797 15.7501 0.000238851
8 0.992062 15.7501 0.000315152
9 0.965639 15.7501 0.000617588
10 0.957273 15.7501 0.000381677
11 0.96301 15.7501 0.000173453
12 0.992124 15.7501 0.000185067
13 0.987027 15.7501 0.000282264
14 0.983352 15.7501 0.000367979
15 0.966646 15.7501 0.000479138
16 0.93567 15.7501 0.000278258
17 0.939503 15.7502 0.000191416
18 0.940822 15.7502 0.000235007
19 0.933815 15.7502 0.000295627
20 0.91367 15.7502 0.000306517
21 0.891165 15.7502 0.000361139
22 0.86138 15.7502 0.00032586
23 0.818529 15.7502 0.000358859
24 0.728259 15.7502 0.000511902
25 0.580214 15.7502 0.000528058
26 0.363896 15.7502 0.000377374
27 0.184353 15.7502 0.000212904
28 0.0777203 15.7502 0.000127427
min energy  # max energy
-28.1754 15.7502
