Initial energy of the MPS: 0.236056
# DMRG Sweep # Mid bond EE # Energy # Std #
0 0.00578736 -26.7126 5.00484
1 0.765548 -28.1754 0.00434756
2 0.844045 -28.1754 0.000605785
3 0.845252 -28.1754 0.000538654
4 0.845265 -28.1754 0.00051185
5 0.845267 -28.1754 0.000498823
6 0.845267 -28.1754 0.000492288
7 0.845267 -28.1754 0.00048833
8 0.845268 -28.1754 0.000485695
9 0.845268 -28.1754 0.000483952
10 0.845268 -28.1754 0.000482812
11 0.845268 -28.1754 0.000482273
12 0.845268 -28.1754 0.000482008
13 0.845268 -28.1754 0.000481864
14 0.845268 -28.1754 0.000481754
15 0.845268 -28.1754 0.00048168
16 0.845268 -28.1754 0.000481597
17 0.845268 -28.1754 0.000481541
18 0.845268 -28.1754 0.000481473
19 0.845268 -28.1754 0.000481429
20 0.845268 -28.1754 0.000481374
21 0.845268 -28.1754 0.000481329
22 0.845268 -28.1754 0.000481277
23 0.845268 -28.1754 0.000481238
24 0.845268 -28.1754 0.000481183
25 0.845268 -28.1754 0.000481141
26 0.845268 -28.1754 0.000481093
27 0.845268 -28.1754 0.000481064
28 0.845268 -28.1754 0.00048102
29 0.845268 -28.1754 0.000480997
30 0.845268 -28.1754 0.000480968
31 0.845268 -28.1754 0.000480941
32 0.845268 -28.1754 0.000480915
33 0.845268 -28.1754 0.000480892
34 0.845268 -28.1754 0.000480864
35 0.845268 -28.1754 0.000480842
36 0.845268 -28.1754 0.000480823
37 0.845268 -28.1754 0.0004808
38 0.845268 -28.1754 0.000480776
39 0.845268 -28.1754 0.00048076
40 0.845268 -28.1754 0.00048074
41 0.845268 -28.1754 0.000480721
42 0.845268 -28.1754 0.000480702
43 0.845268 -28.1754 0.00048068
44 0.845268 -28.1754 0.000480665
45 0.845268 -28.1754 0.000480644
46 0.845268 -28.1754 0.000480633
47 0.845268 -28.1754 0.000480611
48 0.845268 -28.1754 0.000480597
49 0.845268 -28.1754 0.000480583
50 0.845268 -28.1754 0.000480567
51 0.845268 -28.1754 0.00048055
52 0.845268 -28.1754 0.000480537
53 0.845268 -28.1754 0.000480527
54 0.845268 -28.1754 0.000480513
55 0.845268 -28.1754 0.000480501
56 0.845268 -28.1754 0.000480491
57 0.845268 -28.1754 0.000480477
58 0.845268 -28.1754 0.000480468
59 0.845268 -28.1754 0.000480458
60 0.845268 -28.1754 0.000480448
61 0.845268 -28.1754 0.000480439
62 0.845268 -28.1754 0.000480428
63 0.845268 -28.1754 0.000480416
64 0.845268 -28.1754 0.000480413
65 0.845268 -28.1754 0.000480405
66 0.845268 -28.1754 0.000480396
67 0.845268 -28.1754 0.000480388
68 0.845268 -28.1754 0.000480382
69 0.845268 -28.1754 0.00048038
70 0.845268 -28.1754 0.000480371
71 0.845268 -28.1754 0.000480366
72 0.845268 -28.1754 0.000480362
73 0.845268 -28.1754 0.000480356
74 0.845268 -28.1754 0.000480348
75 0.845268 -28.1754 0.000480345
76 0.845268 -28.1754 0.000480341
77 0.845268 -28.1754 0.000480335
78 0.845268 -28.1754 0.000480329
79 0.845268 -28.1754 0.000480328
80 0.845268 -28.1754 0.000480318
81 0.845268 -28.1754 0.000480317
82 0.845268 -28.1754 0.000480314
83 0.845268 -28.1754 0.00048031
84 0.845268 -28.1754 0.000480305
85 0.845268 -28.1754 0.0004803
86 0.845268 -28.1754 0.000480297
87 0.845268 -28.1754 0.000480294
88 0.845268 -28.1754 0.00048029
89 0.845268 -28.1754 0.000480289
90 0.845268 -28.1754 0.000480282
91 0.845268 -28.1754 0.000480283
92 0.845268 -28.1754 0.000480277
93 0.845268 -28.1754 0.000480275
94 0.845268 -28.1754 0.000480274
95 0.845268 -28.1754 0.000480266
96 0.845268 -28.1754 0.000480267
97 0.845268 -28.1754 0.000480265
98 0.845268 -28.1754 0.00048026
99 0.845268 -28.1754 0.000480257
Initial energy of the MPS: -0.252828
# DMRG Sweep # Mid bond EE # Energy # Std #
0 0.037104 14.8257 2.75589
1 0.694312 15.7483 0.0250938
2 0.696592 15.7499 0.00535956
3 0.695348 15.75 0.00100248
4 0.70623 15.75 0.000668477
5 0.737146 15.7501 0.000301635
6 0.847571 15.7501 0.000400251
7 0.834705 15.7501 0.000268791
8 0.881471 15.7501 0.00022786
9 0.938071 15.7501 0.00037122
10 0.927895 15.7501 0.000195442
11 0.937652 15.7501 0.000103809
min energy  # max energy
-28.1754 15.7501
