Initial energy of the MPS: -0.0531982
# DMRG Sweep # Mid bond EE # Energy # Std #
0 0.00916103 -54.0594 13.5286
1 0.490515 -57.9046 0.00160122
2 0.484879 -57.9046 0.000239149
Initial energy of the MPS: -0.358633
# DMRG Sweep # Mid bond EE # Energy # Std #
0 0.00592586 33.7384 5.99504
1 0.81799 35.1978 0.0157251
2 1.04943 35.1998 0.00262343
3 1.03911 35.1998 0.000680606
4 1.02928 35.1998 0.000474183
5 1.04287 35.1998 0.0004185
6 1.0449 35.1998 0.000404604
7 1.05151 35.1998 0.000405633
8 1.0534 35.1998 0.000408062
9 1.06123 35.1998 0.000412713
10 1.06345 35.1998 0.000414944
11 1.07221 35.1998 0.000419151
12 1.07479 35.1998 0.00042087
13 1.08418 35.1998 0.000424442
14 1.08709 35.1998 0.000425733
15 1.09687 35.1998 0.000428934
16 1.10005 35.1998 0.000429949
17 1.11 35.1998 0.000432948
18 1.11338 35.1998 0.00043375
19 1.12331 35.1998 0.000436677
20 1.12683 35.1998 0.000437338
21 1.13657 35.1998 0.000440063
22 1.14014 35.1998 0.000440645
23 1.14953 35.1998 0.000443214
24 1.15307 35.1998 0.000443692
25 1.16195 35.1998 0.000446071
26 1.16535 35.1998 0.000446487
27 1.1736 35.1998 0.00044861
28 1.17681 35.1998 0.000448938
29 1.18433 35.1998 0.000450783
30 1.18728 35.1998 0.000451046
31 1.19403 35.1998 0.000452682
32 1.19669 35.1998 0.00045296
33 1.20265 35.1998 0.000454407
34 1.20501 35.1998 0.000454731
35 1.21019 35.1998 0.000456002
36 1.21225 35.1998 0.000456317
37 1.21669 35.1998 0.000457392
38 1.21846 35.1998 0.00045764
39 1.22222 35.1998 0.000458511
40 1.22372 35.1998 0.000458709
41 1.22687 35.1998 0.000459396
42 1.22813 35.1998 0.000459554
43 1.23075 35.1998 0.0004601
44 1.23179 35.1998 0.000460205
45 1.23395 35.1998 0.000460639
46 1.23481 35.1998 0.0004607
47 1.23658 35.1998 0.000461054
48 1.23729 35.1998 0.000461111
49 1.23873 35.1998 0.000461407
50 1.2393 35.1998 0.00046147
51 1.24047 35.1998 0.000461692
52 1.24093 35.1998 0.000461742
53 1.24188 35.1998 0.000461938
54 1.24225 35.1998 0.00046197
55 1.24301 35.1998 0.00046215
56 1.24331 35.1998 0.000462191
57 1.24392 35.1998 0.000462333
58 1.24417 35.1998 0.000462374
59 1.24466 35.1998 0.000462493
60 1.24485 35.1998 0.000462529
61 1.24524 35.1998 0.000462634
62 1.2454 35.1998 0.000462679
63 1.24571 35.1998 0.000462767
64 1.24584 35.1998 0.000462801
65 1.24609 35.1998 0.000462876
66 1.24619 35.1998 0.000462925
67 1.24639 35.1998 0.000462967
68 1.24647 35.1998 0.000462987
69 1.24663 35.1998 0.000463034
70 1.24669 35.1998 0.000463036
71 1.24682 35.1998 0.000463073
72 1.24687 35.1998 0.000463088
73 1.24697 35.1998 0.000463112
74 1.24701 35.1998 0.000463094
75 1.24709 35.1998 0.00046313
76 1.24713 35.1998 0.00046313
77 1.24719 35.1998 0.000463133
78 1.24722 35.1998 0.000463123
79 1.24727 35.1998 0.000463142
80 1.24729 35.1998 0.000463127
81 1.24733 35.1998 0.000463139
82 1.24735 35.1998 0.000463132
83 1.24738 35.1998 0.000463137
84 1.2474 35.1998 0.000463124
85 1.24742 35.1998 0.000463134
86 1.24743 35.1998 0.000463127
87 1.24745 35.1998 0.000463134
88 1.24746 35.1998 0.000463128
89 1.24748 35.1998 0.000463142
90 1.24749 35.1998 0.000463122
91 1.2475 35.1998 0.000463132
92 1.24751 35.1998 0.000463128
93 1.24752 35.1998 0.000463136
94 1.24752 35.1998 0.000463128
95 1.24753 35.1998 0.000463145
96 1.24753 35.1998 0.000463127
97 1.24754 35.1998 0.000463139
98 1.24754 35.1998 0.000463128
99 1.24755 35.1998 0.00046314
min energy  # max energy
-57.9046 35.1998
