Initial energy of the MPS: 0.0231064
# DMRG Sweep # Mid bond EE # Energy # Std #
0 0.00996518 -54.3328 13.5953
1 0.759563 -58.1584 0.0234008
2 0.829811 -58.1591 0.00104194
3 0.831358 -58.1592 0.000571652
Initial energy of the MPS: -0.393081
# DMRG Sweep # Mid bond EE # Energy # Std #
0 0.00770758 32.5969 5.80474
1 0.75244 34.1605 0.0185728
2 0.977615 34.1633 0.00513533
3 1.17993 34.1636 0.00118561
4 1.25532 34.1637 0.000589121
5 1.25694 34.1637 0.000515889
6 1.25721 34.1637 0.00050275
7 1.25737 34.1637 0.000500853
8 1.2574 34.1637 0.000502552
9 1.25744 34.1637 0.000504051
10 1.25745 34.1637 0.000505946
11 1.25747 34.1637 0.00050724
12 1.25747 34.1637 0.000508553
13 1.25748 34.1637 0.000509352
14 1.25748 34.1637 0.000510157
15 1.25749 34.1637 0.000510581
16 1.25749 34.1637 0.000511183
17 1.25749 34.1637 0.000511424
18 1.25749 34.1637 0.000511915
19 1.25749 34.1637 0.000512056
20 1.25749 34.1637 0.000512378
21 1.2575 34.1637 0.000512482
22 1.2575 34.1637 0.000512719
23 1.2575 34.1637 0.000512782
24 1.2575 34.1637 0.000512941
25 1.2575 34.1637 0.00051298
26 1.2575 34.1637 0.000513087
27 1.2575 34.1637 0.000513119
28 1.2575 34.1637 0.000513188
29 1.2575 34.1637 0.000513211
30 1.2575 34.1637 0.000513219
31 1.2575 34.1637 0.000513249
32 1.2575 34.1637 0.000513241
33 1.2575 34.1637 0.00051326
34 1.2575 34.1637 0.000513231
35 1.2575 34.1637 0.000513241
36 1.2575 34.1637 0.000513191
37 1.2575 34.1637 0.000513207
38 1.2575 34.1637 0.000513141
39 1.2575 34.1637 0.000513167
40 1.2575 34.1637 0.000513108
41 1.2575 34.1637 0.000513126
42 1.2575 34.1637 0.000513065
43 1.2575 34.1637 0.000513084
44 1.2575 34.1637 0.000513032
45 1.2575 34.1637 0.000513052
46 1.2575 34.1637 0.000513007
47 1.2575 34.1637 0.000513019
48 1.2575 34.1637 0.000512984
49 1.2575 34.1637 0.000513002
50 1.2575 34.1637 0.000512964
51 1.2575 34.1637 0.000512974
52 1.2575 34.1637 0.000512944
53 1.2575 34.1637 0.000512963
54 1.2575 34.1637 0.000512917
55 1.2575 34.1637 0.000512927
56 1.2575 34.1637 0.000512894
57 1.2575 34.1637 0.000512908
58 1.2575 34.1637 0.000512873
59 1.2575 34.1637 0.000512886
60 1.2575 34.1637 0.000512849
61 1.2575 34.1637 0.00051286
62 1.2575 34.1637 0.00051282
63 1.2575 34.1637 0.00051283
64 1.2575 34.1637 0.000512792
65 1.2575 34.1637 0.000512795
66 1.2575 34.1637 0.000512763
67 1.2575 34.1637 0.000512768
68 1.2575 34.1637 0.000512721
69 1.2575 34.1637 0.000512725
70 1.2575 34.1637 0.000512694
71 1.2575 34.1637 0.000512697
72 1.2575 34.1637 0.000512665
73 1.2575 34.1637 0.000512672
74 1.2575 34.1637 0.000512645
75 1.2575 34.1637 0.000512653
76 1.2575 34.1637 0.000512637
77 1.2575 34.1637 0.000512636
78 1.2575 34.1637 0.000512619
79 1.2575 34.1637 0.000512633
80 1.2575 34.1637 0.000512614
81 1.2575 34.1637 0.00051261
82 1.2575 34.1637 0.000512604
83 1.2575 34.1637 0.000512605
84 1.2575 34.1637 0.000512596
85 1.2575 34.1637 0.000512592
86 1.2575 34.1637 0.000512579
87 1.2575 34.1637 0.000512586
88 1.2575 34.1637 0.000512574
89 1.2575 34.1637 0.000512576
90 1.2575 34.1637 0.000512554
91 1.2575 34.1637 0.000512547
92 1.2575 34.1637 0.000512535
93 1.2575 34.1637 0.000512535
94 1.2575 34.1637 0.000512525
95 1.2575 34.1637 0.000512521
96 1.2575 34.1637 0.000512506
97 1.2575 34.1637 0.00051251
98 1.2575 34.1637 0.000512489
99 1.2575 34.1637 0.000512511
min energy  # max energy
-58.1592 34.1637
