Initial energy of the MPS: 0.0404282
# DMRG Sweep # Mid bond EE # Energy # Std #
0 0.0103327 -53.8295 13.4715
1 0.708783 -57.66 0.00128357
2 0.71534 -57.66 0.000303082
Initial energy of the MPS: -0.370236
# DMRG Sweep # Mid bond EE # Energy # Std #
0 0.00853656 33.31 5.92837
1 0.374528 34.9541 0.0234713
2 0.452734 34.9553 0.00213935
3 0.453856 34.9553 0.00080942
4 0.522948 34.9553 0.000771715
5 0.523049 34.9553 0.000668425
6 0.609509 34.9553 0.00065674
7 0.609833 34.9553 0.000560352
8 0.616008 34.9553 0.000544001
9 0.616016 34.9553 0.000538425
10 0.616054 34.9553 0.000535004
11 0.616056 34.9553 0.000533141
12 0.61606 34.9553 0.000531399
13 0.616061 34.9553 0.000530669
14 0.616063 34.9553 0.00053016
15 0.616063 34.9553 0.000530047
16 0.616064 34.9553 0.00052999
17 0.616064 34.9553 0.000530028
18 0.616064 34.9553 0.000530116
19 0.616064 34.9553 0.000530172
20 0.616065 34.9553 0.000530248
21 0.616065 34.9553 0.000530311
22 0.616065 34.9553 0.000530375
23 0.616065 34.9553 0.000530406
24 0.616065 34.9553 0.000530439
25 0.616065 34.9553 0.00053046
26 0.616066 34.9553 0.00053047
27 0.616066 34.9553 0.000530462
28 0.616066 34.9553 0.000530487
29 0.616066 34.9553 0.000530446
30 0.616066 34.9553 0.000530443
31 0.616066 34.9553 0.0005304
32 0.616066 34.9553 0.000530398
33 0.616066 34.9553 0.000530347
34 0.616066 34.9553 0.000530334
35 0.616066 34.9553 0.000530269
36 0.616066 34.9553 0.000530247
37 0.616066 34.9553 0.000530191
38 0.616066 34.9553 0.000530157
39 0.616066 34.9553 0.000530093
40 0.616066 34.9553 0.000530041
41 0.616066 34.9553 0.000529979
42 0.616066 34.9553 0.000529938
43 0.616066 34.9553 0.000529874
44 0.616066 34.9553 0.000529824
45 0.616066 34.9553 0.000529765
46 0.616066 34.9553 0.000529715
47 0.616066 34.9553 0.000529668
48 0.616066 34.9553 0.000529629
49 0.616066 34.9553 0.000529593
50 0.616066 34.9553 0.000529563
51 0.616066 34.9553 0.000529538
52 0.616066 34.9553 0.000529515
53 0.616066 34.9553 0.000529506
54 0.616066 34.9553 0.000529489
55 0.616066 34.9553 0.000529495
56 0.616066 34.9553 0.00052947
57 0.616066 34.9553 0.000529486
58 0.616066 34.9553 0.000529461
59 0.616066 34.9553 0.000529488
60 0.616066 34.9553 0.000529463
61 0.616066 34.9553 0.000529478
62 0.616066 34.9553 0.000529463
63 0.616066 34.9553 0.000529482
64 0.616066 34.9553 0.000529464
65 0.616066 34.9553 0.000529488
66 0.616066 34.9553 0.000529471
67 0.616066 34.9553 0.000529492
68 0.616066 34.9553 0.000529477
69 0.616066 34.9553 0.000529507
70 0.616066 34.9553 0.000529485
71 0.616066 34.9553 0.000529517
72 0.616066 34.9553 0.000529501
73 0.616066 34.9553 0.00052952
74 0.616066 34.9553 0.000529528
75 0.616066 34.9553 0.000529537
76 0.616066 34.9553 0.000529522
77 0.616066 34.9553 0.000529537
78 0.616066 34.9553 0.000529528
79 0.616066 34.9553 0.000529558
80 0.616066 34.9553 0.000529539
81 0.616066 34.9553 0.000529563
82 0.616066 34.9553 0.000529554
83 0.616066 34.9553 0.000529587
84 0.616066 34.9553 0.000529586
85 0.616066 34.9553 0.000529606
86 0.616066 34.9553 0.000529612
87 0.616066 34.9553 0.00052963
88 0.616066 34.9553 0.000529639
89 0.616066 34.9553 0.000529659
90 0.616066 34.9553 0.000529677
91 0.616066 34.9553 0.000529702
92 0.616066 34.9553 0.000529715
93 0.616066 34.9553 0.00052973
94 0.616066 34.9553 0.000529753
95 0.616066 34.9553 0.000529775
96 0.616066 34.9553 0.000529782
97 0.616066 34.9553 0.000529812
98 0.616066 34.9553 0.000529824
99 0.616066 34.9553 0.000529848
min energy  # max energy
-57.66 34.9553
