Initial energy of the MPS: 0.042245
# DMRG Sweep # Mid bond EE # Energy # Std #
0 0.00931823 -54.1385 13.5481
1 0.724018 -58.0258 0.0019264
2 0.751832 -58.0259 0.000163872
Initial energy of the MPS: -0.239059
# DMRG Sweep # Mid bond EE # Energy # Std #
0 0.00740845 33.5742 5.96701
1 0.0308593 34.969 0.0208558
2 0.0445234 34.9709 0.00276988
3 0.0754812 34.971 0.000875207
4 0.0831331 34.971 0.00050395
5 0.0842549 34.971 0.000421701
6 0.0846495 34.971 0.00036195
7 0.0857252 34.971 0.000351543
8 0.0857794 34.971 0.000345564
9 0.085876 34.971 0.000344959
10 0.0858848 34.971 0.000345009
11 0.0859008 34.971 0.000345531
12 0.0859037 34.971 0.000345908
13 0.0859101 34.971 0.000346437
14 0.0859114 34.971 0.000346801
15 0.0859148 34.971 0.000347178
16 0.0859155 34.971 0.000347495
17 0.0859176 34.971 0.000347843
18 0.085918 34.971 0.000348114
19 0.0859197 34.971 0.00034844
20 0.0859199 34.971 0.000348649
21 0.0859214 34.971 0.000348907
22 0.0859215 34.971 0.000349068
23 0.0859225 34.971 0.000349276
24 0.0859226 34.971 0.000349351
25 0.0859233 34.971 0.000349504
26 0.0859234 34.971 0.000349544
27 0.0859238 34.971 0.000349639
28 0.0859239 34.971 0.000349655
29 0.0859242 34.971 0.000349724
30 0.0859242 34.971 0.000349732
31 0.0859244 34.971 0.000349787
32 0.0859244 34.971 0.000349783
33 0.0859246 34.971 0.000349827
34 0.0859246 34.971 0.000349797
35 0.0859247 34.971 0.000349841
36 0.0859247 34.971 0.000349819
37 0.0859248 34.971 0.000349853
38 0.0859248 34.971 0.000349833
39 0.0859249 34.971 0.000349861
40 0.0859248 34.971 0.000349847
41 0.0859249 34.971 0.000349893
42 0.0859249 34.971 0.000349878
43 0.0859249 34.971 0.000349931
44 0.0859249 34.971 0.000349917
45 0.0859249 34.971 0.000349984
46 0.0859249 34.971 0.000349973
47 0.0859249 34.971 0.000350041
48 0.0859249 34.971 0.000350025
49 0.085925 34.971 0.00035006
50 0.0859249 34.971 0.000350018
51 0.085925 34.971 0.000350042
52 0.0859249 34.971 0.000350006
53 0.085925 34.971 0.000350007
54 0.085925 34.971 0.000349968
55 0.085925 34.971 0.000349986
56 0.085925 34.971 0.00034994
57 0.085925 34.971 0.000349964
58 0.085925 34.971 0.000349919
59 0.0859251 34.971 0.000349948
60 0.0859251 34.971 0.000349924
61 0.0859251 34.971 0.000349948
62 0.0859251 34.971 0.000349908
63 0.0859251 34.971 0.000349938
64 0.0859251 34.971 0.000349916
65 0.0859252 34.971 0.000349975
66 0.0859252 34.971 0.00034995
67 0.0859252 34.971 0.000349985
68 0.0859252 34.971 0.000349976
69 0.0859253 34.971 0.000349993
70 0.0859253 34.971 0.00035
71 0.0859253 34.971 0.000350043
72 0.0859253 34.971 0.000350036
73 0.0859254 34.971 0.000350067
74 0.0859254 34.971 0.000350065
75 0.0859254 34.971 0.000350104
76 0.0859254 34.971 0.000350097
77 0.0859255 34.971 0.000350149
78 0.0859255 34.971 0.00035015
79 0.0859255 34.971 0.000350201
80 0.0859255 34.971 0.0003502
81 0.0859256 34.971 0.000350236
82 0.0859256 34.971 0.000350247
83 0.0859257 34.971 0.000350295
84 0.0859257 34.971 0.000350314
85 0.0859258 34.971 0.000350355
86 0.0859258 34.971 0.000350358
87 0.0859258 34.971 0.000350401
88 0.0859258 34.971 0.000350405
89 0.0859259 34.971 0.000350444
90 0.0859259 34.971 0.000350448
91 0.085926 34.971 0.000350469
92 0.085926 34.971 0.000350482
93 0.0859261 34.971 0.000350506
94 0.0859261 34.971 0.000350516
95 0.0859262 34.971 0.00035055
96 0.0859262 34.971 0.000350536
97 0.0859263 34.971 0.000350558
98 0.0859263 34.971 0.000350552
99 0.0859264 34.971 0.000350587
min energy  # max energy
-58.0259 34.971
