Initial energy of the MPS: 0.054562
# DMRG Sweep # Mid bond EE # Energy # Std #
0 0.0095661 -53.9161 13.4906
1 0.792847 -57.7212 0.0034162
2 0.79754 -57.7212 0.000130838
Initial energy of the MPS: -0.282483
# DMRG Sweep # Mid bond EE # Energy # Std #
0 0.00826743 32.7873 5.83688
1 0.129973 34.4477 0.0233875
2 0.111289 34.4507 0.00303433
3 0.109869 34.4508 0.000892915
4 0.113873 34.4508 0.000433141
5 0.114284 34.4508 0.000385392
6 0.114376 34.4508 0.000377042
7 0.114429 34.4508 0.00037287
8 0.114469 34.4508 0.000372812
9 0.114481 34.4508 0.00037333
10 0.114505 34.4508 0.000374648
11 0.114509 34.4508 0.000375456
12 0.114526 34.4508 0.000376314
13 0.114527 34.4508 0.000377064
14 0.114539 34.4508 0.000377691
15 0.11454 34.4508 0.000378371
16 0.114547 34.4508 0.000378837
17 0.114547 34.4508 0.000379383
18 0.114552 34.4508 0.0003797
19 0.114552 34.4508 0.000380099
20 0.114555 34.4508 0.000380333
21 0.114555 34.4508 0.000380609
22 0.114557 34.4508 0.000380769
23 0.114557 34.4508 0.000380946
24 0.114559 34.4508 0.000381073
25 0.114559 34.4508 0.000381216
26 0.11456 34.4508 0.000381315
27 0.11456 34.4508 0.000381406
28 0.114561 34.4508 0.00038149
29 0.114561 34.4508 0.000381572
30 0.114562 34.4508 0.000381622
31 0.114562 34.4508 0.000381697
32 0.114562 34.4508 0.000381731
33 0.114562 34.4508 0.000381803
34 0.114563 34.4508 0.00038182
35 0.114563 34.4508 0.000381861
36 0.114563 34.4508 0.000381892
37 0.114563 34.4508 0.00038193
38 0.114563 34.4508 0.00038193
39 0.114563 34.4508 0.000381984
40 0.114564 34.4508 0.000381989
41 0.114564 34.4508 0.000382033
42 0.114564 34.4508 0.00038205
43 0.114564 34.4508 0.000382082
44 0.114564 34.4508 0.000382083
45 0.114564 34.4508 0.000382109
46 0.114564 34.4508 0.000382136
47 0.114565 34.4508 0.000382165
48 0.114565 34.4508 0.000382179
49 0.114565 34.4508 0.000382215
50 0.114565 34.4508 0.000382221
51 0.114565 34.4508 0.00038226
52 0.114565 34.4508 0.000382282
53 0.114565 34.4508 0.000382314
54 0.114565 34.4508 0.000382333
55 0.114565 34.4508 0.000382353
56 0.114565 34.4508 0.000382371
57 0.114566 34.4508 0.000382402
58 0.114566 34.4508 0.000382416
59 0.114566 34.4508 0.000382432
60 0.114566 34.4508 0.000382443
61 0.114566 34.4508 0.000382476
62 0.114566 34.4508 0.000382464
63 0.114566 34.4508 0.000382502
64 0.114566 34.4508 0.000382496
65 0.114566 34.4508 0.000382516
66 0.114566 34.4508 0.000382512
67 0.114566 34.4508 0.00038254
68 0.114566 34.4508 0.000382536
69 0.114566 34.4508 0.000382563
70 0.114566 34.4508 0.000382543
71 0.114566 34.4508 0.000382583
72 0.114566 34.4508 0.000382553
73 0.114566 34.4508 0.000382584
74 0.114567 34.4508 0.000382579
75 0.114567 34.4508 0.000382601
76 0.114567 34.4508 0.000382594
77 0.114567 34.4508 0.0003826
78 0.114567 34.4508 0.000382587
79 0.114567 34.4508 0.000382619
80 0.114567 34.4508 0.000382611
81 0.114567 34.4508 0.000382624
82 0.114567 34.4508 0.000382617
83 0.114567 34.4508 0.000382643
84 0.114567 34.4508 0.000382611
85 0.114567 34.4508 0.000382642
86 0.114567 34.4508 0.000382625
87 0.114567 34.4508 0.000382656
88 0.114567 34.4508 0.000382636
89 0.114567 34.4508 0.000382656
90 0.114567 34.4508 0.000382647
91 0.114567 34.4508 0.000382665
92 0.114567 34.4508 0.000382649
93 0.114567 34.4508 0.000382659
94 0.114567 34.4508 0.000382658
95 0.114567 34.4508 0.000382665
96 0.114567 34.4508 0.000382654
97 0.114567 34.4508 0.000382669
98 0.114567 34.4508 0.000382653
99 0.114567 34.4508 0.000382672
min energy  # max energy
-57.7212 34.4508
