Initial energy of the MPS: -0.124552
# DMRG Sweep # Mid bond EE # Energy # Std #
0 0.00768411 -53.909 13.4886
1 0.499982 -57.6976 0.0120472
2 0.623122 -57.6984 0.00152055
3 0.62886 -57.6984 0.000920795
4 0.629511 -57.6984 0.000890861
5 0.629515 -57.6984 0.000876078
6 0.62952 -57.6984 0.000865832
7 0.62952 -57.6984 0.000859332
8 0.629521 -57.6984 0.000854365
9 0.629521 -57.6984 0.000850766
10 0.629522 -57.6984 0.000848058
11 0.629522 -57.6984 0.000846265
12 0.629522 -57.6984 0.000844949
13 0.629522 -57.6984 0.000844133
14 0.629523 -57.6984 0.000843509
15 0.629523 -57.6984 0.000843178
16 0.629523 -57.6984 0.000842854
17 0.629523 -57.6984 0.000842709
18 0.629523 -57.6984 0.00084248
19 0.629523 -57.6984 0.000842396
20 0.629523 -57.6984 0.000842258
21 0.629523 -57.6984 0.000842229
22 0.629523 -57.6984 0.000842122
23 0.629523 -57.6984 0.000842155
24 0.629523 -57.6984 0.000842082
25 0.629523 -57.6984 0.000842118
26 0.629523 -57.6984 0.00084207
27 0.629523 -57.6984 0.000842084
28 0.629523 -57.6984 0.000842042
29 0.629523 -57.6984 0.000842068
30 0.629523 -57.6984 0.000842045
31 0.629523 -57.6984 0.000842063
32 0.629523 -57.6984 0.000842054
33 0.629523 -57.6984 0.000842078
34 0.629523 -57.6984 0.000842063
35 0.629523 -57.6984 0.000842107
36 0.629523 -57.6984 0.000842083
37 0.629523 -57.6984 0.000842098
38 0.629523 -57.6984 0.000842117
39 0.629523 -57.6984 0.000842127
40 0.629523 -57.6984 0.000842112
41 0.629523 -57.6984 0.000842142
42 0.629523 -57.6984 0.000842143
43 0.629523 -57.6984 0.00084218
44 0.629523 -57.6984 0.000842162
45 0.629523 -57.6984 0.000842197
46 0.629523 -57.6984 0.000842192
47 0.629523 -57.6984 0.000842211
48 0.629523 -57.6984 0.000842199
49 0.629523 -57.6984 0.000842237
50 0.629523 -57.6984 0.000842236
51 0.629523 -57.6984 0.00084227
52 0.629523 -57.6984 0.000842268
53 0.629523 -57.6984 0.000842274
54 0.629523 -57.6984 0.000842284
55 0.629523 -57.6984 0.000842308
56 0.629523 -57.6984 0.000842322
57 0.629523 -57.6984 0.000842333
58 0.629523 -57.6984 0.000842327
59 0.629523 -57.6984 0.000842353
60 0.629523 -57.6984 0.00084237
61 0.629523 -57.6984 0.00084238
62 0.629523 -57.6984 0.000842364
63 0.629523 -57.6984 0.000842407
64 0.629523 -57.6984 0.000842386
65 0.629523 -57.6984 0.00084242
66 0.629523 -57.6984 0.000842394
67 0.629523 -57.6984 0.000842417
68 0.629523 -57.6984 0.000842403
69 0.629523 -57.6984 0.000842441
70 0.629523 -57.6984 0.000842441
71 0.629523 -57.6984 0.000842439
72 0.629523 -57.6984 0.000842429
73 0.629523 -57.6984 0.000842444
74 0.629523 -57.6984 0.000842423
75 0.629523 -57.6984 0.000842443
76 0.629523 -57.6984 0.000842409
77 0.629523 -57.6984 0.000842431
78 0.629523 -57.6984 0.000842394
79 0.629523 -57.6984 0.000842404
80 0.629523 -57.6984 0.000842346
81 0.629523 -57.6984 0.000842348
82 0.629523 -57.6984 0.000842309
83 0.629523 -57.6984 0.000842301
84 0.629523 -57.6984 0.000842244
85 0.629523 -57.6984 0.000842224
86 0.629523 -57.6984 0.000842175
87 0.629523 -57.6984 0.000842137
88 0.629523 -57.6984 0.000842067
89 0.629523 -57.6984 0.000842037
90 0.629523 -57.6984 0.00084196
91 0.629523 -57.6984 0.000841936
92 0.629523 -57.6984 0.000841873
93 0.629523 -57.6984 0.000841845
94 0.629523 -57.6984 0.00084181
95 0.629523 -57.6984 0.000841789
96 0.629523 -57.6984 0.000841775
97 0.629523 -57.6984 0.000841764
98 0.629523 -57.6984 0.000841751
99 0.629523 -57.6984 0.000841751
Initial energy of the MPS: -0.364205
# DMRG Sweep # Mid bond EE # Energy # Std #
0 0.00564077 33.5317 5.96455
1 0.0100019 35.2854 0.0133523
2 0.0218765 35.2867 0.00204739
3 0.0353215 35.2868 0.000207038
min energy  # max energy
-57.6984 35.2868
