Initial energy of the MPS: -0.182671
# DMRG Sweep # Mid bond EE # Energy # Std #
0 0.00921701 -54.3478 13.5994
1 0.548301 -58.2002 0.00762373
2 0.580841 -58.2005 0.000515492
Initial energy of the MPS: -0.31657
# DMRG Sweep # Mid bond EE # Energy # Std #
0 0.00611446 33.2859 5.92177
1 0.0267256 34.9865 0.0199691
2 0.0533384 34.9886 0.00586729
3 0.158658 34.989 0.000863438
4 0.189328 34.989 0.000525153
5 0.190063 34.989 0.000485316
6 0.192376 34.989 0.000482742
7 0.192401 34.989 0.000486216
8 0.192661 34.989 0.000489519
9 0.192666 34.989 0.000492216
10 0.192728 34.989 0.000493546
11 0.19273 34.989 0.000494776
12 0.192753 34.989 0.000495367
13 0.192755 34.989 0.000495851
14 0.192766 34.989 0.000496275
15 0.192767 34.989 0.000496509
16 0.192774 34.989 0.000496943
17 0.192774 34.989 0.000497089
18 0.192779 34.989 0.000497487
19 0.192779 34.989 0.000497567
20 0.192782 34.989 0.000497899
21 0.192783 34.989 0.000498024
22 0.192785 34.989 0.000498358
23 0.192785 34.989 0.000498545
24 0.192787 34.989 0.00049885
25 0.192787 34.989 0.000499059
26 0.192788 34.989 0.000499311
27 0.192788 34.989 0.000499557
28 0.192789 34.989 0.000499769
29 0.192789 34.989 0.000500007
30 0.192789 34.989 0.000500169
31 0.192789 34.989 0.0005004
32 0.19279 34.989 0.00050052
33 0.19279 34.989 0.000500714
34 0.19279 34.989 0.000500795
35 0.19279 34.989 0.000500963
36 0.19279 34.989 0.000501012
37 0.19279 34.989 0.00050113
38 0.192791 34.989 0.000501172
39 0.192791 34.989 0.00050126
40 0.192791 34.989 0.000501294
41 0.192791 34.989 0.000501341
42 0.192791 34.989 0.000501366
43 0.192791 34.989 0.000501405
44 0.192791 34.989 0.000501414
45 0.192791 34.989 0.000501452
46 0.192791 34.989 0.00050146
47 0.192791 34.989 0.00050148
48 0.192791 34.989 0.000501484
49 0.192791 34.989 0.000501499
50 0.192791 34.989 0.000501502
51 0.192791 34.989 0.000501515
52 0.192791 34.989 0.000501513
53 0.192792 34.989 0.000501522
54 0.192792 34.989 0.00050153
55 0.192792 34.989 0.000501547
56 0.192792 34.989 0.000501534
57 0.192792 34.989 0.000501544
58 0.192792 34.989 0.000501547
59 0.192792 34.989 0.000501561
60 0.192792 34.989 0.000501558
61 0.192792 34.989 0.000501563
62 0.192792 34.989 0.000501564
63 0.192792 34.989 0.000501575
64 0.192792 34.989 0.000501576
65 0.192792 34.989 0.000501588
66 0.192792 34.989 0.000501594
67 0.192792 34.989 0.000501589
68 0.192792 34.989 0.000501593
69 0.192792 34.989 0.000501611
70 0.192792 34.989 0.000501613
71 0.192792 34.989 0.00050162
72 0.192792 34.989 0.000501619
73 0.192792 34.989 0.000501631
74 0.192792 34.989 0.000501634
75 0.192792 34.989 0.000501649
76 0.192792 34.989 0.000501649
77 0.192792 34.989 0.000501658
78 0.192792 34.989 0.000501663
79 0.192792 34.989 0.000501677
80 0.192792 34.989 0.000501673
81 0.192792 34.989 0.000501694
82 0.192792 34.989 0.000501696
83 0.192792 34.989 0.00050171
84 0.192793 34.989 0.00050171
85 0.192793 34.989 0.000501727
86 0.192793 34.989 0.000501728
87 0.192793 34.989 0.000501755
88 0.192793 34.989 0.00050174
89 0.192793 34.989 0.000501766
90 0.192793 34.989 0.000501764
91 0.192793 34.989 0.000501783
92 0.192793 34.989 0.000501784
93 0.192793 34.989 0.000501799
94 0.192793 34.989 0.000501797
95 0.192793 34.989 0.000501819
96 0.192793 34.989 0.000501806
97 0.192793 34.989 0.000501833
98 0.192793 34.989 0.000501828
99 0.192793 34.989 0.000501845
min energy  # max energy
-58.2005 34.989
