Initial energy of the MPS: 0.107529
# DMRG Sweep # Mid bond EE # Energy # Std #
0 0.00841226 -54.0409 13.5218
1 0.661457 -57.8449 0.0101378
2 0.693746 -57.8454 0.00180449
3 0.695269 -57.8455 0.000684146
4 0.696161 -57.8455 0.000634194
5 0.696162 -57.8455 0.000610194
6 0.696166 -57.8455 0.000597133
7 0.696166 -57.8455 0.000590669
8 0.696166 -57.8455 0.000586493
9 0.696166 -57.8455 0.000584612
10 0.696167 -57.8455 0.000583453
11 0.696167 -57.8455 0.00058281
12 0.696167 -57.8455 0.000582176
13 0.696167 -57.8455 0.000581818
14 0.696167 -57.8455 0.000581462
15 0.696167 -57.8455 0.000581231
16 0.696167 -57.8455 0.000580882
17 0.696167 -57.8455 0.000580618
18 0.696167 -57.8455 0.000580386
19 0.696167 -57.8455 0.000580258
20 0.696167 -57.8455 0.000580139
21 0.696167 -57.8455 0.000580021
22 0.696167 -57.8455 0.00057994
23 0.696167 -57.8455 0.000579883
24 0.696167 -57.8455 0.000579805
25 0.696167 -57.8455 0.000579728
26 0.696167 -57.8455 0.000579599
27 0.696167 -57.8455 0.000579504
28 0.696167 -57.8455 0.000579354
29 0.696167 -57.8455 0.000579287
30 0.696167 -57.8455 0.000579225
31 0.696167 -57.8455 0.00057923
32 0.696167 -57.8455 0.000579206
33 0.696167 -57.8455 0.000579212
34 0.696167 -57.8455 0.000579194
35 0.696167 -57.8455 0.000579195
36 0.696167 -57.8455 0.000579183
37 0.696167 -57.8455 0.000579193
38 0.696167 -57.8455 0.00057914
39 0.696167 -57.8455 0.000579136
40 0.696167 -57.8455 0.000579026
41 0.696167 -57.8455 0.000579029
42 0.696167 -57.8455 0.000578977
43 0.696167 -57.8455 0.000579021
44 0.696167 -57.8455 0.000578994
45 0.696167 -57.8455 0.000579023
46 0.696167 -57.8455 0.000579008
47 0.696167 -57.8455 0.000579064
48 0.696167 -57.8455 0.000579035
49 0.696167 -57.8455 0.000579088
50 0.696167 -57.8455 0.000579098
51 0.696167 -57.8455 0.000579154
52 0.696167 -57.8455 0.00057911
53 0.696167 -57.8455 0.000579165
54 0.696167 -57.8455 0.000579172
55 0.696167 -57.8455 0.000579229
56 0.696167 -57.8455 0.00057922
57 0.696167 -57.8455 0.000579275
58 0.696167 -57.8455 0.000579267
59 0.696167 -57.8455 0.000579324
60 0.696167 -57.8455 0.000579323
61 0.696167 -57.8455 0.000579393
62 0.696167 -57.8455 0.00057937
63 0.696167 -57.8455 0.000579382
64 0.696167 -57.8455 0.000579394
65 0.696167 -57.8455 0.000579455
66 0.696167 -57.8455 0.000579408
67 0.696167 -57.8455 0.000579429
68 0.696167 -57.8455 0.000579441
69 0.696167 -57.8455 0.000579453
70 0.696167 -57.8455 0.000579437
71 0.696167 -57.8455 0.000579446
72 0.696167 -57.8455 0.000579432
73 0.696167 -57.8455 0.000579445
74 0.696167 -57.8455 0.000579433
75 0.696167 -57.8455 0.000579445
76 0.696167 -57.8455 0.000579427
77 0.696167 -57.8455 0.000579446
78 0.696167 -57.8455 0.000579432
79 0.696167 -57.8455 0.000579445
80 0.696167 -57.8455 0.000579406
81 0.696167 -57.8455 0.000579444
82 0.696167 -57.8455 0.000579419
83 0.696167 -57.8455 0.000579417
84 0.696167 -57.8455 0.000579417
85 0.696167 -57.8455 0.000579417
86 0.696167 -57.8455 0.000579404
87 0.696167 -57.8455 0.000579411
88 0.696167 -57.8455 0.000579398
89 0.696167 -57.8455 0.000579395
90 0.696168 -57.8455 0.000579372
91 0.696168 -57.8455 0.00057938
92 0.696168 -57.8455 0.000579382
93 0.696168 -57.8455 0.000579364
94 0.696168 -57.8455 0.000579336
95 0.696168 -57.8455 0.000579349
96 0.696168 -57.8455 0.000579308
97 0.696168 -57.8455 0.000579311
98 0.696168 -57.8455 0.000579293
99 0.696168 -57.8455 0.000579291
Initial energy of the MPS: -0.393966
# DMRG Sweep # Mid bond EE # Energy # Std #
0 0.00585372 33.9521 6.03168
1 0.00490902 35.3983 0.0144673
2 0.00564611 35.3995 0.00180576
3 0.00566924 35.3995 0.000617772
4 0.00568856 35.3996 0.000729505
5 0.00568926 35.3996 0.000164266
min energy  # max energy
-57.8455 35.3996
