Initial energy of the MPS: 0.064066
# DMRG Sweep # Mid bond EE # Energy # Std #
0 0.00948181 -53.8908 13.4868
1 0.70351 -57.7895 0.00790844
2 0.712075 -57.7899 0.000785219
3 0.712776 -57.7899 0.000392869
Initial energy of the MPS: -0.316045
# DMRG Sweep # Mid bond EE # Energy # Std #
0 0.00662921 33.3751 5.93932
1 0.557528 34.9013 0.0195493
2 0.951408 34.9044 0.00836159
3 1.2587 34.9047 0.00117574
4 1.27943 34.9047 0.000422017
5 1.28153 34.9047 0.000370263
6 1.28164 34.9047 0.000361049
7 1.28166 34.9047 0.000361562
8 1.28171 34.9047 0.000363529
9 1.28172 34.9047 0.000367812
10 1.28177 34.9047 0.000370308
11 1.28178 34.9047 0.000374221
12 1.28183 34.9047 0.000376202
13 1.28184 34.9047 0.000378933
14 1.28187 34.9047 0.000380244
15 1.28188 34.9047 0.000381832
16 1.2819 34.9047 0.000382597
17 1.2819 34.9047 0.000383503
18 1.28192 34.9047 0.000383996
19 1.28192 34.9047 0.000384539
20 1.28193 34.9047 0.000384868
21 1.28193 34.9047 0.000385232
22 1.28193 34.9047 0.000385492
23 1.28193 34.9047 0.000385733
24 1.28194 34.9047 0.00038589
25 1.28194 34.9047 0.00038608
26 1.28194 34.9047 0.000386136
27 1.28194 34.9047 0.000386278
28 1.28194 34.9047 0.000386256
29 1.28194 34.9047 0.000386368
30 1.28194 34.9047 0.000386305
31 1.28194 34.9047 0.000386395
32 1.28194 34.9047 0.000386339
33 1.28194 34.9047 0.000386409
34 1.28195 34.9047 0.000386382
35 1.28195 34.9047 0.000386447
36 1.28195 34.9047 0.000386426
37 1.28195 34.9047 0.000386501
38 1.28195 34.9047 0.000386509
39 1.28195 34.9047 0.000386564
40 1.28195 34.9047 0.000386589
41 1.28195 34.9047 0.000386661
42 1.28195 34.9047 0.000386704
43 1.28195 34.9047 0.00038679
44 1.28195 34.9047 0.000386823
45 1.28195 34.9047 0.00038691
46 1.28195 34.9047 0.000386938
47 1.28195 34.9047 0.00038702
48 1.28195 34.9047 0.000387037
49 1.28195 34.9047 0.000387102
50 1.28195 34.9047 0.000387118
51 1.28195 34.9047 0.000387153
52 1.28195 34.9047 0.000387149
53 1.28195 34.9047 0.000387201
54 1.28195 34.9047 0.000387191
55 1.28195 34.9047 0.000387231
56 1.28195 34.9047 0.000387236
57 1.28195 34.9047 0.000387253
58 1.28195 34.9047 0.000387252
59 1.28195 34.9047 0.000387285
60 1.28195 34.9047 0.00038728
61 1.28195 34.9047 0.000387317
62 1.28195 34.9047 0.000387304
63 1.28195 34.9047 0.000387329
64 1.28195 34.9047 0.000387337
65 1.28195 34.9047 0.000387361
66 1.28195 34.9047 0.000387363
67 1.28195 34.9047 0.000387383
68 1.28195 34.9047 0.000387384
69 1.28195 34.9047 0.000387415
70 1.28195 34.9047 0.000387409
71 1.28195 34.9047 0.000387435
72 1.28195 34.9047 0.000387426
73 1.28195 34.9047 0.000387454
74 1.28195 34.9047 0.000387448
75 1.28195 34.9047 0.000387481
76 1.28195 34.9047 0.000387453
77 1.28195 34.9047 0.000387495
78 1.28195 34.9047 0.000387485
79 1.28195 34.9047 0.000387505
80 1.28195 34.9047 0.000387506
81 1.28195 34.9047 0.000387535
82 1.28195 34.9047 0.000387522
83 1.28195 34.9047 0.000387546
84 1.28195 34.9047 0.000387541
85 1.28195 34.9047 0.000387559
86 1.28195 34.9047 0.000387562
87 1.28195 34.9047 0.000387569
88 1.28195 34.9047 0.000387569
89 1.28195 34.9047 0.000387588
90 1.28195 34.9047 0.000387579
91 1.28195 34.9047 0.000387603
92 1.28195 34.9047 0.000387601
93 1.28195 34.9047 0.000387613
94 1.28195 34.9047 0.000387615
95 1.28195 34.9047 0.000387622
96 1.28195 34.9047 0.000387607
97 1.28195 34.9047 0.000387633
98 1.28195 34.9047 0.000387635
99 1.28195 34.9047 0.000387637
min energy  # max energy
-57.7899 34.9047
