Initial energy of the MPS: -0.133969
# DMRG Sweep # Mid bond EE # Energy # Std #
0 0.0102076 -53.8728 13.4814
1 0.746131 -57.6851 0.00335556
2 0.748094 -57.6851 0.000426204
Initial energy of the MPS: -0.273252
# DMRG Sweep # Mid bond EE # Energy # Std #
0 0.00491177 33.7458 6.00462
1 0.681237 35.4895 0.0181856
2 0.931212 35.4904 0.00293259
3 0.934752 35.4906 0.00190028
4 1.09627 35.4907 0.000922528
5 1.09666 35.4907 0.000749455
6 1.09726 35.4907 0.000719964
7 1.09726 35.4907 0.000714134
8 1.09733 35.4907 0.000713078
9 1.09733 35.4907 0.000712825
10 1.09735 35.4907 0.000713666
11 1.09735 35.4907 0.000714207
12 1.09736 35.4907 0.00071495
13 1.09736 35.4907 0.000715522
14 1.09736 35.4907 0.000716079
15 1.09736 35.4907 0.000716491
16 1.09737 35.4907 0.000716876
17 1.09737 35.4907 0.000717157
18 1.09737 35.4907 0.000717398
19 1.09737 35.4907 0.000717643
20 1.09737 35.4907 0.000717815
21 1.09737 35.4907 0.00071805
22 1.09737 35.4907 0.000718195
23 1.09737 35.4907 0.000718406
24 1.09737 35.4907 0.000718513
25 1.09737 35.4907 0.000718695
26 1.09737 35.4907 0.000718775
27 1.09737 35.4907 0.00071891
28 1.09737 35.4907 0.000718984
29 1.09737 35.4907 0.000719075
30 1.09737 35.4907 0.000719111
31 1.09737 35.4907 0.00071919
32 1.09737 35.4907 0.000719209
33 1.09737 35.4907 0.000719264
34 1.09737 35.4907 0.000719278
35 1.09737 35.4907 0.00071932
36 1.09737 35.4907 0.000719325
37 1.09737 35.4907 0.000719356
38 1.09737 35.4907 0.000719365
39 1.09737 35.4907 0.000719382
40 1.09737 35.4907 0.000719383
41 1.09737 35.4907 0.000719405
42 1.09737 35.4907 0.000719406
43 1.09737 35.4907 0.000719429
44 1.09737 35.4907 0.00071943
45 1.09737 35.4907 0.00071945
46 1.09737 35.4907 0.00071945
47 1.09737 35.4907 0.000719467
48 1.09737 35.4907 0.000719475
49 1.09737 35.4907 0.000719497
50 1.09737 35.4907 0.00071949
51 1.09737 35.4907 0.00071951
52 1.09737 35.4907 0.000719516
53 1.09737 35.4907 0.000719524
54 1.09737 35.4907 0.000719533
55 1.09737 35.4907 0.000719548
56 1.09737 35.4907 0.000719558
57 1.09737 35.4907 0.000719568
58 1.09737 35.4907 0.000719582
59 1.09737 35.4907 0.000719594
60 1.09737 35.4907 0.000719603
61 1.09737 35.4907 0.000719613
62 1.09737 35.4907 0.000719624
63 1.09737 35.4907 0.00071964
64 1.09737 35.4907 0.000719644
65 1.09737 35.4907 0.000719664
66 1.09737 35.4907 0.000719666
67 1.09737 35.4907 0.000719672
68 1.09737 35.4907 0.000719676
69 1.09737 35.4907 0.000719696
70 1.09737 35.4907 0.000719689
71 1.09737 35.4907 0.000719703
72 1.09737 35.4907 0.000719698
73 1.09737 35.4907 0.000719719
74 1.09737 35.4907 0.000719711
75 1.09737 35.4907 0.000719729
76 1.09737 35.4907 0.000719715
77 1.09737 35.4907 0.000719739
78 1.09737 35.4907 0.000719723
79 1.09737 35.4907 0.000719746
80 1.09738 35.4907 0.000719732
81 1.09738 35.4907 0.000719743
82 1.09738 35.4907 0.000719739
83 1.09738 35.4907 0.000719757
84 1.09738 35.4907 0.000719747
85 1.09738 35.4907 0.00071976
86 1.09738 35.4907 0.000719751
87 1.09738 35.4907 0.000719761
88 1.09738 35.4907 0.00071976
89 1.09738 35.4907 0.000719764
90 1.09738 35.4907 0.000719764
91 1.09738 35.4907 0.000719777
92 1.09738 35.4907 0.000719767
93 1.09738 35.4907 0.000719782
94 1.09738 35.4907 0.000719772
95 1.09738 35.4907 0.000719794
96 1.09738 35.4907 0.000719781
97 1.09738 35.4907 0.000719794
98 1.09738 35.4907 0.00071978
99 1.09738 35.4907 0.000719804
min energy  # max energy
-57.6851 35.4907
