Initial energy of the MPS: -0.00528513
# DMRG Sweep # Mid bond EE # Energy # Std #
0 0.00888176 -54.3054 13.5897
1 0.482678 -58.1445 0.00177174
2 0.484075 -58.1445 0.000132802
Initial energy of the MPS: -0.352184
# DMRG Sweep # Mid bond EE # Energy # Std #
0 0.00725978 33.195 5.9029
1 0.728045 34.6202 0.0177674
2 0.893533 34.6223 0.00482496
3 1.08122 34.6225 0.00114036
4 1.11039 34.6225 0.000533288
5 1.11074 34.6225 0.000452918
6 1.11105 34.6225 0.000435803
7 1.11106 34.6225 0.000433914
8 1.11111 34.6225 0.000433048
9 1.11111 34.6225 0.000434462
10 1.11112 34.6225 0.000434564
11 1.11112 34.6225 0.000435086
12 1.11113 34.6225 0.000435186
13 1.11113 34.6225 0.000435649
14 1.11114 34.6225 0.000436069
15 1.11114 34.6225 0.000436447
16 1.11114 34.6225 0.000436797
17 1.11114 34.6225 0.000437044
18 1.11114 34.6225 0.00043729
19 1.11114 34.6225 0.000437444
20 1.11114 34.6225 0.000437608
21 1.11114 34.6225 0.000437737
22 1.11114 34.6225 0.000437871
23 1.11114 34.6225 0.000437981
24 1.11114 34.6225 0.0004381
25 1.11114 34.6225 0.000438201
26 1.11114 34.6225 0.000438295
27 1.11114 34.6225 0.000438391
28 1.11114 34.6225 0.000438469
29 1.11114 34.6225 0.000438541
30 1.11114 34.6225 0.000438599
31 1.11114 34.6225 0.000438666
32 1.11114 34.6225 0.000438707
33 1.11114 34.6225 0.00043875
34 1.11114 34.6225 0.000438778
35 1.11114 34.6225 0.000438824
36 1.11114 34.6225 0.000438835
37 1.11114 34.6225 0.000438859
38 1.11114 34.6225 0.000438867
39 1.11114 34.6225 0.000438887
40 1.11114 34.6225 0.000438891
41 1.11114 34.6225 0.000438904
42 1.11114 34.6225 0.000438905
43 1.11114 34.6225 0.000438927
44 1.11114 34.6225 0.000438911
45 1.11114 34.6225 0.000438941
46 1.11114 34.6225 0.000438938
47 1.11114 34.6225 0.000438934
48 1.11114 34.6225 0.000438938
49 1.11114 34.6225 0.000438948
50 1.11114 34.6225 0.000438954
51 1.11114 34.6225 0.000438948
52 1.11114 34.6225 0.000438955
53 1.11114 34.6225 0.000438965
54 1.11114 34.6225 0.00043896
55 1.11114 34.6225 0.000438972
56 1.11114 34.6225 0.000438973
57 1.11114 34.6225 0.000438977
58 1.11114 34.6225 0.000438972
59 1.11114 34.6225 0.000438989
60 1.11114 34.6225 0.000438992
61 1.11114 34.6225 0.000439
62 1.11114 34.6225 0.000439003
63 1.11114 34.6225 0.000439009
64 1.11114 34.6225 0.000439007
65 1.11114 34.6225 0.00043902
66 1.11114 34.6225 0.000439015
67 1.11114 34.6225 0.000439025
68 1.11114 34.6225 0.000439033
69 1.11114 34.6225 0.000439021
70 1.11114 34.6225 0.000439045
71 1.11114 34.6225 0.000439047
72 1.11114 34.6225 0.000439041
73 1.11114 34.6225 0.000439041
74 1.11114 34.6225 0.000439047
75 1.11114 34.6225 0.000439052
76 1.11114 34.6225 0.00043905
77 1.11114 34.6225 0.000439061
78 1.11114 34.6225 0.000439055
79 1.11114 34.6225 0.000439066
80 1.11114 34.6225 0.000439065
81 1.11114 34.6225 0.000439078
82 1.11114 34.6225 0.000439081
83 1.11114 34.6225 0.000439085
84 1.11114 34.6225 0.000439076
85 1.11114 34.6225 0.000439086
86 1.11114 34.6225 0.000439076
87 1.11114 34.6225 0.000439096
88 1.11114 34.6225 0.000439089
89 1.11114 34.6225 0.000439098
90 1.11114 34.6225 0.00043909
91 1.11114 34.6225 0.0004391
92 1.11114 34.6225 0.000439103
93 1.11114 34.6225 0.0004391
94 1.11114 34.6225 0.000439108
95 1.11114 34.6225 0.000439111
96 1.11114 34.6225 0.000439102
97 1.11114 34.6225 0.000439121
98 1.11114 34.6225 0.00043911
99 1.11114 34.6225 0.000439121
min energy  # max energy
-58.1445 34.6225
