Initial energy of the MPS: 0.108942
# DMRG Sweep # Mid bond EE # Energy # Std #
0 0.00986911 -53.9031 13.4913
1 0.669883 -57.9366 0.00889019
2 0.692055 -57.9367 0.00055804
Initial energy of the MPS: -0.123432
# DMRG Sweep # Mid bond EE # Energy # Std #
0 0.00491585 33.1104 5.89049
1 0.561638 34.5356 0.0263087
2 0.590566 34.5385 0.00398958
3 0.717983 34.5388 0.00217943
4 0.717857 34.5389 0.000644996
5 0.72291 34.5389 0.000546364
6 0.723686 34.5389 0.000525343
7 0.723743 34.5389 0.000522083
8 0.723876 34.5389 0.000521043
9 0.72389 34.5389 0.000520718
10 0.723929 34.5389 0.000521398
11 0.723935 34.5389 0.000521573
12 0.723952 34.5389 0.000522333
13 0.723955 34.5389 0.000522625
14 0.723963 34.5389 0.000523209
15 0.723964 34.5389 0.000523498
16 0.723968 34.5389 0.000523903
17 0.723969 34.5389 0.000524116
18 0.723971 34.5389 0.000524359
19 0.723971 34.5389 0.000524449
20 0.723972 34.5389 0.000524507
21 0.723973 34.5389 0.000524511
22 0.723973 34.5389 0.000524471
23 0.723974 34.5389 0.000524458
24 0.723974 34.5389 0.000524408
25 0.723974 34.5389 0.000524424
26 0.723974 34.5389 0.000524394
27 0.723974 34.5389 0.00052443
28 0.723975 34.5389 0.000524387
29 0.723975 34.5389 0.000524426
30 0.723975 34.5389 0.000524396
31 0.723975 34.5389 0.000524437
32 0.723975 34.5389 0.000524403
33 0.723975 34.5389 0.000524458
34 0.723975 34.5389 0.000524437
35 0.723975 34.5389 0.00052448
36 0.723975 34.5389 0.00052448
37 0.723975 34.5389 0.000524525
38 0.723975 34.5389 0.000524535
39 0.723975 34.5389 0.000524572
40 0.723975 34.5389 0.000524593
41 0.723975 34.5389 0.000524636
42 0.723975 34.5389 0.000524662
43 0.723975 34.5389 0.000524714
44 0.723975 34.5389 0.000524739
45 0.723975 34.5389 0.000524791
46 0.723975 34.5389 0.000524827
47 0.723975 34.5389 0.000524888
48 0.723975 34.5389 0.000524937
49 0.723975 34.5389 0.000525007
50 0.723975 34.5389 0.000525078
51 0.723975 34.5389 0.00052514
52 0.723975 34.5389 0.000525219
53 0.723975 34.5389 0.000525298
54 0.723975 34.5389 0.000525394
55 0.723975 34.5389 0.000525464
56 0.723975 34.5389 0.000525566
57 0.723975 34.5389 0.000525637
58 0.723975 34.5389 0.000525741
59 0.723975 34.5389 0.00052579
60 0.723975 34.5389 0.000525879
61 0.723975 34.5389 0.000525919
62 0.723975 34.5389 0.00052598
63 0.723975 34.5389 0.000526007
64 0.723975 34.5389 0.000526057
65 0.723975 34.5389 0.000526077
66 0.723975 34.5389 0.000526127
67 0.723975 34.5389 0.000526147
68 0.723975 34.5389 0.000526208
69 0.723975 34.5389 0.000526227
70 0.723975 34.5389 0.000526275
71 0.723975 34.5389 0.000526294
72 0.723975 34.5389 0.000526363
73 0.723975 34.5389 0.000526376
74 0.723975 34.5389 0.000526437
75 0.723975 34.5389 0.00052646
76 0.723975 34.5389 0.000526532
77 0.723975 34.5389 0.000526566
78 0.723976 34.5389 0.000526649
79 0.723976 34.5389 0.000526664
80 0.723976 34.5389 0.000526759
81 0.723976 34.5389 0.000526782
82 0.723976 34.5389 0.000526868
83 0.723976 34.5389 0.000526908
84 0.723976 34.5389 0.000527008
85 0.723976 34.5389 0.000527036
86 0.723976 34.5389 0.000527148
87 0.723976 34.5389 0.000527191
88 0.723976 34.5389 0.000527297
89 0.723976 34.5389 0.000527343
90 0.723976 34.5389 0.000527469
91 0.723976 34.5389 0.000527481
92 0.723976 34.5389 0.000527611
93 0.723976 34.5389 0.00052765
94 0.723976 34.5389 0.00052776
95 0.723976 34.5389 0.000527803
96 0.723976 34.5389 0.000527904
97 0.723976 34.5389 0.000527957
98 0.723976 34.5389 0.000528038
99 0.723976 34.5389 0.000528098
min energy  # max energy
-57.9367 34.5389
