Initial energy of the MPS: -0.156585
# DMRG Sweep # Mid bond EE # Energy # Std #
0 0.00767231 -54.0702 13.5296
1 0.381167 -57.8468 0.0131633
2 0.486054 -57.8472 0.0004262
Initial energy of the MPS: -0.336896
# DMRG Sweep # Mid bond EE # Energy # Std #
0 0.00674138 33.1372 5.89783
1 0.624566 34.8799 0.0221082
2 0.930594 34.8835 0.00509738
3 0.950058 34.8838 0.0017775
4 0.950695 34.8839 0.000509232
5 0.951982 34.8839 0.000441021
6 0.952061 34.8839 0.000429258
7 0.952117 34.8839 0.000427477
8 0.952125 34.8839 0.000428035
9 0.952146 34.8839 0.00042939
10 0.952148 34.8839 0.000430818
11 0.95216 34.8839 0.00043221
12 0.952161 34.8839 0.000433483
13 0.95217 34.8839 0.000434609
14 0.952171 34.8839 0.000435554
15 0.952178 34.8839 0.000436454
16 0.952178 34.8839 0.000437138
17 0.952183 34.8839 0.000437919
18 0.952184 34.8839 0.000438465
19 0.952188 34.8839 0.000439148
20 0.952188 34.8839 0.000439588
21 0.952192 34.8839 0.000440173
22 0.952192 34.8839 0.000440538
23 0.952196 34.8839 0.000441066
24 0.952196 34.8839 0.000441423
25 0.952199 34.8839 0.000441891
26 0.952199 34.8839 0.000442244
27 0.952202 34.8839 0.000442647
28 0.952202 34.8839 0.000442983
29 0.952205 34.8839 0.000443345
30 0.952205 34.8839 0.000443635
31 0.952207 34.8839 0.000443959
32 0.952207 34.8839 0.000444193
33 0.952209 34.8839 0.000444439
34 0.952209 34.8839 0.000444616
35 0.95221 34.8839 0.000444802
36 0.952211 34.8839 0.000444935
37 0.952211 34.8839 0.000445067
38 0.952212 34.8839 0.000445166
39 0.952212 34.8839 0.000445282
40 0.952212 34.8839 0.000445351
41 0.952213 34.8839 0.000445441
42 0.952213 34.8839 0.000445512
43 0.952214 34.8839 0.000445582
44 0.952214 34.8839 0.000445628
45 0.952214 34.8839 0.000445706
46 0.952214 34.8839 0.000445741
47 0.952214 34.8839 0.0004458
48 0.952214 34.8839 0.000445848
49 0.952215 34.8839 0.000445899
50 0.952215 34.8839 0.00044595
51 0.952215 34.8839 0.000445988
52 0.952215 34.8839 0.000446035
53 0.952215 34.8839 0.000446081
54 0.952215 34.8839 0.000446124
55 0.952215 34.8839 0.00044617
56 0.952215 34.8839 0.000446208
57 0.952216 34.8839 0.000446265
58 0.952216 34.8839 0.000446291
59 0.952216 34.8839 0.000446338
60 0.952216 34.8839 0.000446375
61 0.952216 34.8839 0.000446432
62 0.952216 34.8839 0.00044647
63 0.952216 34.8839 0.000446525
64 0.952216 34.8839 0.00044654
65 0.952216 34.8839 0.00044661
66 0.952216 34.8839 0.000446628
67 0.952216 34.8839 0.0004467
68 0.952216 34.8839 0.000446735
69 0.952217 34.8839 0.000446812
70 0.952217 34.8839 0.00044687
71 0.952217 34.8839 0.000447001
72 0.952217 34.8839 0.000447077
73 0.952219 34.8839 0.000447279
74 0.952219 34.8839 0.000447381
75 0.952222 34.8839 0.000447524
76 0.952222 34.8839 0.000447628
77 0.952223 34.8839 0.000447735
78 0.952223 34.8839 0.000447811
79 0.952223 34.8839 0.000447863
80 0.952223 34.8839 0.000447895
81 0.952224 34.8839 0.000447955
82 0.952224 34.8839 0.000447964
83 0.952224 34.8839 0.000447999
84 0.952224 34.8839 0.000448019
85 0.952224 34.8839 0.000448053
86 0.952224 34.8839 0.00044807
87 0.952224 34.8839 0.000448098
88 0.952224 34.8839 0.000448106
89 0.952224 34.8839 0.000448134
90 0.952224 34.8839 0.000448146
91 0.952224 34.8839 0.000448174
92 0.952224 34.8839 0.000448196
93 0.952224 34.8839 0.000448217
94 0.952224 34.8839 0.000448231
95 0.952224 34.8839 0.00044826
96 0.952225 34.8839 0.000448251
97 0.952225 34.8839 0.000448292
98 0.952225 34.8839 0.000448292
99 0.952225 34.8839 0.000448313
min energy  # max energy
-57.8472 34.8839
