Initial energy of the MPS: 0.0355148
# DMRG Sweep # Mid bond EE # Energy # Std #
0 0.00825444 -54.4478 13.6242
1 0.583947 -58.269 0.00321523
2 0.605481 -58.269 0.000266971
Initial energy of the MPS: -0.33014
# DMRG Sweep # Mid bond EE # Energy # Std #
0 0.0060373 33.0595 5.87612
1 0.531415 34.4797 0.0211849
2 1.00023 34.483 0.00615373
3 0.851051 34.4833 0.0016298
4 1.06811 34.4834 0.00214448
5 1.21116 34.4835 0.00206705
6 1.36103 34.4835 0.00196696
7 1.3686 34.4835 0.00189302
8 1.37121 34.4835 0.00188284
9 1.37141 34.4835 0.00188636
10 1.37202 34.4835 0.00189156
11 1.37207 34.4835 0.00189651
12 1.3723 34.4835 0.00190084
13 1.37232 34.4835 0.00190405
14 1.37242 34.4835 0.00190742
15 1.37243 34.4835 0.00190964
16 1.37249 34.4835 0.00191246
17 1.3725 34.4835 0.00191416
18 1.37254 34.4835 0.00191667
19 1.37254 34.4835 0.00191813
20 1.37257 34.4835 0.00192035
21 1.37257 34.4835 0.00192165
22 1.37259 34.4835 0.00192352
23 1.37259 34.4835 0.00192463
24 1.3726 34.4835 0.00192615
25 1.3726 34.4835 0.00192701
26 1.37261 34.4835 0.00192814
27 1.37261 34.4835 0.00192877
28 1.37262 34.4835 0.00192958
29 1.37262 34.4835 0.00193004
30 1.37263 34.4835 0.00193064
31 1.37263 34.4835 0.00193098
32 1.37263 34.4835 0.00193147
33 1.37263 34.4835 0.00193173
34 1.37264 34.4835 0.00193214
35 1.37264 34.4835 0.00193233
36 1.37265 34.4835 0.00193267
37 1.37265 34.4835 0.00193282
38 1.37265 34.4835 0.00193308
39 1.37265 34.4835 0.0019332
40 1.37265 34.4835 0.00193337
41 1.37265 34.4835 0.00193348
42 1.37266 34.4835 0.00193359
43 1.37266 34.4835 0.00193368
44 1.37266 34.4835 0.00193373
45 1.37266 34.4835 0.00193382
46 1.37266 34.4835 0.00193385
47 1.37266 34.4835 0.00193394
48 1.37266 34.4835 0.00193395
49 1.37266 34.4835 0.00193405
50 1.37266 34.4835 0.00193406
51 1.37266 34.4835 0.00193416
52 1.37266 34.4835 0.00193417
53 1.37266 34.4835 0.00193427
54 1.37266 34.4835 0.00193428
55 1.37266 34.4835 0.00193437
56 1.37267 34.4835 0.00193439
57 1.37267 34.4835 0.00193448
58 1.37267 34.4835 0.0019345
59 1.37267 34.4835 0.00193458
60 1.37267 34.4835 0.0019346
61 1.37267 34.4835 0.00193467
62 1.37267 34.4835 0.0019347
63 1.37267 34.4835 0.00193475
64 1.37267 34.4835 0.00193478
65 1.37267 34.4835 0.00193483
66 1.37267 34.4835 0.00193486
67 1.37267 34.4835 0.00193491
68 1.37267 34.4835 0.00193493
69 1.37267 34.4835 0.00193498
70 1.37267 34.4835 0.001935
71 1.37267 34.4835 0.00193504
72 1.37267 34.4835 0.00193506
73 1.37267 34.4835 0.00193509
74 1.37267 34.4835 0.00193511
75 1.37267 34.4835 0.00193515
76 1.37267 34.4835 0.00193517
77 1.37267 34.4835 0.00193519
78 1.37267 34.4835 0.00193521
79 1.37267 34.4835 0.00193524
80 1.37267 34.4835 0.00193526
81 1.37267 34.4835 0.00193528
82 1.37267 34.4835 0.0019353
83 1.37267 34.4835 0.00193533
84 1.37267 34.4835 0.00193534
85 1.37267 34.4835 0.00193536
86 1.37267 34.4835 0.00193538
87 1.37267 34.4835 0.0019354
88 1.37267 34.4835 0.00193542
89 1.37267 34.4835 0.00193544
90 1.37267 34.4835 0.00193546
91 1.37267 34.4835 0.00193548
92 1.37267 34.4835 0.00193549
93 1.37267 34.4835 0.00193551
94 1.37267 34.4835 0.00193553
95 1.37267 34.4835 0.00193555
96 1.37267 34.4835 0.00193556
97 1.37267 34.4835 0.00193558
98 1.37267 34.4835 0.0019356
99 1.37267 34.4835 0.00193562
min energy  # max energy
-58.269 34.4835
