Initial energy of the MPS: 0.031804
# DMRG Sweep # Mid bond EE # Energy # Std #
0 0.00865512 -54.5214 13.644
1 0.638985 -58.4024 0.00590268
2 0.987076 -58.4024 0.000251672
Initial energy of the MPS: -0.354002
# DMRG Sweep # Mid bond EE # Energy # Std #
0 0.00771201 33.7326 5.99332
1 0.851197 35.2005 0.0180242
2 1.0535 35.2029 0.00376491
3 1.20756 35.203 0.00123484
4 1.24297 35.203 0.000876952
5 1.26843 35.203 0.000776251
6 1.27118 35.203 0.000768493
7 1.27147 35.203 0.000767552
8 1.27163 35.203 0.000770106
9 1.27167 35.203 0.000771259
10 1.27171 35.203 0.000773404
11 1.27173 35.203 0.000774011
12 1.27175 35.203 0.000775689
13 1.27175 35.203 0.000776033
14 1.27177 35.203 0.000777547
15 1.27177 35.203 0.000777961
16 1.27178 35.203 0.000779332
17 1.27178 35.203 0.00077969
18 1.27178 35.203 0.000780784
19 1.27178 35.203 0.000781076
20 1.27179 35.203 0.000781856
21 1.27179 35.203 0.000782134
22 1.27179 35.203 0.000782632
23 1.27179 35.203 0.000782885
24 1.27179 35.203 0.000783223
25 1.27179 35.203 0.000783443
26 1.27179 35.203 0.000783708
27 1.27179 35.203 0.000783907
28 1.27179 35.203 0.000784115
29 1.27179 35.203 0.000784285
30 1.2718 35.203 0.000784475
31 1.2718 35.203 0.000784621
32 1.2718 35.203 0.000784782
33 1.2718 35.203 0.000784919
34 1.2718 35.203 0.000785053
35 1.2718 35.203 0.000785158
36 1.2718 35.203 0.000785282
37 1.2718 35.203 0.000785375
38 1.2718 35.203 0.000785483
39 1.2718 35.203 0.000785565
40 1.2718 35.203 0.000785665
41 1.2718 35.203 0.000785731
42 1.2718 35.203 0.000785831
43 1.2718 35.203 0.000785902
44 1.2718 35.203 0.000785993
45 1.2718 35.203 0.000786059
46 1.2718 35.203 0.000786163
47 1.2718 35.203 0.000786237
48 1.2718 35.203 0.000786344
49 1.2718 35.203 0.000786422
50 1.2718 35.203 0.000786557
51 1.2718 35.203 0.000786647
52 1.2718 35.203 0.000786799
53 1.2718 35.203 0.000786898
54 1.2718 35.203 0.00078706
55 1.2718 35.203 0.000787167
56 1.2718 35.203 0.000787328
57 1.2718 35.203 0.000787424
58 1.2718 35.203 0.000787557
59 1.2718 35.203 0.000787664
60 1.2718 35.203 0.000787773
61 1.2718 35.203 0.000787857
62 1.2718 35.203 0.000787965
63 1.2718 35.203 0.000788048
64 1.2718 35.203 0.000788148
65 1.2718 35.203 0.00078824
66 1.2718 35.203 0.000788322
67 1.2718 35.203 0.000788415
68 1.2718 35.203 0.000788504
69 1.2718 35.203 0.000788594
70 1.2718 35.203 0.000788694
71 1.2718 35.203 0.000788786
72 1.2718 35.203 0.000788884
73 1.2718 35.203 0.000788974
74 1.2718 35.203 0.000789078
75 1.2718 35.203 0.000789168
76 1.2718 35.203 0.00078928
77 1.2718 35.203 0.000789371
78 1.2718 35.203 0.000789478
79 1.2718 35.203 0.000789578
80 1.2718 35.203 0.000789669
81 1.2718 35.203 0.000789785
82 1.2718 35.203 0.000789878
83 1.2718 35.203 0.000789983
84 1.2718 35.203 0.000790083
85 1.2718 35.203 0.000790181
86 1.2718 35.203 0.000790287
87 1.2718 35.203 0.000790382
88 1.2718 35.203 0.00079047
89 1.2718 35.203 0.00079057
90 1.2718 35.203 0.000790661
91 1.2718 35.203 0.000790763
92 1.2718 35.203 0.000790843
93 1.2718 35.203 0.000790953
94 1.2718 35.203 0.000791023
95 1.2718 35.203 0.000791136
96 1.2718 35.203 0.000791203
97 1.2718 35.203 0.000791311
98 1.2718 35.203 0.000791387
99 1.2718 35.203 0.000791498
min energy  # max energy
-58.4024 35.203
