Initial energy of the MPS: -0.108454
# DMRG Sweep # Mid bond EE # Energy # Std #
0 0.00947687 -54.3247 13.5927
1 0.75517 -58.1363 0.000476947
Initial energy of the MPS: -0.441121
# DMRG Sweep # Mid bond EE # Energy # Std #
0 0.00547744 33.4839 5.95436
1 0.597062 35.0819 0.019406
2 0.918877 35.0839 0.00392288
3 1.00322 35.0841 0.00190627
4 0.990672 35.0841 0.00119242
5 1.13508 35.0841 0.00101251
6 1.15042 35.0841 0.000988491
7 1.15753 35.0841 0.00096656
8 1.1589 35.0841 0.00096773
9 1.15919 35.0841 0.000965507
10 1.15946 35.0841 0.000970318
11 1.15952 35.0841 0.000970145
12 1.15962 35.0841 0.000972069
13 1.15965 35.0841 0.000971612
14 1.1597 35.0841 0.000971736
15 1.15972 35.0841 0.000970861
16 1.15975 35.0841 0.000970219
17 1.15976 35.0841 0.00096916
18 1.15978 35.0841 0.000968347
19 1.15978 35.0841 0.000967157
20 1.15979 35.0841 0.000966297
21 1.1598 35.0841 0.000964904
22 1.15981 35.0841 0.000964209
23 1.15981 35.0841 0.000963244
24 1.15982 35.0841 0.000962989
25 1.15982 35.0841 0.000962624
26 1.15983 35.0841 0.000962581
27 1.15983 35.0841 0.00096252
28 1.15984 35.0841 0.000962542
29 1.15984 35.0841 0.000962586
30 1.15984 35.0841 0.000962625
31 1.15984 35.0841 0.000962715
32 1.15984 35.0841 0.000962777
33 1.15984 35.0841 0.000962862
34 1.15985 35.0841 0.000962946
35 1.15985 35.0841 0.000963027
36 1.15985 35.0841 0.000963123
37 1.15985 35.0841 0.000963195
38 1.15985 35.0841 0.00096329
39 1.15985 35.0841 0.000963363
40 1.15985 35.0841 0.000963448
41 1.15985 35.0841 0.000963517
42 1.15985 35.0841 0.000963597
43 1.15985 35.0841 0.000963663
44 1.15985 35.0841 0.000963734
45 1.15985 35.0841 0.000963798
46 1.15985 35.0841 0.00096386
47 1.15985 35.0841 0.000963924
48 1.15985 35.0841 0.000963974
49 1.15985 35.0841 0.00096403
50 1.15985 35.0841 0.000964074
51 1.15985 35.0841 0.000964131
52 1.15985 35.0841 0.000964169
53 1.15985 35.0841 0.000964214
54 1.15985 35.0841 0.000964241
55 1.15985 35.0841 0.000964285
56 1.15986 35.0841 0.000964314
57 1.15986 35.0841 0.000964351
58 1.15986 35.0841 0.000964373
59 1.15986 35.0841 0.000964406
60 1.15986 35.0841 0.000964424
61 1.15986 35.0841 0.000964448
62 1.15986 35.0841 0.000964454
63 1.15986 35.0841 0.000964489
64 1.15986 35.0841 0.000964492
65 1.15986 35.0841 0.000964522
66 1.15986 35.0841 0.000964526
67 1.15986 35.0841 0.000964552
68 1.15986 35.0841 0.000964551
69 1.15986 35.0841 0.000964572
70 1.15986 35.0841 0.000964571
71 1.15986 35.0841 0.000964589
72 1.15986 35.0841 0.000964594
73 1.15986 35.0841 0.000964606
74 1.15986 35.0841 0.000964608
75 1.15986 35.0841 0.000964615
76 1.15986 35.0841 0.000964614
77 1.15986 35.0841 0.000964622
78 1.15986 35.0841 0.000964618
79 1.15986 35.0841 0.000964632
80 1.15986 35.0841 0.000964626
81 1.15986 35.0841 0.000964638
82 1.15986 35.0841 0.000964634
83 1.15986 35.0841 0.00096464
84 1.15986 35.0841 0.000964636
85 1.15986 35.0841 0.000964641
86 1.15986 35.0841 0.000964638
87 1.15986 35.0841 0.000964641
88 1.15986 35.0841 0.000964635
89 1.15986 35.0841 0.000964638
90 1.15986 35.0841 0.000964634
91 1.15986 35.0841 0.000964636
92 1.15986 35.0841 0.000964628
93 1.15986 35.0841 0.000964634
94 1.15986 35.0841 0.000964621
95 1.15986 35.0841 0.000964621
96 1.15986 35.0841 0.000964614
97 1.15986 35.0841 0.000964613
98 1.15986 35.0841 0.000964608
99 1.15986 35.0841 0.000964601
min energy  # max energy
-58.1363 35.0841
