Initial energy of the MPS: 0.0640655
# DMRG Sweep # Mid bond EE # Energy # Std #
0 0.00717393 -54.0088 13.5151
1 0.446723 -57.8688 0.00772431
2 0.442598 -57.8689 0.000387458
Initial energy of the MPS: -0.32495
# DMRG Sweep # Mid bond EE # Energy # Std #
0 0.00501129 33.6553 5.97528
1 0.563817 34.9241 0.0241324
2 1.05118 34.9262 0.00265786
3 1.02941 34.9263 0.00177462
4 1.28606 34.9264 0.000962262
5 1.32531 34.9264 0.000612996
6 1.32692 34.9264 0.000580874
7 1.32702 34.9264 0.000575485
8 1.32712 34.9264 0.000575667
9 1.32713 34.9264 0.00057876
10 1.32716 34.9264 0.000580897
11 1.32716 34.9264 0.000583467
12 1.32717 34.9264 0.000585176
13 1.32717 34.9264 0.000587199
14 1.32718 34.9264 0.000588626
15 1.32718 34.9264 0.00059042
16 1.32719 34.9264 0.000591422
17 1.32719 34.9264 0.000592635
18 1.32719 34.9264 0.000593127
19 1.32719 34.9264 0.000593846
20 1.3272 34.9264 0.00059424
21 1.3272 34.9264 0.000594713
22 1.3272 34.9264 0.000595062
23 1.3272 34.9264 0.000595358
24 1.3272 34.9264 0.000595702
25 1.3272 34.9264 0.000595938
26 1.3272 34.9264 0.000596353
27 1.3272 34.9264 0.000596586
28 1.32721 34.9264 0.000596913
29 1.32721 34.9264 0.000596939
30 1.32721 34.9264 0.000597042
31 1.32721 34.9264 0.000597012
32 1.32721 34.9264 0.000597076
33 1.32721 34.9264 0.000597082
34 1.32721 34.9264 0.000597115
35 1.32721 34.9264 0.000597146
36 1.32721 34.9264 0.00059716
37 1.32721 34.9264 0.000597229
38 1.32721 34.9264 0.00059725
39 1.32721 34.9264 0.000597331
40 1.32721 34.9264 0.000597356
41 1.32721 34.9264 0.000597453
42 1.32721 34.9264 0.000597492
43 1.32721 34.9264 0.000597611
44 1.32721 34.9264 0.000597644
45 1.32721 34.9264 0.000597794
46 1.32721 34.9264 0.000597843
47 1.32721 34.9264 0.000598006
48 1.32721 34.9264 0.000598039
49 1.32721 34.9264 0.000598212
50 1.32721 34.9264 0.000598223
51 1.32721 34.9264 0.000598376
52 1.32721 34.9264 0.000598373
53 1.32721 34.9264 0.000598488
54 1.32721 34.9264 0.000598474
55 1.32721 34.9264 0.000598554
56 1.32721 34.9264 0.000598531
57 1.32721 34.9264 0.000598596
58 1.32721 34.9264 0.00059858
59 1.32721 34.9264 0.000598635
60 1.32721 34.9264 0.000598615
61 1.32721 34.9264 0.000598654
62 1.32721 34.9264 0.000598638
63 1.32721 34.9264 0.000598674
64 1.32721 34.9264 0.000598661
65 1.32721 34.9264 0.000598712
66 1.32721 34.9264 0.000598705
67 1.32721 34.9264 0.000598734
68 1.32721 34.9264 0.00059873
69 1.32721 34.9264 0.000598764
70 1.32721 34.9264 0.000598759
71 1.32721 34.9264 0.000598801
72 1.32721 34.9264 0.000598802
73 1.32721 34.9264 0.000598834
74 1.32721 34.9264 0.000598846
75 1.32721 34.9264 0.000598871
76 1.32721 34.9264 0.000598878
77 1.32721 34.9264 0.000598919
78 1.32721 34.9264 0.000598929
79 1.32721 34.9264 0.000598966
80 1.32721 34.9264 0.000598977
81 1.32721 34.9264 0.000599006
82 1.32721 34.9264 0.000599025
83 1.32721 34.9264 0.00059906
84 1.32721 34.9264 0.000599073
85 1.32721 34.9264 0.000599115
86 1.32721 34.9264 0.00059913
87 1.32721 34.9264 0.000599162
88 1.32721 34.9264 0.000599177
89 1.32721 34.9264 0.000599218
90 1.32721 34.9264 0.000599224
91 1.32721 34.9264 0.000599275
92 1.32721 34.9264 0.000599275
93 1.32721 34.9264 0.000599316
94 1.32721 34.9264 0.000599325
95 1.32721 34.9264 0.000599367
96 1.32721 34.9264 0.000599378
97 1.32721 34.9264 0.000599417
98 1.32721 34.9264 0.000599435
99 1.32721 34.9264 0.000599464
min energy  # max energy
-57.8689 34.9264
