Initial energy of the MPS: -0.0165184
# DMRG Sweep # Mid bond EE # Energy # Std #
0 0.00892147 -54.2809 13.5827
1 0.521825 -58.0982 0.000589753
2 0.526933 -58.0982 5.33717e-05
Initial energy of the MPS: -0.428134
# DMRG Sweep # Mid bond EE # Energy # Std #
0 0.00764109 33.6519 5.98427
1 0.310462 35.3007 0.0206668
2 0.556907 35.3026 0.00142118
3 0.590222 35.3026 0.00128806
4 0.873394 35.3027 0.000747599
5 0.911222 35.3027 0.00071903
6 0.911751 35.3027 0.00054767
7 0.927088 35.3027 0.000514243
8 0.927174 35.3027 0.000484082
9 0.928632 35.3027 0.000477894
10 0.928648 35.3027 0.000470049
11 0.928971 35.3027 0.000468462
12 0.928975 35.3027 0.000465891
13 0.929076 35.3027 0.000465058
14 0.929077 35.3027 0.000463847
15 0.929121 35.3027 0.000463541
16 0.929121 35.3027 0.00046314
17 0.929147 35.3027 0.000463179
18 0.929147 35.3027 0.000463235
19 0.929166 35.3027 0.000463491
20 0.929166 35.3027 0.000463701
21 0.929178 35.3027 0.000463974
22 0.929179 35.3027 0.000464156
23 0.929187 35.3027 0.000464385
24 0.929187 35.3027 0.000464525
25 0.929194 35.3027 0.000464714
26 0.929194 35.3027 0.000464851
27 0.929201 35.3027 0.000465062
28 0.929201 35.3027 0.000465237
29 0.929208 35.3027 0.000465554
30 0.929208 35.3027 0.000465808
31 0.929216 35.3027 0.000466239
32 0.929216 35.3027 0.000466584
33 0.929224 35.3027 0.000467116
34 0.929225 35.3027 0.000467452
35 0.929234 35.3027 0.000467926
36 0.929234 35.3027 0.000468129
37 0.929243 35.3027 0.000468332
38 0.929243 35.3027 0.000468446
39 0.929249 35.3027 0.000468454
40 0.929249 35.3027 0.00046852
41 0.929253 35.3027 0.000468496
42 0.929253 35.3027 0.000468531
43 0.929256 35.3027 0.000468502
44 0.929256 35.3027 0.00046852
45 0.929258 35.3027 0.000468492
46 0.929258 35.3027 0.000468482
47 0.92926 35.3027 0.000468459
48 0.92926 35.3027 0.000468434
49 0.929261 35.3027 0.000468411
50 0.929261 35.3027 0.000468386
51 0.929261 35.3027 0.000468381
52 0.929261 35.3027 0.000468332
53 0.929262 35.3027 0.000468316
54 0.929262 35.3027 0.000468284
55 0.929262 35.3027 0.000468274
56 0.929262 35.3027 0.000468228
57 0.929263 35.3027 0.000468233
58 0.929263 35.3027 0.0004682
59 0.929263 35.3027 0.000468196
60 0.929263 35.3027 0.000468155
61 0.929263 35.3027 0.000468163
62 0.929263 35.3027 0.000468123
63 0.929263 35.3027 0.000468126
64 0.929263 35.3027 0.000468097
65 0.929264 35.3027 0.000468097
66 0.929264 35.3027 0.000468068
67 0.929264 35.3027 0.00046807
68 0.929264 35.3027 0.000468036
69 0.929264 35.3027 0.000468039
70 0.929264 35.3027 0.000468017
71 0.929264 35.3027 0.000468029
72 0.929264 35.3027 0.000467983
73 0.929264 35.3027 0.000468007
74 0.929264 35.3027 0.000467964
75 0.929264 35.3027 0.00046798
76 0.929264 35.3027 0.000467946
77 0.929264 35.3027 0.000467959
78 0.929264 35.3027 0.00046792
79 0.929265 35.3027 0.000467941
80 0.929265 35.3027 0.000467905
81 0.929265 35.3027 0.000467917
82 0.929265 35.3027 0.000467889
83 0.929265 35.3027 0.000467908
84 0.929265 35.3027 0.000467881
85 0.929265 35.3027 0.000467896
86 0.929265 35.3027 0.000467871
87 0.929266 35.3027 0.00046789
88 0.929266 35.3027 0.000467857
89 0.929266 35.3027 0.000467879
90 0.929266 35.3027 0.000467852
91 0.929266 35.3027 0.000467865
92 0.929266 35.3027 0.000467842
93 0.929266 35.3027 0.000467857
94 0.929266 35.3027 0.000467834
95 0.929266 35.3027 0.000467851
96 0.929266 35.3027 0.000467838
97 0.929266 35.3027 0.000467836
98 0.929266 35.3027 0.000467829
99 0.929266 35.3027 0.00046784
min energy  # max energy
-58.0982 35.3027
