Initial energy of the MPS: -0.0353929
# DMRG Sweep # Mid bond EE # Energy # Std #
0 0.00915944 -53.9519 13.5011
1 0.482833 -57.8014 0.0175262
2 0.482578 -57.8018 0.000572343
3 0.482598 -57.8018 0.000152525
Initial energy of the MPS: -0.433966
# DMRG Sweep # Mid bond EE # Energy # Std #
0 0.00929167 32.3156 5.76033
1 0.808344 33.9418 0.0285002
2 1.14535 33.946 0.0063743
3 1.15835 33.9465 0.00297204
4 1.33544 33.9466 0.0013885
5 1.35326 33.9466 0.000949076
6 1.36688 33.9466 0.000843847
7 1.36892 33.9466 0.000831151
8 1.36957 33.9466 0.000828376
9 1.36982 33.9466 0.000830776
10 1.36997 33.9466 0.000832594
11 1.37005 33.9466 0.000835269
12 1.37012 33.9466 0.000837492
13 1.37015 33.9466 0.000839721
14 1.37019 33.9466 0.000841298
15 1.37021 33.9466 0.000842949
16 1.37023 33.9466 0.000844004
17 1.37024 33.9466 0.000845148
18 1.37025 33.9466 0.000845889
19 1.37026 33.9466 0.000846683
20 1.37027 33.9466 0.000847222
21 1.37027 33.9466 0.000847877
22 1.37028 33.9466 0.000848299
23 1.37029 33.9466 0.000848931
24 1.37029 33.9466 0.000849338
25 1.3703 33.9466 0.000849918
26 1.3703 33.9466 0.000850362
27 1.3703 33.9466 0.000850863
28 1.37031 33.9466 0.000851299
29 1.37031 33.9466 0.000851718
30 1.37031 33.9466 0.000852109
31 1.37031 33.9466 0.000852471
32 1.37032 33.9466 0.000852818
33 1.37032 33.9466 0.00085313
34 1.37032 33.9466 0.000853436
35 1.37032 33.9466 0.000853717
36 1.37032 33.9466 0.000854016
37 1.37032 33.9466 0.000854267
38 1.37032 33.9466 0.000854557
39 1.37032 33.9466 0.000854788
40 1.37032 33.9466 0.000855051
41 1.37033 33.9466 0.000855271
42 1.37033 33.9466 0.000855532
43 1.37033 33.9466 0.000855723
44 1.37033 33.9466 0.000855974
45 1.37033 33.9466 0.000856154
46 1.37033 33.9466 0.000856386
47 1.37033 33.9466 0.000856557
48 1.37033 33.9466 0.000856773
49 1.37033 33.9466 0.000856937
50 1.37033 33.9466 0.000857134
51 1.37033 33.9466 0.0008573
52 1.37033 33.9466 0.000857479
53 1.37033 33.9466 0.000857641
54 1.37033 33.9466 0.000857804
55 1.37033 33.9466 0.000857966
56 1.37033 33.9466 0.0008581
57 1.37033 33.9466 0.000858261
58 1.37033 33.9466 0.000858386
59 1.37033 33.9466 0.000858551
60 1.37033 33.9466 0.000858654
61 1.37033 33.9466 0.000858818
62 1.37033 33.9466 0.000858905
63 1.37033 33.9466 0.000859065
64 1.37033 33.9466 0.000859134
65 1.37034 33.9466 0.000859277
66 1.37034 33.9466 0.000859331
67 1.37034 33.9466 0.000859465
68 1.37034 33.9466 0.000859499
69 1.37034 33.9466 0.000859612
70 1.37034 33.9466 0.000859639
71 1.37034 33.9466 0.000859723
72 1.37034 33.9466 0.000859748
73 1.37034 33.9466 0.000859813
74 1.37034 33.9466 0.000859834
75 1.37034 33.9466 0.000859884
76 1.37034 33.9466 0.00085989
77 1.37034 33.9466 0.000859938
78 1.37034 33.9466 0.000859947
79 1.37034 33.9466 0.00085998
80 1.37034 33.9466 0.000859983
81 1.37034 33.9466 0.000860007
82 1.37034 33.9466 0.000860013
83 1.37034 33.9466 0.000860037
84 1.37034 33.9466 0.000860034
85 1.37034 33.9466 0.000860058
86 1.37034 33.9466 0.000860053
87 1.37034 33.9466 0.000860065
88 1.37034 33.9466 0.00086006
89 1.37034 33.9466 0.000860071
90 1.37034 33.9466 0.000860063
91 1.37034 33.9466 0.000860068
92 1.37034 33.9466 0.000860057
93 1.37034 33.9466 0.000860064
94 1.37034 33.9466 0.000860054
95 1.37034 33.9466 0.000860055
96 1.37034 33.9466 0.000860037
97 1.37034 33.9466 0.00086004
98 1.37034 33.9466 0.000860025
99 1.37034 33.9466 0.000860022
min energy  # max energy
-57.8018 33.9466
