Initial energy of the MPS: 0.0934327
# DMRG Sweep # Mid bond EE # Energy # Std #
0 0.00947706 -53.789 13.4627
1 0.545808 -57.7831 0.0164857
2 0.478066 -57.7842 0.00128755
3 0.478396 -57.7842 0.000582211
4 0.478522 -57.7842 0.000547414
Initial energy of the MPS: -0.393008
# DMRG Sweep # Mid bond EE # Energy # Std #
0 0.00817108 34.0522 6.05295
1 0.528479 35.4814 0.0106181
2 0.812034 35.4824 0.00445789
3 0.810826 35.4826 0.000642816
4 0.829397 35.4826 0.000381032
5 0.829399 35.4826 0.000362459
6 0.829409 35.4826 0.00037293
7 0.829409 35.4826 0.000376583
8 0.82941 35.4826 0.000381993
9 0.82941 35.4826 0.000384665
10 0.82941 35.4826 0.000387506
11 0.82941 35.4826 0.000389077
12 0.82941 35.4826 0.00039048
13 0.82941 35.4826 0.000391469
14 0.82941 35.4826 0.000392123
15 0.82941 35.4826 0.000392603
16 0.82941 35.4826 0.000392881
17 0.82941 35.4826 0.00039312
18 0.82941 35.4826 0.00039333
19 0.82941 35.4826 0.000393413
20 0.82941 35.4826 0.000393577
21 0.82941 35.4826 0.000393543
22 0.82941 35.4826 0.000393622
23 0.82941 35.4826 0.000393465
24 0.82941 35.4826 0.000393486
25 0.82941 35.4826 0.000393292
26 0.82941 35.4826 0.000393288
27 0.82941 35.4826 0.000393173
28 0.82941 35.4826 0.000393183
29 0.82941 35.4826 0.0003931
30 0.82941 35.4826 0.00039311
31 0.82941 35.4826 0.000393089
32 0.82941 35.4826 0.000393081
33 0.82941 35.4826 0.000393078
34 0.82941 35.4826 0.000393086
35 0.82941 35.4826 0.000393095
36 0.82941 35.4826 0.000393095
37 0.82941 35.4826 0.000393089
38 0.82941 35.4826 0.000393096
39 0.82941 35.4826 0.000393112
40 0.82941 35.4826 0.000393113
41 0.82941 35.4826 0.000393119
42 0.82941 35.4826 0.000393112
43 0.82941 35.4826 0.000393132
44 0.82941 35.4826 0.000393111
45 0.82941 35.4826 0.00039315
46 0.82941 35.4826 0.000393133
47 0.82941 35.4826 0.00039316
48 0.82941 35.4826 0.000393158
49 0.82941 35.4826 0.000393163
50 0.82941 35.4826 0.000393146
51 0.82941 35.4826 0.000393174
52 0.82941 35.4826 0.000393131
53 0.82941 35.4826 0.000393171
54 0.82941 35.4826 0.000393159
55 0.82941 35.4826 0.000393169
56 0.82941 35.4826 0.000393164
57 0.82941 35.4826 0.000393172
58 0.82941 35.4826 0.000393144
59 0.82941 35.4826 0.00039317
60 0.82941 35.4826 0.000393144
61 0.82941 35.4826 0.000393174
62 0.82941 35.4826 0.000393148
63 0.82941 35.4826 0.000393174
64 0.82941 35.4826 0.000393141
65 0.82941 35.4826 0.00039316
66 0.82941 35.4826 0.000393148
67 0.82941 35.4826 0.000393166
68 0.82941 35.4826 0.000393142
69 0.82941 35.4826 0.000393148
70 0.82941 35.4826 0.000393141
71 0.82941 35.4826 0.000393157
72 0.82941 35.4826 0.00039315
73 0.82941 35.4826 0.000393144
74 0.82941 35.4826 0.00039313
75 0.82941 35.4826 0.000393141
76 0.82941 35.4826 0.000393132
77 0.82941 35.4826 0.00039314
78 0.82941 35.4826 0.000393119
79 0.82941 35.4826 0.000393144
80 0.82941 35.4826 0.000393123
81 0.82941 35.4826 0.000393136
82 0.82941 35.4826 0.000393122
83 0.82941 35.4826 0.000393125
84 0.82941 35.4826 0.000393101
85 0.82941 35.4826 0.000393121
86 0.82941 35.4826 0.0003931
87 0.82941 35.4826 0.000393106
88 0.82941 35.4826 0.000393102
89 0.82941 35.4826 0.000393108
90 0.82941 35.4826 0.00039309
91 0.82941 35.4826 0.000393096
92 0.82941 35.4826 0.000393081
93 0.82941 35.4826 0.000393098
94 0.82941 35.4826 0.000393082
95 0.82941 35.4826 0.000393093
96 0.82941 35.4826 0.000393084
97 0.82941 35.4826 0.000393087
98 0.82941 35.4826 0.000393074
99 0.82941 35.4826 0.000393074
min energy  # max energy
-57.7842 35.4826
