Initial energy of the MPS: -0.0268874
# DMRG Sweep # Mid bond EE # Energy # Std #
0 0.0100813 -53.6255 13.4197
1 0.648874 -57.5304 0.00497583
2 0.65515 -57.5304 0.000171942
Initial energy of the MPS: -0.414873
# DMRG Sweep # Mid bond EE # Energy # Std #
0 0.00830395 32.9438 5.86548
1 0.495387 34.4497 0.0283556
2 0.810408 34.4533 0.0036252
3 1.01208 34.4534 0.0018338
4 1.18396 34.4535 0.00112445
5 1.22248 34.4535 0.000931577
6 1.23062 34.4535 0.000899291
7 1.23179 34.4535 0.000896812
8 1.23235 34.4535 0.000902251
9 1.23264 34.4535 0.000909737
10 1.23277 34.4535 0.000915967
11 1.23291 34.4535 0.000920713
12 1.23298 34.4535 0.000925229
13 1.23307 34.4535 0.000928775
14 1.23311 34.4535 0.000932196
15 1.23316 34.4535 0.000935305
16 1.23318 34.4535 0.000937565
17 1.23321 34.4535 0.000939725
18 1.23322 34.4535 0.000941144
19 1.23324 34.4535 0.00094274
20 1.23324 34.4535 0.000943719
21 1.23325 34.4535 0.000944911
22 1.23326 34.4535 0.000945609
23 1.23327 34.4535 0.000946507
24 1.23327 34.4535 0.000947024
25 1.23327 34.4535 0.000947718
26 1.23328 34.4535 0.0009481
27 1.23328 34.4535 0.000948636
28 1.23328 34.4535 0.00094892
29 1.23329 34.4535 0.000949336
30 1.23329 34.4535 0.000949545
31 1.23329 34.4535 0.000949854
32 1.23329 34.4535 0.000950007
33 1.23329 34.4535 0.00095023
34 1.2333 34.4535 0.000950343
35 1.2333 34.4535 0.000950504
36 1.2333 34.4535 0.000950589
37 1.2333 34.4535 0.000950702
38 1.2333 34.4535 0.000950762
39 1.2333 34.4535 0.000950851
40 1.2333 34.4535 0.00095089
41 1.2333 34.4535 0.000950963
42 1.2333 34.4535 0.000951001
43 1.2333 34.4535 0.000951063
44 1.2333 34.4535 0.000951099
45 1.2333 34.4535 0.000951155
46 1.2333 34.4535 0.000951195
47 1.2333 34.4535 0.000951251
48 1.2333 34.4535 0.00095129
49 1.2333 34.4535 0.000951349
50 1.2333 34.4535 0.000951392
51 1.2333 34.4535 0.000951449
52 1.2333 34.4535 0.000951495
53 1.23331 34.4535 0.000951559
54 1.2333 34.4535 0.000951602
55 1.23331 34.4535 0.000951662
56 1.23331 34.4535 0.000951714
57 1.23331 34.4535 0.000951776
58 1.23331 34.4535 0.000951831
59 1.23331 34.4535 0.000951883
60 1.23331 34.4535 0.000951946
61 1.23331 34.4535 0.000951996
62 1.23331 34.4535 0.000952048
63 1.23331 34.4535 0.000952104
64 1.23331 34.4535 0.000952153
65 1.23331 34.4535 0.000952213
66 1.23331 34.4535 0.000952256
67 1.23331 34.4535 0.000952316
68 1.23331 34.4535 0.000952357
69 1.23331 34.4535 0.000952405
70 1.23331 34.4535 0.000952444
71 1.23331 34.4535 0.000952499
72 1.23331 34.4535 0.000952542
73 1.23331 34.4535 0.000952592
74 1.23331 34.4535 0.000952632
75 1.23331 34.4535 0.000952683
76 1.23331 34.4535 0.000952712
77 1.23331 34.4535 0.000952762
78 1.2333 34.4535 0.0009528
79 1.2333 34.4535 0.000952843
80 1.2333 34.4535 0.000952878
81 1.2333 34.4535 0.000952923
82 1.2333 34.4535 0.000952955
83 1.2333 34.4535 0.000953002
84 1.2333 34.4535 0.000953031
85 1.2333 34.4535 0.00095307
86 1.2333 34.4535 0.000953107
87 1.2333 34.4535 0.000953146
88 1.2333 34.4535 0.000953171
89 1.2333 34.4535 0.000953217
90 1.2333 34.4535 0.000953242
91 1.2333 34.4535 0.000953281
92 1.2333 34.4535 0.000953311
93 1.2333 34.4535 0.000953346
94 1.2333 34.4535 0.000953374
95 1.2333 34.4535 0.000953407
96 1.2333 34.4535 0.000953432
97 1.2333 34.4535 0.000953465
98 1.2333 34.4535 0.000953483
99 1.2333 34.4535 0.000953522
min energy  # max energy
-57.5304 34.4535
