Initial energy of the MPS: -0.062636
# DMRG Sweep # Mid bond EE # Energy # Std #
0 0.00960461 -53.732 13.4476
1 0.750052 -57.6442 0.00692521
2 0.756563 -57.6443 0.000552699
Initial energy of the MPS: -0.212416
# DMRG Sweep # Mid bond EE # Energy # Std #
0 0.00794915 33.0524 5.87474
1 0.248638 34.5004 0.0193745
2 0.494821 34.5034 0.00696828
3 0.571093 34.5038 0.00189263
4 0.83356 34.5039 0.00125076
5 0.925377 34.5039 0.0009134
6 0.930223 34.5039 0.000875553
7 0.931792 34.5039 0.000872617
8 0.932019 34.5039 0.000877367
9 0.932393 34.5039 0.000881538
10 0.932468 34.5039 0.000885987
11 0.932594 34.5039 0.000888985
12 0.932621 34.5039 0.000891357
13 0.932679 34.5039 0.000893138
14 0.932691 34.5039 0.000894343
15 0.932727 34.5039 0.000895225
16 0.932734 34.5039 0.000895449
17 0.932756 34.5039 0.000896
18 0.932761 34.5039 0.000896159
19 0.932773 34.5039 0.000896502
20 0.932777 34.5039 0.000896616
21 0.932784 34.5039 0.000896813
22 0.932786 34.5039 0.000896913
23 0.93279 34.5039 0.000897084
24 0.932793 34.5039 0.00089716
25 0.932795 34.5039 0.000897295
26 0.932797 34.5039 0.000897332
27 0.932799 34.5039 0.000897437
28 0.932801 34.5039 0.000897461
29 0.932803 34.5039 0.000897552
30 0.932804 34.5039 0.000897573
31 0.932806 34.5039 0.000897677
32 0.932807 34.5039 0.000897728
33 0.932808 34.5039 0.000897834
34 0.932808 34.5039 0.000897916
35 0.932809 34.5039 0.00089802
36 0.93281 34.5039 0.000898133
37 0.93281 34.5039 0.00089821
38 0.932811 34.5039 0.000898343
39 0.932812 34.5039 0.000898409
40 0.932812 34.5039 0.000898528
41 0.932813 34.5039 0.000898579
42 0.932813 34.5039 0.000898677
43 0.932814 34.5039 0.000898732
44 0.932814 34.5039 0.000898812
45 0.932814 34.5039 0.000898858
46 0.932815 34.5039 0.000898918
47 0.932815 34.5039 0.000898956
48 0.932815 34.5039 0.000898998
49 0.932816 34.5039 0.00089903
50 0.932816 34.5039 0.000899058
51 0.932816 34.5039 0.000899068
52 0.932817 34.5039 0.000899091
53 0.932817 34.5039 0.000899083
54 0.932817 34.5039 0.000899093
55 0.932818 34.5039 0.00089908
56 0.932818 34.5039 0.000899087
57 0.932818 34.5039 0.000899073
58 0.932818 34.5039 0.000899088
59 0.932819 34.5039 0.000899074
60 0.932819 34.5039 0.000899095
61 0.932819 34.5039 0.000899087
62 0.932819 34.5039 0.000899109
63 0.93282 34.5039 0.000899117
64 0.93282 34.5039 0.000899145
65 0.93282 34.5039 0.000899152
66 0.93282 34.5039 0.000899194
67 0.93282 34.5039 0.000899207
68 0.932821 34.5039 0.000899239
69 0.932821 34.5039 0.000899252
70 0.932821 34.5039 0.000899285
71 0.932821 34.5039 0.000899305
72 0.932821 34.5039 0.000899329
73 0.932821 34.5039 0.000899353
74 0.932821 34.5039 0.000899375
75 0.932821 34.5039 0.000899405
76 0.932822 34.5039 0.000899427
77 0.932822 34.5039 0.000899453
78 0.932822 34.5039 0.000899476
79 0.932822 34.5039 0.000899521
80 0.932822 34.5039 0.000899542
81 0.932822 34.5039 0.000899594
82 0.932822 34.5039 0.000899619
83 0.932822 34.5039 0.00089969
84 0.932823 34.5039 0.000899718
85 0.932823 34.5039 0.000899808
86 0.932823 34.5039 0.000899845
87 0.932823 34.5039 0.000899945
88 0.932823 34.5039 0.000899977
89 0.932823 34.5039 0.000900087
90 0.932824 34.5039 0.000900119
91 0.932824 34.5039 0.000900213
92 0.932824 34.5039 0.000900228
93 0.932824 34.5039 0.000900306
94 0.932824 34.5039 0.000900326
95 0.932824 34.5039 0.000900382
96 0.932824 34.5039 0.000900395
97 0.932824 34.5039 0.000900433
98 0.932824 34.5039 0.000900446
99 0.932824 34.5039 0.000900471
min energy  # max energy
-57.6443 34.5039
