Initial energy of the MPS: 0.0765576
# DMRG Sweep # Mid bond EE # Energy # Std #
0 0.00672729 -54.0956 13.5378
1 0.564973 -57.9732 0.00184343
2 0.567515 -57.9732 0.000131807
Initial energy of the MPS: -0.253616
# DMRG Sweep # Mid bond EE # Energy # Std #
0 0.00791563 34.053 6.05316
1 0.309096 35.5167 0.00784222
2 0.605475 35.5177 0.00426016
3 0.96181 35.5179 0.00172172
4 1.14471 35.518 0.00113854
5 1.30715 35.518 0.000616273
6 1.30992 35.518 0.000573289
7 1.31021 35.518 0.000570882
8 1.31051 35.518 0.000574812
9 1.31058 35.518 0.000579997
10 1.3107 35.518 0.000585613
11 1.31073 35.518 0.000588605
12 1.31079 35.518 0.000591542
13 1.31081 35.518 0.000593605
14 1.31084 35.518 0.00059521
15 1.31086 35.518 0.00059682
16 1.31087 35.518 0.000598083
17 1.31088 35.518 0.000599415
18 1.31089 35.518 0.000600468
19 1.3109 35.518 0.000601534
20 1.3109 35.518 0.00060241
21 1.31091 35.518 0.000603231
22 1.31091 35.518 0.000603932
23 1.31092 35.518 0.000604538
24 1.31092 35.518 0.00060508
25 1.31092 35.518 0.000605505
26 1.31093 35.518 0.000605894
27 1.31093 35.518 0.000606216
28 1.31093 35.518 0.000606487
29 1.31093 35.518 0.000606718
30 1.31093 35.518 0.000606896
31 1.31093 35.518 0.000607095
32 1.31093 35.518 0.000607199
33 1.31093 35.518 0.000607377
34 1.31093 35.518 0.000607447
35 1.31094 35.518 0.000607605
36 1.31094 35.518 0.000607653
37 1.31094 35.518 0.000607795
38 1.31094 35.518 0.000607832
39 1.31094 35.518 0.000607966
40 1.31094 35.518 0.00060799
41 1.31094 35.518 0.00060812
42 1.31094 35.518 0.000608151
43 1.31094 35.518 0.000608259
44 1.31094 35.518 0.000608298
45 1.31094 35.518 0.000608375
46 1.31094 35.518 0.000608412
47 1.31094 35.518 0.000608479
48 1.31094 35.518 0.000608519
49 1.31094 35.518 0.000608588
50 1.31094 35.518 0.000608626
51 1.31094 35.518 0.000608697
52 1.31094 35.518 0.000608743
53 1.31094 35.518 0.000608818
54 1.31094 35.518 0.000608885
55 1.31094 35.518 0.000608953
56 1.31094 35.518 0.000609023
57 1.31094 35.518 0.000609101
58 1.31094 35.518 0.0006092
59 1.31094 35.518 0.00060928
60 1.31094 35.518 0.000609373
61 1.31094 35.518 0.000609473
62 1.31094 35.518 0.000609572
63 1.31094 35.518 0.000609672
64 1.31094 35.518 0.000609775
65 1.31094 35.518 0.00060988
66 1.31094 35.518 0.000609985
67 1.31094 35.518 0.000610091
68 1.31094 35.518 0.000610189
69 1.31094 35.518 0.000610297
70 1.31094 35.518 0.000610384
71 1.31094 35.518 0.000610488
72 1.31094 35.518 0.000610586
73 1.31094 35.518 0.000610678
74 1.31094 35.518 0.000610753
75 1.31095 35.518 0.000610841
76 1.31095 35.518 0.000610924
77 1.31095 35.518 0.000611001
78 1.31095 35.518 0.000611082
79 1.31095 35.518 0.000611148
80 1.31095 35.518 0.000611214
81 1.31095 35.518 0.000611276
82 1.31095 35.518 0.000611336
83 1.31095 35.518 0.000611412
84 1.31095 35.518 0.000611458
85 1.31095 35.518 0.00061152
86 1.31095 35.518 0.000611574
87 1.31095 35.518 0.000611622
88 1.31095 35.518 0.000611674
89 1.31095 35.518 0.000611721
90 1.31095 35.518 0.000611759
91 1.31095 35.518 0.000611802
92 1.31095 35.518 0.000611836
93 1.31095 35.518 0.000611876
94 1.31095 35.518 0.000611898
95 1.31095 35.518 0.000611942
96 1.31095 35.518 0.000611971
97 1.31095 35.518 0.000612003
98 1.31095 35.518 0.00061203
99 1.31095 35.518 0.000612054
min energy  # max energy
-57.9732 35.518
