Initial energy of the MPS: -0.0848151
# DMRG Sweep # Mid bond EE # Energy # Std #
0 0.00897776 -54.0007 13.5136
1 0.685569 -57.8326 0.0119955
2 0.730622 -57.833 0.000792158
3 0.73678 -57.833 0.000626757
4 0.736817 -57.833 0.000606878
5 0.736824 -57.833 0.000596565
6 0.736825 -57.833 0.000590714
7 0.736826 -57.833 0.000587317
8 0.736826 -57.833 0.000584998
9 0.736826 -57.833 0.000583495
10 0.736826 -57.833 0.000582435
11 0.736826 -57.833 0.000581641
12 0.736826 -57.833 0.000581007
13 0.736827 -57.833 0.000580593
14 0.736827 -57.833 0.000580246
15 0.736827 -57.833 0.00057999
16 0.736827 -57.833 0.000579738
17 0.736827 -57.833 0.000579567
18 0.736827 -57.833 0.000579333
19 0.736827 -57.833 0.00057928
20 0.736827 -57.833 0.00057918
21 0.736827 -57.833 0.000579168
22 0.736827 -57.833 0.000579089
23 0.736827 -57.833 0.000579191
24 0.736827 -57.833 0.000579147
25 0.736827 -57.833 0.000579241
26 0.736827 -57.833 0.000579245
27 0.736827 -57.833 0.000579349
28 0.736827 -57.833 0.000579373
29 0.736827 -57.833 0.000579473
30 0.736827 -57.833 0.00057951
31 0.736827 -57.833 0.000579572
32 0.736827 -57.833 0.000579607
33 0.736827 -57.833 0.000579706
34 0.736827 -57.833 0.000579721
35 0.736827 -57.833 0.000579795
36 0.736827 -57.833 0.000579807
37 0.736827 -57.833 0.000579879
38 0.736827 -57.833 0.000579861
39 0.736827 -57.833 0.000579912
40 0.736827 -57.833 0.000579924
41 0.736827 -57.833 0.000579953
42 0.736827 -57.833 0.000579979
43 0.736827 -57.833 0.000580017
44 0.736827 -57.833 0.000579989
45 0.736827 -57.833 0.000580038
46 0.736827 -57.833 0.000580033
47 0.736827 -57.833 0.00058008
48 0.736827 -57.833 0.000580068
49 0.736827 -57.833 0.000580098
50 0.736827 -57.833 0.000580101
51 0.736827 -57.833 0.000580124
52 0.736827 -57.833 0.000580136
53 0.736827 -57.833 0.000580154
54 0.736827 -57.833 0.000580165
55 0.736827 -57.833 0.000580194
56 0.736827 -57.833 0.000580164
57 0.736827 -57.833 0.000580208
58 0.736827 -57.833 0.000580197
59 0.736827 -57.833 0.000580225
60 0.736827 -57.833 0.000580198
61 0.736827 -57.833 0.000580247
62 0.736827 -57.833 0.000580222
63 0.736827 -57.833 0.000580255
64 0.736827 -57.833 0.000580237
65 0.736827 -57.833 0.000580269
66 0.736827 -57.833 0.00058026
67 0.736827 -57.833 0.000580282
68 0.736827 -57.833 0.000580278
69 0.736827 -57.833 0.000580298
70 0.736827 -57.833 0.000580291
71 0.736827 -57.833 0.000580317
72 0.736827 -57.833 0.000580316
73 0.736827 -57.833 0.000580346
74 0.736827 -57.833 0.000580324
75 0.736827 -57.833 0.000580355
76 0.736827 -57.833 0.000580329
77 0.736827 -57.833 0.000580387
78 0.736827 -57.833 0.000580359
79 0.736827 -57.833 0.000580376
80 0.736827 -57.833 0.00058038
81 0.736827 -57.833 0.000580399
82 0.736827 -57.833 0.000580382
83 0.736827 -57.833 0.0005804
84 0.736827 -57.833 0.000580412
85 0.736827 -57.833 0.000580396
86 0.736827 -57.833 0.000580397
87 0.736827 -57.833 0.000580425
88 0.736827 -57.833 0.000580416
89 0.736827 -57.833 0.000580432
90 0.736827 -57.833 0.000580409
91 0.736827 -57.833 0.000580444
92 0.736827 -57.833 0.000580429
93 0.736827 -57.833 0.000580459
94 0.736827 -57.833 0.000580445
95 0.736827 -57.833 0.000580459
96 0.736827 -57.833 0.000580459
97 0.736827 -57.833 0.000580461
98 0.736827 -57.833 0.000580473
99 0.736827 -57.833 0.000580476
Initial energy of the MPS: -0.394378
# DMRG Sweep # Mid bond EE # Energy # Std #
0 0.00689261 33.9747 6.03403
1 0.0805499 35.5116 0.0076526
2 0.0810334 35.5121 0.00118457
3 0.0815389 35.5121 0.000715035
4 0.0816574 35.5122 0.000647065
5 0.08168 35.5122 0.000289899
min energy  # max energy
-57.833 35.5122
