Initial energy of the MPS: 0.0744756
# DMRG Sweep # Mid bond EE # Energy # Std #
0 0.00796575 -53.8043 13.4659
1 0.471462 -57.8619 0.00251897
2 0.475252 -57.8619 0.000306795
Initial energy of the MPS: -0.151748
# DMRG Sweep # Mid bond EE # Energy # Std #
0 0.00842906 33.1689 5.89761
1 0.851967 34.5247 0.0204206
2 1.08891 34.5272 0.00516873
3 1.10001 34.5275 0.00154512
4 1.18263 34.5275 0.000876093
5 1.18506 34.5275 0.000813779
6 1.188 34.5275 0.000814967
7 1.1882 34.5275 0.000838514
8 1.18913 34.5275 0.000847848
9 1.18919 34.5275 0.000858471
10 1.18953 34.5275 0.000864542
11 1.18955 34.5275 0.00087035
12 1.18967 34.5275 0.000874068
13 1.18969 34.5275 0.00087713
14 1.18974 34.5275 0.000878791
15 1.18975 34.5275 0.000880392
16 1.18978 34.5275 0.000881107
17 1.18978 34.5275 0.00088197
18 1.1898 34.5275 0.000882444
19 1.1898 34.5275 0.000883083
20 1.18982 34.5275 0.000883547
21 1.18982 34.5275 0.000883899
22 1.18983 34.5275 0.000884142
23 1.18983 34.5275 0.000884612
24 1.18984 34.5275 0.00088492
25 1.18984 34.5275 0.000885427
26 1.18985 34.5275 0.000885662
27 1.18985 34.5275 0.00088607
28 1.18985 34.5275 0.000886218
29 1.18985 34.5275 0.000886522
30 1.18986 34.5275 0.000886585
31 1.18986 34.5275 0.000886806
32 1.18986 34.5275 0.00088682
33 1.18986 34.5275 0.000886973
34 1.18986 34.5275 0.000886952
35 1.18986 34.5275 0.000887075
36 1.18986 34.5275 0.000887041
37 1.18986 34.5275 0.000887133
38 1.18986 34.5275 0.000887093
39 1.18986 34.5275 0.000887164
40 1.18986 34.5275 0.000887134
41 1.18986 34.5275 0.000887196
42 1.18986 34.5275 0.000887166
43 1.18986 34.5275 0.000887211
44 1.18986 34.5275 0.000887185
45 1.18986 34.5275 0.00088722
46 1.18986 34.5275 0.000887202
47 1.18986 34.5275 0.000887232
48 1.18986 34.5275 0.000887214
49 1.18986 34.5275 0.000887237
50 1.18986 34.5275 0.000887222
51 1.18986 34.5275 0.000887247
52 1.18986 34.5275 0.000887237
53 1.18986 34.5275 0.000887252
54 1.18986 34.5275 0.000887243
55 1.18986 34.5275 0.00088726
56 1.18986 34.5275 0.000887244
57 1.18986 34.5275 0.000887267
58 1.18986 34.5275 0.000887257
59 1.18986 34.5275 0.000887269
60 1.18986 34.5275 0.000887256
61 1.18986 34.5275 0.000887263
62 1.18986 34.5275 0.000887246
63 1.18986 34.5275 0.00088725
64 1.18986 34.5275 0.000887211
65 1.18986 34.5275 0.0008872
66 1.18986 34.5275 0.000887169
67 1.18986 34.5275 0.000887178
68 1.18986 34.5275 0.000887155
69 1.18986 34.5275 0.000887169
70 1.18986 34.5275 0.000887165
71 1.18986 34.5275 0.000887173
72 1.18986 34.5275 0.000887168
73 1.18986 34.5275 0.000887184
74 1.18986 34.5275 0.000887174
75 1.18986 34.5275 0.000887186
76 1.18986 34.5275 0.000887182
77 1.18986 34.5275 0.000887201
78 1.18986 34.5275 0.000887198
79 1.18986 34.5275 0.000887212
80 1.18986 34.5275 0.000887203
81 1.18986 34.5275 0.000887216
82 1.18986 34.5275 0.000887216
83 1.18986 34.5275 0.000887224
84 1.18986 34.5275 0.00088722
85 1.18986 34.5275 0.000887237
86 1.18986 34.5275 0.000887235
87 1.18986 34.5275 0.000887239
88 1.18986 34.5275 0.000887238
89 1.18986 34.5275 0.000887254
90 1.18986 34.5275 0.000887248
91 1.18986 34.5275 0.000887263
92 1.18986 34.5275 0.00088726
93 1.18986 34.5275 0.000887269
94 1.18986 34.5275 0.000887261
95 1.18986 34.5275 0.000887274
96 1.18986 34.5275 0.000887271
97 1.18986 34.5275 0.00088728
98 1.18986 34.5275 0.000887276
99 1.18986 34.5275 0.000887291
min energy  # max energy
-57.8619 34.5275
