Initial energy of the MPS: -0.121374
# DMRG Sweep # Mid bond EE # Energy # Std #
0 0.00942386 -53.9761 13.5061
1 0.694268 -57.7963 0.00180047
2 0.704885 -57.7963 0.000162574
Initial energy of the MPS: -0.442814
# DMRG Sweep # Mid bond EE # Energy # Std #
0 0.00688317 33.1205 5.89985
1 0.906696 34.8438 0.0231257
2 1.09388 34.8469 0.00431633
3 1.22588 34.8474 0.00220116
4 1.25751 34.8475 0.00114392
5 1.34807 34.8475 0.000916323
6 1.35118 34.8475 0.000886061
7 1.35183 34.8475 0.000885381
8 1.35224 34.8475 0.00089145
9 1.35238 34.8475 0.000896297
10 1.35249 34.8475 0.000901101
11 1.35255 34.8475 0.000904653
12 1.3526 34.8475 0.000907609
13 1.35262 34.8475 0.000910316
14 1.35264 34.8475 0.000912243
15 1.35265 34.8475 0.000914092
16 1.35267 34.8475 0.000915106
17 1.35267 34.8475 0.000916335
18 1.35268 34.8475 0.000916869
19 1.35269 34.8475 0.000917766
20 1.35269 34.8475 0.000918073
21 1.3527 34.8475 0.000918778
22 1.3527 34.8475 0.000918973
23 1.3527 34.8475 0.000919531
24 1.3527 34.8475 0.000919688
25 1.35271 34.8475 0.000920128
26 1.35271 34.8475 0.000920289
27 1.35271 34.8475 0.000920651
28 1.35271 34.8475 0.000920812
29 1.35271 34.8475 0.000921104
30 1.35271 34.8475 0.00092126
31 1.35271 34.8475 0.00092149
32 1.35272 34.8475 0.000921644
33 1.35272 34.8475 0.000921832
34 1.35272 34.8475 0.000921964
35 1.35272 34.8475 0.000922115
36 1.35272 34.8475 0.000922234
37 1.35272 34.8475 0.000922353
38 1.35272 34.8475 0.000922453
39 1.35272 34.8475 0.00092254
40 1.35272 34.8475 0.000922624
41 1.35272 34.8475 0.000922689
42 1.35272 34.8475 0.000922763
43 1.35272 34.8475 0.000922804
44 1.35272 34.8475 0.00092287
45 1.35272 34.8475 0.000922899
46 1.35272 34.8475 0.000922953
47 1.35272 34.8475 0.000922969
48 1.35272 34.8475 0.000923021
49 1.35272 34.8475 0.000923027
50 1.35272 34.8475 0.00092307
51 1.35272 34.8475 0.000923073
52 1.35272 34.8475 0.000923108
53 1.35272 34.8475 0.000923114
54 1.35272 34.8475 0.000923142
55 1.35272 34.8475 0.000923146
56 1.35272 34.8475 0.000923175
57 1.35272 34.8475 0.000923185
58 1.35272 34.8475 0.000923202
59 1.35272 34.8475 0.000923211
60 1.35272 34.8475 0.000923238
61 1.35272 34.8475 0.000923241
62 1.35272 34.8475 0.000923263
63 1.35272 34.8475 0.000923271
64 1.35272 34.8475 0.000923292
65 1.35272 34.8475 0.000923302
66 1.35272 34.8475 0.000923325
67 1.35272 34.8475 0.000923333
68 1.35272 34.8475 0.000923348
69 1.35272 34.8475 0.000923364
70 1.35272 34.8475 0.000923375
71 1.35272 34.8475 0.000923383
72 1.35273 34.8475 0.00092339
73 1.35273 34.8475 0.000923388
74 1.35273 34.8475 0.000923396
75 1.35273 34.8475 0.000923381
76 1.35273 34.8475 0.000923372
77 1.35273 34.8475 0.000923362
78 1.35273 34.8475 0.000923352
79 1.35273 34.8475 0.000923343
80 1.35273 34.8475 0.000923332
81 1.35273 34.8475 0.000923332
82 1.35273 34.8475 0.000923329
83 1.35273 34.8475 0.000923338
84 1.35273 34.8475 0.000923345
85 1.35273 34.8475 0.000923365
86 1.35273 34.8475 0.000923365
87 1.35273 34.8475 0.000923392
88 1.35273 34.8475 0.000923391
89 1.35273 34.8475 0.000923417
90 1.35273 34.8475 0.000923421
91 1.35273 34.8475 0.000923438
92 1.35273 34.8475 0.000923445
93 1.35273 34.8475 0.000923461
94 1.35273 34.8475 0.000923467
95 1.35273 34.8475 0.000923483
96 1.35273 34.8475 0.000923481
97 1.35273 34.8475 0.000923499
98 1.35273 34.8475 0.000923501
99 1.35273 34.8475 0.000923518
min energy  # max energy
-57.7963 34.8475
