Initial energy of the MPS: 0.10078
# DMRG Sweep # Mid bond EE # Energy # Std #
0 0.00696625 -54.3505 13.5995
1 0.466185 -58.1948 0.00130453
2 0.470152 -58.1948 0.00019341
Initial energy of the MPS: -0.474218
# DMRG Sweep # Mid bond EE # Energy # Std #
0 0.0040783 33.2968 5.92288
1 0.88495 34.8481 0.0253957
2 0.92635 34.8516 0.00467207
3 0.97258 34.8518 0.00137756
4 0.972602 34.8518 0.000745524
5 0.974599 34.8518 0.000678903
6 0.9746 34.8518 0.00066366
7 0.97472 34.8518 0.000659644
8 0.974721 34.8518 0.000659568
9 0.974752 34.8518 0.000660418
10 0.974752 34.8518 0.000661384
11 0.97477 34.8518 0.000661899
12 0.97477 34.8518 0.000662859
13 0.974777 34.8518 0.000663668
14 0.974777 34.8518 0.000664366
15 0.974781 34.8518 0.000664958
16 0.974781 34.8518 0.000665429
17 0.974783 34.8518 0.00066588
18 0.974783 34.8518 0.000666265
19 0.974785 34.8518 0.000666558
20 0.974785 34.8518 0.000666853
21 0.974786 34.8518 0.00066705
22 0.974786 34.8518 0.000667264
23 0.974787 34.8518 0.000667396
24 0.974787 34.8518 0.00066756
25 0.974787 34.8518 0.000667651
26 0.974787 34.8518 0.000667765
27 0.974788 34.8518 0.000667837
28 0.974788 34.8518 0.000667929
29 0.974788 34.8518 0.000667982
30 0.974788 34.8518 0.000668059
31 0.974788 34.8518 0.000668096
32 0.974788 34.8518 0.000668142
33 0.974789 34.8518 0.000668178
34 0.974789 34.8518 0.000668224
35 0.974789 34.8518 0.000668256
36 0.974789 34.8518 0.0006683
37 0.974789 34.8518 0.000668339
38 0.974789 34.8518 0.000668361
39 0.974789 34.8518 0.000668401
40 0.974789 34.8518 0.000668424
41 0.974789 34.8518 0.000668449
42 0.974789 34.8518 0.000668481
43 0.974789 34.8518 0.000668498
44 0.974789 34.8518 0.000668526
45 0.974789 34.8518 0.000668537
46 0.974789 34.8518 0.000668567
47 0.974789 34.8518 0.000668575
48 0.974789 34.8518 0.000668602
49 0.974789 34.8518 0.000668609
50 0.974789 34.8518 0.000668626
51 0.974789 34.8518 0.000668637
52 0.974789 34.8518 0.000668649
53 0.974789 34.8518 0.00066865
54 0.974789 34.8518 0.000668665
55 0.97479 34.8518 0.000668668
56 0.97479 34.8518 0.000668685
57 0.97479 34.8518 0.000668682
58 0.97479 34.8518 0.0006687
59 0.97479 34.8518 0.000668699
60 0.97479 34.8518 0.000668711
61 0.97479 34.8518 0.00066871
62 0.97479 34.8518 0.000668731
63 0.97479 34.8518 0.000668727
64 0.97479 34.8518 0.000668741
65 0.97479 34.8518 0.000668746
66 0.97479 34.8518 0.000668758
67 0.97479 34.8518 0.000668767
68 0.97479 34.8518 0.000668774
69 0.97479 34.8518 0.000668785
70 0.97479 34.8518 0.000668795
71 0.97479 34.8518 0.000668812
72 0.97479 34.8518 0.000668819
73 0.97479 34.8518 0.000668836
74 0.97479 34.8518 0.000668844
75 0.97479 34.8518 0.000668856
76 0.97479 34.8518 0.000668862
77 0.97479 34.8518 0.000668886
78 0.97479 34.8518 0.00066889
79 0.97479 34.8518 0.000668903
80 0.97479 34.8518 0.000668913
81 0.97479 34.8518 0.000668924
82 0.97479 34.8518 0.000668939
83 0.97479 34.8518 0.00066895
84 0.97479 34.8518 0.000668958
85 0.97479 34.8518 0.000668973
86 0.97479 34.8518 0.000668976
87 0.97479 34.8518 0.000668989
88 0.97479 34.8518 0.000668991
89 0.97479 34.8518 0.000669016
90 0.97479 34.8518 0.000669021
91 0.97479 34.8518 0.000669035
92 0.97479 34.8518 0.000669041
93 0.97479 34.8518 0.000669052
94 0.97479 34.8518 0.000669059
95 0.97479 34.8518 0.00066907
96 0.97479 34.8518 0.000669079
97 0.97479 34.8518 0.000669097
98 0.97479 34.8518 0.000669097
99 0.97479 34.8518 0.000669113
min energy  # max energy
-58.1948 34.8518
