Initial energy of the MPS: 0.097481
# DMRG Sweep # Mid bond EE # Energy # Std #
0 0.00995214 -54.6703 13.6791
1 0.738288 -58.4781 0.000414984
Initial energy of the MPS: -0.380867
# DMRG Sweep # Mid bond EE # Energy # Std #
0 0.00634404 33.8221 6.0102
1 0.34255 35.1815 0.0232298
2 0.210329 35.1844 0.00544408
3 0.210903 35.1847 0.00162715
4 0.240636 35.1847 0.000840116
5 0.240644 35.1848 0.000617856
6 0.24068 35.1848 0.000590442
7 0.240681 35.1848 0.000581127
8 0.240682 35.1848 0.000579404
9 0.240683 35.1848 0.0005782
10 0.240683 35.1848 0.00057736
11 0.240684 35.1848 0.000576796
12 0.240684 35.1848 0.000576507
13 0.240685 35.1848 0.000576399
14 0.240685 35.1848 0.000576313
15 0.240685 35.1848 0.000576235
16 0.240685 35.1848 0.000576211
17 0.240685 35.1848 0.000576124
18 0.240686 35.1848 0.000576094
19 0.240686 35.1848 0.000576041
20 0.240686 35.1848 0.000576025
21 0.240686 35.1848 0.000576029
22 0.240686 35.1848 0.000576034
23 0.240686 35.1848 0.00057608
24 0.240686 35.1848 0.000576103
25 0.240686 35.1848 0.000576163
26 0.240686 35.1848 0.000576219
27 0.240686 35.1848 0.000576296
28 0.240686 35.1848 0.000576378
29 0.240686 35.1848 0.000576479
30 0.240686 35.1848 0.000576571
31 0.240686 35.1848 0.000576666
32 0.240686 35.1848 0.000576753
33 0.240686 35.1848 0.000576836
34 0.240686 35.1848 0.00057695
35 0.240686 35.1848 0.00057703
36 0.240686 35.1848 0.000577148
37 0.240686 35.1848 0.000577226
38 0.240686 35.1848 0.000577364
39 0.240686 35.1848 0.000577456
40 0.240687 35.1848 0.000577605
41 0.240687 35.1848 0.00057771
42 0.240687 35.1848 0.000577865
43 0.240687 35.1848 0.000577972
44 0.240687 35.1848 0.000578165
45 0.240687 35.1848 0.000578274
46 0.240687 35.1848 0.000578456
47 0.240687 35.1848 0.000578557
48 0.240687 35.1848 0.000578738
49 0.240687 35.1848 0.000578823
50 0.240687 35.1848 0.000578964
51 0.240687 35.1848 0.000579027
52 0.240687 35.1848 0.000579142
53 0.240687 35.1848 0.000579178
54 0.240687 35.1848 0.000579236
55 0.240687 35.1848 0.000579274
56 0.240687 35.1848 0.000579309
57 0.240687 35.1848 0.00057933
58 0.240687 35.1848 0.000579349
59 0.240687 35.1848 0.000579365
60 0.240687 35.1848 0.000579366
61 0.240687 35.1848 0.000579382
62 0.240687 35.1848 0.000579391
63 0.240687 35.1848 0.000579399
64 0.240687 35.1848 0.000579385
65 0.240687 35.1848 0.000579399
66 0.240687 35.1848 0.000579395
67 0.240687 35.1848 0.000579393
68 0.240687 35.1848 0.000579391
69 0.240687 35.1848 0.000579397
70 0.240687 35.1848 0.000579383
71 0.240687 35.1848 0.000579396
72 0.240687 35.1848 0.000579382
73 0.240687 35.1848 0.000579395
74 0.240687 35.1848 0.000579384
75 0.240687 35.1848 0.000579386
76 0.240687 35.1848 0.000579379
77 0.240687 35.1848 0.000579394
78 0.240687 35.1848 0.000579388
79 0.240687 35.1848 0.000579391
80 0.240687 35.1848 0.000579386
81 0.240687 35.1848 0.000579403
82 0.240687 35.1848 0.000579377
83 0.240687 35.1848 0.000579391
84 0.240687 35.1848 0.000579387
85 0.240687 35.1848 0.000579392
86 0.240687 35.1848 0.000579382
87 0.240687 35.1848 0.000579396
88 0.240687 35.1848 0.000579388
89 0.240687 35.1848 0.000579397
90 0.240687 35.1848 0.000579379
91 0.240687 35.1848 0.000579394
92 0.240687 35.1848 0.000579388
93 0.240687 35.1848 0.0005794
94 0.240687 35.1848 0.000579386
95 0.240687 35.1848 0.000579387
96 0.240687 35.1848 0.000579385
97 0.240687 35.1848 0.000579391
98 0.240687 35.1848 0.000579384
99 0.240687 35.1848 0.000579398
min energy  # max energy
-58.4781 35.1848
