Initial energy of the MPS: -0.0150548
# DMRG Sweep # Mid bond EE # Energy # Std #
0 0.00967228 -54.1596 13.552
1 0.432226 -58.0213 0.00388268
2 0.432951 -58.0213 0.000150843
Initial energy of the MPS: -0.36363
# DMRG Sweep # Mid bond EE # Energy # Std #
0 0.00648718 33.1924 5.89956
1 0.432429 34.6356 0.0118426
2 0.67543 34.637 0.00459313
3 1.06524 34.6372 0.000890368
4 1.07326 34.6372 0.000408353
5 1.07466 34.6372 0.000360686
6 1.07484 34.6372 0.000361269
7 1.07536 34.6372 0.000384452
8 1.07538 34.6372 0.000395538
9 1.07594 34.6372 0.000416361
10 1.07596 34.6372 0.000426915
11 1.07631 34.6372 0.000438563
12 1.07632 34.6372 0.0004432
13 1.07648 34.6372 0.000448681
14 1.07649 34.6372 0.000449607
15 1.07658 34.6372 0.000452875
16 1.07659 34.6372 0.000453593
17 1.07666 34.6372 0.000455829
18 1.07666 34.6372 0.000456741
19 1.0767 34.6372 0.000458292
20 1.0767 34.6372 0.000459164
21 1.07673 34.6372 0.000460283
22 1.07673 34.6372 0.000460953
23 1.07675 34.6372 0.0004617
24 1.07675 34.6372 0.000462186
25 1.07677 34.6372 0.000462693
26 1.07677 34.6372 0.000463033
27 1.07678 34.6372 0.000463395
28 1.07678 34.6372 0.000463604
29 1.07678 34.6372 0.000463877
30 1.07678 34.6372 0.000464005
31 1.07679 34.6372 0.000464226
32 1.07679 34.6372 0.000464297
33 1.07679 34.6372 0.000464442
34 1.0768 34.6372 0.000464478
35 1.0768 34.6372 0.000464584
36 1.0768 34.6372 0.000464574
37 1.0768 34.6372 0.000464649
38 1.0768 34.6372 0.000464629
39 1.0768 34.6372 0.000464675
40 1.0768 34.6372 0.000464646
41 1.0768 34.6372 0.000464684
42 1.0768 34.6372 0.000464655
43 1.0768 34.6372 0.00046469
44 1.0768 34.6372 0.000464653
45 1.0768 34.6372 0.000464672
46 1.0768 34.6372 0.000464665
47 1.0768 34.6372 0.000464689
48 1.0768 34.6372 0.000464657
49 1.0768 34.6372 0.000464706
50 1.0768 34.6372 0.000464679
51 1.0768 34.6372 0.000464706
52 1.0768 34.6372 0.000464704
53 1.0768 34.6372 0.00046473
54 1.0768 34.6372 0.000464717
55 1.07681 34.6372 0.000464749
56 1.07681 34.6372 0.000464735
57 1.07681 34.6372 0.000464768
58 1.07681 34.6372 0.000464747
59 1.07681 34.6372 0.000464779
60 1.07681 34.6372 0.000464756
61 1.07681 34.6372 0.000464792
62 1.07681 34.6372 0.000464776
63 1.07681 34.6372 0.000464808
64 1.07681 34.6372 0.000464785
65 1.07681 34.6372 0.000464823
66 1.07681 34.6372 0.000464806
67 1.07681 34.6372 0.000464829
68 1.07681 34.6372 0.000464807
69 1.07681 34.6372 0.000464838
70 1.07681 34.6372 0.000464826
71 1.07681 34.6372 0.000464843
72 1.07681 34.6372 0.000464822
73 1.07681 34.6372 0.000464846
74 1.07681 34.6372 0.000464835
75 1.07681 34.6372 0.000464849
76 1.07681 34.6372 0.000464833
77 1.07681 34.6372 0.000464857
78 1.07681 34.6372 0.000464842
79 1.07681 34.6372 0.000464851
80 1.07681 34.6372 0.000464843
81 1.07681 34.6372 0.000464855
82 1.07681 34.6372 0.000464848
83 1.07681 34.6372 0.000464873
84 1.07681 34.6372 0.000464839
85 1.07681 34.6372 0.000464872
86 1.07681 34.6372 0.000464862
87 1.07681 34.6372 0.000464879
88 1.07681 34.6372 0.000464857
89 1.07681 34.6372 0.000464873
90 1.07681 34.6372 0.000464861
91 1.07681 34.6372 0.000464879
92 1.07681 34.6372 0.000464869
93 1.07681 34.6372 0.000464885
94 1.07681 34.6372 0.000464871
95 1.07681 34.6372 0.000464892
96 1.07681 34.6372 0.00046488
97 1.07681 34.6372 0.0004649
98 1.07681 34.6372 0.00046488
99 1.07681 34.6372 0.000464908
min energy  # max energy
-58.0213 34.6372
