Initial energy of the MPS: -0.129281
# DMRG Sweep # Mid bond EE # Energy # Std #
0 0.0103536 -54.0497 13.5238
1 0.707734 -57.8612 0.00666674
2 0.834415 -57.862 0.00112386
3 0.838121 -57.862 0.000460297
Initial energy of the MPS: -0.424871
# DMRG Sweep # Mid bond EE # Energy # Std #
0 0.00513531 33.1215 5.89469
1 0.857343 34.7769 0.016871
2 1.13709 34.7788 0.00499677
3 1.34121 34.7792 0.00290352
4 1.26839 34.7794 0.00160319
5 1.3328 34.7794 0.0016167
6 1.40936 34.7794 0.00172343
7 1.46483 34.7794 0.00172437
8 1.48207 34.7794 0.00171448
9 1.48656 34.7794 0.00171288
10 1.48777 34.7794 0.001711
11 1.48824 34.7794 0.00171381
12 1.48849 34.7794 0.00171417
13 1.48863 34.7794 0.00171601
14 1.48872 34.7794 0.00171614
15 1.48878 34.7794 0.0017173
16 1.48882 34.7794 0.00171739
17 1.48886 34.7794 0.0017183
18 1.48888 34.7794 0.00171839
19 1.4889 34.7794 0.0017192
20 1.48892 34.7794 0.00171938
21 1.48893 34.7794 0.00172015
22 1.48895 34.7794 0.00172039
23 1.48896 34.7794 0.00172116
24 1.48897 34.7794 0.00172148
25 1.48898 34.7794 0.00172231
26 1.48899 34.7794 0.00172268
27 1.48899 34.7794 0.00172357
28 1.489 34.7794 0.00172397
29 1.48901 34.7794 0.0017248
30 1.48902 34.7794 0.00172513
31 1.48902 34.7794 0.00172576
32 1.48903 34.7794 0.00172601
33 1.48903 34.7794 0.00172648
34 1.48904 34.7794 0.00172671
35 1.48904 34.7794 0.00172711
36 1.48904 34.7794 0.00172735
37 1.48905 34.7794 0.00172768
38 1.48905 34.7794 0.00172791
39 1.48905 34.7794 0.0017282
40 1.48906 34.7794 0.00172843
41 1.48906 34.7794 0.00172868
42 1.48906 34.7794 0.00172891
43 1.48906 34.7794 0.00172913
44 1.48907 34.7794 0.00172937
45 1.48907 34.7794 0.00172959
46 1.48907 34.7794 0.00172983
47 1.48907 34.7794 0.00173006
48 1.48907 34.7794 0.0017303
49 1.48907 34.7794 0.0017305
50 1.48908 34.7794 0.00173073
51 1.48908 34.7794 0.00173089
52 1.48908 34.7794 0.00173108
53 1.48908 34.7794 0.0017312
54 1.48908 34.7794 0.00173137
55 1.48908 34.7794 0.00173148
56 1.48908 34.7794 0.00173163
57 1.48908 34.7794 0.00173172
58 1.48908 34.7794 0.00173187
59 1.48908 34.7794 0.00173196
60 1.48908 34.7794 0.00173211
61 1.48909 34.7794 0.0017322
62 1.48909 34.7794 0.00173235
63 1.48909 34.7794 0.00173245
64 1.48909 34.7794 0.0017326
65 1.48909 34.7794 0.0017327
66 1.48909 34.7794 0.00173286
67 1.48909 34.7794 0.00173296
68 1.48909 34.7794 0.00173313
69 1.48909 34.7794 0.00173323
70 1.48909 34.7794 0.00173341
71 1.48909 34.7794 0.0017335
72 1.48909 34.7794 0.00173369
73 1.48909 34.7794 0.00173378
74 1.48909 34.7794 0.00173397
75 1.48909 34.7794 0.00173406
76 1.48909 34.7794 0.00173425
77 1.48909 34.7794 0.00173434
78 1.48909 34.7794 0.00173454
79 1.4891 34.7794 0.00173462
80 1.4891 34.7794 0.00173481
81 1.4891 34.7794 0.00173489
82 1.4891 34.7794 0.00173508
83 1.4891 34.7794 0.00173515
84 1.4891 34.7794 0.00173531
85 1.4891 34.7794 0.00173538
86 1.4891 34.7794 0.00173553
87 1.4891 34.7794 0.00173558
88 1.4891 34.7794 0.00173571
89 1.4891 34.7794 0.00173576
90 1.4891 34.7794 0.00173586
91 1.4891 34.7794 0.00173591
92 1.4891 34.7794 0.00173599
93 1.4891 34.7794 0.00173603
94 1.4891 34.7794 0.00173611
95 1.4891 34.7794 0.00173614
96 1.4891 34.7794 0.0017362
97 1.48911 34.7794 0.00173623
98 1.48911 34.7794 0.00173628
99 1.48911 34.7794 0.00173632
min energy  # max energy
-57.862 34.7794
