Initial energy of the MPS: -0.0221351
# DMRG Sweep # Mid bond EE # Energy # Std #
0 0.00968767 -53.8266 13.4696
1 0.757269 -57.6702 0.00231263
2 0.785976 -57.6702 0.000195033
Initial energy of the MPS: -0.310688
# DMRG Sweep # Mid bond EE # Energy # Std #
0 0.00609846 33.9403 6.02472
1 0.183033 35.2163 0.0167546
2 0.226749 35.2178 0.0049767
3 0.280386 35.2179 0.000990659
4 0.30791 35.2179 0.000520583
5 0.318931 35.2179 0.000475837
6 0.329234 35.2179 0.000476162
7 0.335581 35.2179 0.000478733
8 0.352114 35.2179 0.000502966
9 0.36274 35.2179 0.000508035
10 0.390235 35.2179 0.000543568
11 0.409312 35.2179 0.000551111
12 0.451966 35.2179 0.000594143
13 0.486232 35.2179 0.000606958
14 0.543712 35.2179 0.000647789
15 0.591271 35.2179 0.000663645
16 0.64734 35.2179 0.000690113
17 0.687304 35.2179 0.000700779
18 0.722472 35.2179 0.000712339
19 0.743412 35.2179 0.000717002
20 0.759079 35.2179 0.000720973
21 0.767459 35.2179 0.000722646
22 0.773332 35.2179 0.000723769
23 0.776343 35.2179 0.000724265
24 0.778411 35.2179 0.000724335
25 0.779461 35.2179 0.000724382
26 0.780182 35.2179 0.000724026
27 0.780551 35.2179 0.000723925
28 0.780806 35.2179 0.000723475
29 0.78094 35.2179 0.00072335
30 0.781033 35.2179 0.000722976
31 0.781083 35.2179 0.000722831
32 0.781118 35.2179 0.000722511
33 0.781138 35.2179 0.000722334
34 0.781152 35.2179 0.000722006
35 0.781161 35.2179 0.000721814
36 0.781167 35.2179 0.000721468
37 0.781171 35.2179 0.000721265
38 0.781174 35.2179 0.000720898
39 0.781176 35.2179 0.00072069
40 0.781177 35.2179 0.000720324
41 0.781178 35.2179 0.000720115
42 0.781179 35.2179 0.000719758
43 0.78118 35.2179 0.000719571
44 0.78118 35.2179 0.000719243
45 0.781181 35.2179 0.000719071
46 0.781181 35.2179 0.000718776
47 0.781181 35.2179 0.000718638
48 0.781181 35.2179 0.000718379
49 0.781181 35.2179 0.000718267
50 0.781181 35.2179 0.000718052
51 0.781182 35.2179 0.000717964
52 0.781181 35.2179 0.00071779
53 0.781182 35.2179 0.000717723
54 0.781181 35.2179 0.000717575
55 0.781182 35.2179 0.000717531
56 0.781181 35.2179 0.000717409
57 0.781182 35.2179 0.000717374
58 0.781181 35.2179 0.000717285
59 0.781181 35.2179 0.000717252
60 0.781181 35.2179 0.000717176
61 0.781181 35.2179 0.000717158
62 0.781181 35.2179 0.000717101
63 0.781181 35.2179 0.000717093
64 0.781181 35.2179 0.000717038
65 0.781181 35.2179 0.000717019
66 0.781181 35.2179 0.00071698
67 0.781181 35.2179 0.000716969
68 0.781181 35.2179 0.00071692
69 0.781181 35.2179 0.000716914
70 0.781181 35.2179 0.000716876
71 0.781181 35.2179 0.000716865
72 0.781181 35.2179 0.000716828
73 0.781181 35.2179 0.000716822
74 0.78118 35.2179 0.000716796
75 0.78118 35.2179 0.000716786
76 0.78118 35.2179 0.000716756
77 0.78118 35.2179 0.000716749
78 0.78118 35.2179 0.000716727
79 0.78118 35.2179 0.000716721
80 0.78118 35.2179 0.000716693
81 0.78118 35.2179 0.000716696
82 0.78118 35.2179 0.000716669
83 0.78118 35.2179 0.00071667
84 0.78118 35.2179 0.000716642
85 0.78118 35.2179 0.000716641
86 0.78118 35.2179 0.000716623
87 0.78118 35.2179 0.000716622
88 0.78118 35.2179 0.000716606
89 0.78118 35.2179 0.000716601
90 0.78118 35.2179 0.000716587
91 0.78118 35.2179 0.000716596
92 0.78118 35.2179 0.000716571
93 0.78118 35.2179 0.000716572
94 0.78118 35.2179 0.00071655
95 0.78118 35.2179 0.000716557
96 0.78118 35.2179 0.000716542
97 0.78118 35.2179 0.000716548
98 0.78118 35.2179 0.000716525
99 0.78118 35.2179 0.000716519
min energy  # max energy
-57.6702 35.2179
