Initial energy of the MPS: 0.0508448
# DMRG Sweep # Mid bond EE # Energy # Std #
0 0.00914023 -53.988 13.5103
1 0.88594 -57.7937 0.00395842
2 0.926342 -57.7938 0.000503042
Initial energy of the MPS: -0.272716
# DMRG Sweep # Mid bond EE # Energy # Std #
0 0.00668582 33.2668 5.91722
1 0.85927 34.7293 0.0195427
2 1.03431 34.732 0.00663183
3 1.20768 34.7325 0.00197877
4 1.25575 34.7326 0.00111762
5 1.26432 34.7326 0.00101941
6 1.26635 34.7326 0.00101243
7 1.26715 34.7326 0.00101768
8 1.26728 34.7326 0.00102298
9 1.26749 34.7326 0.00102741
10 1.26752 34.7326 0.0010292
11 1.2676 34.7326 0.00103144
12 1.26761 34.7326 0.00103268
13 1.26764 34.7326 0.00103419
14 1.26765 34.7326 0.00103528
15 1.26767 34.7326 0.00103642
16 1.26767 34.7326 0.0010375
17 1.26768 34.7326 0.00103841
18 1.26768 34.7326 0.00103949
19 1.26769 34.7326 0.00103995
20 1.2677 34.7326 0.00104051
21 1.2677 34.7326 0.00104098
22 1.2677 34.7326 0.00104158
23 1.26771 34.7326 0.00104198
24 1.26771 34.7326 0.00104249
25 1.26771 34.7326 0.00104284
26 1.26771 34.7326 0.00104331
27 1.26771 34.7326 0.00104362
28 1.26771 34.7326 0.00104404
29 1.26772 34.7326 0.00104431
30 1.26772 34.7326 0.00104468
31 1.26772 34.7326 0.00104491
32 1.26772 34.7326 0.00104522
33 1.26772 34.7326 0.00104542
34 1.26772 34.7326 0.00104566
35 1.26772 34.7326 0.00104584
36 1.26772 34.7326 0.00104603
37 1.26772 34.7326 0.00104618
38 1.26772 34.7326 0.00104634
39 1.26772 34.7326 0.00104648
40 1.26772 34.7326 0.00104661
41 1.26772 34.7326 0.00104674
42 1.26772 34.7326 0.00104688
43 1.26773 34.7326 0.001047
44 1.26773 34.7326 0.00104714
45 1.26773 34.7326 0.00104727
46 1.26773 34.7326 0.00104744
47 1.26773 34.7326 0.00104756
48 1.26773 34.7326 0.00104776
49 1.26773 34.7326 0.00104784
50 1.26773 34.7326 0.00104801
51 1.26773 34.7326 0.00104803
52 1.26773 34.7326 0.00104813
53 1.26773 34.7326 0.00104812
54 1.26773 34.7326 0.00104816
55 1.26773 34.7326 0.00104813
56 1.26773 34.7326 0.00104815
57 1.26773 34.7326 0.00104811
58 1.26773 34.7326 0.00104813
59 1.26773 34.7326 0.00104812
60 1.26773 34.7326 0.00104815
61 1.26773 34.7326 0.00104816
62 1.26773 34.7326 0.0010482
63 1.26773 34.7326 0.00104824
64 1.26773 34.7326 0.00104829
65 1.26773 34.7326 0.00104834
66 1.26773 34.7326 0.0010484
67 1.26773 34.7326 0.00104846
68 1.26773 34.7326 0.00104853
69 1.26773 34.7326 0.00104859
70 1.26773 34.7326 0.00104866
71 1.26773 34.7326 0.00104872
72 1.26773 34.7326 0.0010488
73 1.26773 34.7326 0.00104886
74 1.26773 34.7326 0.00104894
75 1.26773 34.7326 0.00104899
76 1.26773 34.7326 0.00104906
77 1.26773 34.7326 0.00104912
78 1.26773 34.7326 0.00104918
79 1.26773 34.7326 0.00104923
80 1.26773 34.7326 0.00104929
81 1.26774 34.7326 0.00104933
82 1.26774 34.7326 0.00104938
83 1.26774 34.7326 0.00104942
84 1.26774 34.7326 0.00104947
85 1.26774 34.7326 0.00104951
86 1.26774 34.7326 0.00104955
87 1.26774 34.7326 0.00104958
88 1.26774 34.7326 0.00104962
89 1.26774 34.7326 0.00104965
90 1.26774 34.7326 0.00104969
91 1.26774 34.7326 0.00104971
92 1.26774 34.7326 0.00104974
93 1.26774 34.7326 0.00104977
94 1.26774 34.7326 0.0010498
95 1.26774 34.7326 0.00104982
96 1.26774 34.7326 0.00104984
97 1.26774 34.7326 0.00104986
98 1.26774 34.7326 0.00104989
99 1.26774 34.7326 0.00104991
min energy  # max energy
-57.7938 34.7326
