Initial energy of the MPS: 0.152195
# DMRG Sweep # Mid bond EE # Energy # Std #
0 0.00994674 -54.0078 13.516
1 0.609182 -57.963 0.0131474
2 0.755957 -57.9643 0.00212023
3 0.767791 -57.9643 0.00122945
4 0.768972 -57.9643 0.00117767
5 0.769231 -57.9643 0.00116043
6 0.769269 -57.9643 0.00114695
7 0.769278 -57.9643 0.00113789
8 0.769286 -57.9643 0.00113202
9 0.769288 -57.9643 0.00112819
10 0.76929 -57.9643 0.00112539
11 0.769291 -57.9643 0.00112322
12 0.769292 -57.9643 0.00112146
13 0.769293 -57.9643 0.00112006
14 0.769293 -57.9643 0.00111895
15 0.769293 -57.9643 0.00111808
16 0.769294 -57.9643 0.00111737
17 0.769294 -57.9643 0.00111686
18 0.769294 -57.9643 0.00111635
19 0.769294 -57.9643 0.001116
20 0.769295 -57.9643 0.00111559
21 0.769295 -57.9643 0.00111533
22 0.769295 -57.9643 0.00111499
23 0.769295 -57.9643 0.00111479
24 0.769295 -57.9643 0.00111449
25 0.769295 -57.9643 0.00111434
26 0.769295 -57.9643 0.00111409
27 0.769295 -57.9643 0.00111399
28 0.769295 -57.9643 0.00111378
29 0.769296 -57.9643 0.00111371
30 0.769296 -57.9643 0.00111356
31 0.769296 -57.9643 0.00111351
32 0.769296 -57.9643 0.00111339
33 0.769296 -57.9643 0.00111336
34 0.769296 -57.9643 0.00111325
35 0.769296 -57.9643 0.00111323
36 0.769296 -57.9643 0.00111314
37 0.769296 -57.9643 0.00111312
38 0.769296 -57.9643 0.00111304
39 0.769296 -57.9643 0.00111303
40 0.769296 -57.9643 0.00111297
41 0.769296 -57.9643 0.00111298
42 0.769296 -57.9643 0.00111293
43 0.769296 -57.9643 0.00111294
44 0.769296 -57.9643 0.0011129
45 0.769296 -57.9643 0.00111291
46 0.769296 -57.9643 0.00111288
47 0.769296 -57.9643 0.0011129
48 0.769296 -57.9643 0.00111287
49 0.769296 -57.9643 0.00111289
50 0.769296 -57.9643 0.00111287
51 0.769296 -57.9643 0.00111288
52 0.769296 -57.9643 0.00111286
53 0.769296 -57.9643 0.00111287
54 0.769296 -57.9643 0.00111285
55 0.769296 -57.9643 0.00111285
56 0.769296 -57.9643 0.00111285
57 0.769296 -57.9643 0.00111286
58 0.769296 -57.9643 0.00111285
59 0.769296 -57.9643 0.00111285
60 0.769296 -57.9643 0.00111287
61 0.769296 -57.9643 0.00111288
62 0.769296 -57.9643 0.00111287
63 0.769296 -57.9643 0.00111287
64 0.769296 -57.9643 0.00111287
65 0.769296 -57.9643 0.00111288
66 0.769297 -57.9643 0.00111286
67 0.769297 -57.9643 0.00111287
68 0.769297 -57.9643 0.00111286
69 0.769297 -57.9643 0.00111287
70 0.769297 -57.9643 0.00111286
71 0.769297 -57.9643 0.00111286
72 0.769297 -57.9643 0.00111285
73 0.769297 -57.9643 0.00111285
74 0.769297 -57.9643 0.00111284
75 0.769297 -57.9643 0.00111285
76 0.769297 -57.9643 0.00111284
77 0.769297 -57.9643 0.00111284
78 0.769297 -57.9643 0.00111283
79 0.769297 -57.9643 0.00111283
80 0.769297 -57.9643 0.00111282
81 0.769297 -57.9643 0.00111283
82 0.769297 -57.9643 0.00111281
83 0.769297 -57.9643 0.00111283
84 0.769297 -57.9643 0.00111283
85 0.769297 -57.9643 0.00111282
86 0.769297 -57.9643 0.00111282
87 0.769297 -57.9643 0.00111283
88 0.769297 -57.9643 0.00111283
89 0.769297 -57.9643 0.00111284
90 0.769297 -57.9643 0.00111284
91 0.769297 -57.9643 0.00111287
92 0.769297 -57.9643 0.00111287
93 0.769297 -57.9643 0.00111289
94 0.769297 -57.9643 0.0011129
95 0.769297 -57.9643 0.00111292
96 0.769297 -57.9643 0.00111294
97 0.769297 -57.9643 0.00111295
98 0.769297 -57.9643 0.00111298
99 0.769297 -57.9643 0.001113
Initial energy of the MPS: -0.283514
# DMRG Sweep # Mid bond EE # Energy # Std #
0 0.00665838 33.4331 5.94683
1 0.235677 34.8453 0.0176231
2 0.399299 34.8478 0.00562126
3 0.666951 34.8483 0.00210645
4 0.716663 34.8483 0.0011891
5 0.733645 34.8483 0.00109196
6 0.736886 34.8483 0.00110428
7 0.737459 34.8483 0.00111878
8 0.738066 34.8483 0.00113475
9 0.738156 34.8483 0.00114549
10 0.738341 34.8483 0.00115304
11 0.738369 34.8483 0.00115847
12 0.738442 34.8483 0.00116282
13 0.738454 34.8483 0.00116567
14 0.738494 34.8483 0.00116838
15 0.7385 34.8483 0.00116988
16 0.738525 34.8483 0.00117143
17 0.738529 34.8483 0.00117238
18 0.738544 34.8483 0.00117317
19 0.738547 34.8483 0.00117382
20 0.738555 34.8483 0.00117417
21 0.738557 34.8483 0.00117461
22 0.738562 34.8483 0.00117476
23 0.738564 34.8483 0.00117506
24 0.738567 34.8483 0.00117513
25 0.738568 34.8483 0.00117535
26 0.73857 34.8483 0.00117539
27 0.738571 34.8483 0.00117557
28 0.738572 34.8483 0.00117559
29 0.738573 34.8483 0.00117577
30 0.738574 34.8483 0.0011758
31 0.738575 34.8483 0.00117598
32 0.738576 34.8483 0.00117601
33 0.738576 34.8483 0.00117619
34 0.738577 34.8483 0.0011762
35 0.738578 34.8483 0.00117636
36 0.738579 34.8483 0.00117634
37 0.738579 34.8483 0.00117645
38 0.73858 34.8483 0.00117641
39 0.73858 34.8483 0.00117649
40 0.738581 34.8483 0.00117647
41 0.738581 34.8483 0.00117653
42 0.738582 34.8483 0.00117651
43 0.738582 34.8483 0.00117655
44 0.738582 34.8483 0.00117654
45 0.738582 34.8483 0.00117659
46 0.738583 34.8483 0.00117659
47 0.738583 34.8483 0.00117663
48 0.738583 34.8483 0.00117664
49 0.738584 34.8483 0.00117669
50 0.738584 34.8483 0.0011767
51 0.738584 34.8483 0.00117676
52 0.738584 34.8483 0.00117678
53 0.738585 34.8483 0.00117683
54 0.738585 34.8483 0.00117685
55 0.738585 34.8483 0.0011769
56 0.738585 34.8483 0.00117692
57 0.738586 34.8483 0.00117698
58 0.738586 34.8483 0.001177
59 0.738586 34.8483 0.00117706
60 0.738586 34.8483 0.00117708
61 0.738586 34.8483 0.00117713
62 0.738587 34.8483 0.00117716
63 0.738587 34.8483 0.00117721
64 0.738587 34.8483 0.00117722
65 0.738587 34.8483 0.00117726
66 0.738587 34.8483 0.00117728
67 0.738587 34.8483 0.00117731
68 0.738588 34.8483 0.00117731
69 0.738588 34.8483 0.00117734
70 0.738588 34.8483 0.00117733
71 0.738588 34.8483 0.00117735
72 0.738588 34.8483 0.00117734
73 0.738588 34.8483 0.00117736
74 0.738589 34.8483 0.00117736
75 0.738589 34.8483 0.00117738
76 0.738589 34.8483 0.00117738
77 0.738589 34.8483 0.00117742
78 0.738589 34.8483 0.00117742
79 0.738589 34.8483 0.00117747
80 0.738589 34.8483 0.00117746
81 0.738589 34.8483 0.00117751
82 0.738589 34.8483 0.00117752
83 0.738589 34.8483 0.00117756
84 0.738589 34.8483 0.00117757
85 0.738589 34.8483 0.00117761
86 0.738589 34.8483 0.00117762
87 0.738589 34.8483 0.00117767
88 0.738589 34.8483 0.00117767
89 0.738589 34.8483 0.00117772
90 0.738589 34.8483 0.00117774
91 0.738589 34.8483 0.00117779
92 0.738589 34.8483 0.0011778
93 0.738589 34.8483 0.00117785
94 0.738589 34.8483 0.00117786
95 0.738589 34.8483 0.00117792
96 0.738589 34.8483 0.00117794
97 0.738589 34.8483 0.001178
98 0.738589 34.8483 0.00117801
99 0.738589 34.8483 0.00117807
min energy  # max energy
-57.9643 34.8483
