Initial energy of the MPS: 0.0348032
# DMRG Sweep # Mid bond EE # Energy # Std #
0 0.00868138 -53.9857 13.5097
1 0.508381 -57.8087 0.00251174
2 0.508793 -57.8087 0.000179122
Initial energy of the MPS: -0.339596
# DMRG Sweep # Mid bond EE # Energy # Std #
0 0.00584411 33.1452 5.89704
1 0.83986 34.6194 0.021456
2 1.04007 34.6221 0.00480966
3 1.1632 34.6224 0.00137819
4 1.27625 34.6225 0.000882357
5 1.27732 34.6225 0.000692757
6 1.27793 34.6225 0.000666611
7 1.27803 34.6225 0.000662796
8 1.27809 34.6225 0.000664432
9 1.27812 34.6225 0.000665479
10 1.27813 34.6225 0.000668263
11 1.27814 34.6225 0.000669384
12 1.27815 34.6225 0.000671338
13 1.27816 34.6225 0.000672232
14 1.27816 34.6225 0.000673666
15 1.27816 34.6225 0.000674324
16 1.27816 34.6225 0.000675333
17 1.27816 34.6225 0.000675789
18 1.27817 34.6225 0.000676393
19 1.27817 34.6225 0.000676708
20 1.27817 34.6225 0.000677058
21 1.27817 34.6225 0.000677281
22 1.27817 34.6225 0.000677484
23 1.27817 34.6225 0.000677659
24 1.27817 34.6225 0.000677771
25 1.27817 34.6225 0.000677922
26 1.27817 34.6225 0.000678015
27 1.27817 34.6225 0.000678132
28 1.27817 34.6225 0.000678229
29 1.27817 34.6225 0.000678338
30 1.27817 34.6225 0.000678435
31 1.27817 34.6225 0.000678535
32 1.27817 34.6225 0.000678619
33 1.27817 34.6225 0.000678711
34 1.27817 34.6225 0.000678782
35 1.27817 34.6225 0.000678846
36 1.27817 34.6225 0.000678914
37 1.27817 34.6225 0.000678972
38 1.27817 34.6225 0.000679004
39 1.27817 34.6225 0.000679041
40 1.27817 34.6225 0.000679064
41 1.27817 34.6225 0.000679095
42 1.27817 34.6225 0.00067911
43 1.27817 34.6225 0.000679141
44 1.27817 34.6225 0.000679152
45 1.27817 34.6225 0.000679192
46 1.27817 34.6225 0.000679212
47 1.27817 34.6225 0.000679264
48 1.27817 34.6225 0.000679296
49 1.27817 34.6225 0.000679368
50 1.27817 34.6225 0.000679419
51 1.27817 34.6225 0.000679508
52 1.27817 34.6225 0.00067959
53 1.27817 34.6225 0.000679712
54 1.27817 34.6225 0.000679829
55 1.27817 34.6225 0.000679979
56 1.27817 34.6225 0.000680141
57 1.27817 34.6225 0.000680324
58 1.27817 34.6225 0.000680536
59 1.27817 34.6225 0.000680721
60 1.27817 34.6225 0.000680941
61 1.27817 34.6225 0.000681101
62 1.27817 34.6225 0.000681277
63 1.27817 34.6225 0.000681392
64 1.27817 34.6225 0.000681526
65 1.27817 34.6225 0.000681601
66 1.27817 34.6225 0.000681686
67 1.27817 34.6225 0.000681738
68 1.27817 34.6225 0.000681786
69 1.27817 34.6225 0.000681821
70 1.27817 34.6225 0.000681856
71 1.27817 34.6225 0.000681885
72 1.27817 34.6225 0.000681906
73 1.27817 34.6225 0.000681931
74 1.27817 34.6225 0.000681955
75 1.27817 34.6225 0.000681978
76 1.27817 34.6225 0.000681994
77 1.27817 34.6225 0.000682021
78 1.27817 34.6225 0.000682038
79 1.27817 34.6225 0.000682063
80 1.27817 34.6225 0.000682086
81 1.27817 34.6225 0.000682105
82 1.27817 34.6225 0.000682129
83 1.27817 34.6225 0.000682147
84 1.27817 34.6225 0.000682165
85 1.27817 34.6225 0.000682185
86 1.27817 34.6225 0.000682209
87 1.27817 34.6225 0.000682225
88 1.27817 34.6225 0.000682245
89 1.27817 34.6225 0.000682264
90 1.27817 34.6225 0.000682291
91 1.27817 34.6225 0.000682314
92 1.27817 34.6225 0.000682342
93 1.27817 34.6225 0.000682359
94 1.27817 34.6225 0.000682389
95 1.27817 34.6225 0.000682412
96 1.27817 34.6225 0.000682428
97 1.27817 34.6225 0.000682465
98 1.27817 34.6225 0.000682494
99 1.27817 34.6225 0.000682514
min energy  # max energy
-57.8087 34.6225
