Initial energy of the MPS: -0.184854
# DMRG Sweep # Mid bond EE # Energy # Std #
0 0.00995521 -54.2482 13.5752
1 0.72821 -58.1063 0.00217721
2 0.706302 -58.1063 0.000126293
Initial energy of the MPS: -0.337346
# DMRG Sweep # Mid bond EE # Energy # Std #
0 0.0084312 32.7383 5.8328
1 0.874069 34.5216 0.0231545
2 1.0612 34.5251 0.00543138
3 1.21814 34.5257 0.00255771
4 1.2292 34.5257 0.00140852
5 1.16788 34.5257 0.00121572
6 1.16891 34.5257 0.00121183
7 1.173 34.5257 0.00122356
8 1.17719 34.5257 0.00124487
9 1.18244 34.5257 0.00126515
10 1.18883 34.5257 0.0012874
11 1.19666 34.5257 0.00130887
12 1.20589 34.5257 0.00133293
13 1.21682 34.5257 0.00135584
14 1.2292 34.5257 0.0013812
15 1.24351 34.5257 0.00140492
16 1.25895 34.5257 0.00143011
17 1.27627 34.5257 0.00145319
18 1.29375 34.5257 0.00147666
19 1.31248 34.5257 0.00149738
20 1.3299 34.5257 0.0015175
21 1.34753 34.5257 0.00153434
22 1.36264 34.5257 0.00154994
23 1.37705 34.5257 0.00156238
24 1.38857 34.5257 0.00157348
25 1.39901 34.5257 0.00158197
26 1.40694 34.5257 0.00158937
27 1.41388 34.5257 0.00159488
28 1.41897 34.5257 0.00159961
29 1.42332 34.5257 0.0016031
30 1.42646 34.5257 0.00160606
31 1.42911 34.5257 0.00160825
32 1.431 34.5257 0.00161005
33 1.43259 34.5257 0.00161139
34 1.43373 34.5257 0.00161251
35 1.43468 34.5257 0.00161329
36 1.43536 34.5257 0.00161401
37 1.43593 34.5257 0.00161444
38 1.43635 34.5257 0.00161494
39 1.4367 34.5257 0.00161515
40 1.43695 34.5257 0.0016155
41 1.43717 34.5257 0.00161559
42 1.43733 34.5257 0.00161585
43 1.43746 34.5257 0.00161589
44 1.43756 34.5257 0.00161609
45 1.43765 34.5257 0.00161611
46 1.43772 34.5257 0.00161626
47 1.43777 34.5257 0.00161628
48 1.43782 34.5257 0.00161639
49 1.43786 34.5257 0.00161642
50 1.43788 34.5257 0.0016165
51 1.43791 34.5257 0.00161654
52 1.43793 34.5257 0.0016166
53 1.43795 34.5257 0.00161665
54 1.43796 34.5257 0.00161668
55 1.43798 34.5257 0.00161673
56 1.43799 34.5257 0.00161674
57 1.438 34.5257 0.00161678
58 1.438 34.5257 0.00161678
59 1.43801 34.5257 0.00161682
60 1.43802 34.5257 0.0016168
61 1.43802 34.5257 0.00161683
62 1.43803 34.5257 0.0016168
63 1.43803 34.5257 0.00161682
64 1.43803 34.5257 0.00161678
65 1.43804 34.5257 0.00161679
66 1.43804 34.5257 0.00161675
67 1.43804 34.5257 0.00161675
68 1.43804 34.5257 0.00161671
69 1.43805 34.5257 0.00161671
70 1.43805 34.5257 0.00161667
71 1.43805 34.5257 0.00161667
72 1.43805 34.5257 0.00161663
73 1.43805 34.5257 0.00161664
74 1.43805 34.5257 0.0016166
75 1.43805 34.5257 0.00161661
76 1.43806 34.5257 0.00161657
77 1.43806 34.5257 0.00161658
78 1.43806 34.5257 0.00161655
79 1.43806 34.5257 0.00161656
80 1.43806 34.5257 0.00161653
81 1.43806 34.5257 0.00161655
82 1.43806 34.5257 0.00161652
83 1.43806 34.5257 0.00161654
84 1.43806 34.5257 0.00161652
85 1.43806 34.5257 0.00161653
86 1.43806 34.5257 0.00161651
87 1.43806 34.5257 0.00161653
88 1.43807 34.5257 0.00161651
89 1.43807 34.5257 0.00161652
90 1.43807 34.5257 0.00161651
91 1.43807 34.5257 0.00161652
92 1.43807 34.5257 0.00161651
93 1.43807 34.5257 0.00161652
94 1.43807 34.5257 0.00161651
95 1.43807 34.5257 0.00161653
96 1.43807 34.5257 0.00161652
97 1.43807 34.5257 0.00161653
98 1.43807 34.5257 0.00161652
99 1.43807 34.5257 0.00161654
min energy  # max energy
-58.1063 34.5257
