Initial energy of the MPS: 0.0220994
# DMRG Sweep # Mid bond EE # Energy # Std #
0 0.0100834 -53.9394 13.499
1 0.475772 -57.7676 0.00495809
2 0.468278 -57.7676 0.000159532
Initial energy of the MPS: -0.228287
# DMRG Sweep # Mid bond EE # Energy # Std #
0 0.00676582 33.7568 5.99985
1 0.643292 35.2099 0.0220359
2 0.742648 35.2119 0.00228822
3 1.02215 35.2121 0.00204307
4 1.20525 35.2121 0.000994916
5 1.29729 35.2121 0.00070819
6 1.29883 35.2121 0.000676449
7 1.29933 35.2121 0.000672978
8 1.29942 35.2121 0.000678187
9 1.29951 35.2121 0.00068228
10 1.29955 35.2121 0.000686791
11 1.29958 35.2121 0.000690338
12 1.2996 35.2121 0.000693467
13 1.29962 35.2121 0.000695997
14 1.29963 35.2121 0.000697763
15 1.29964 35.2121 0.000699197
16 1.29965 35.2121 0.000700196
17 1.29966 35.2121 0.000701237
18 1.29967 35.2121 0.000702047
19 1.29967 35.2121 0.000702835
20 1.29967 35.2121 0.000703411
21 1.29967 35.2121 0.000703954
22 1.29968 35.2121 0.000704398
23 1.29968 35.2121 0.000704869
24 1.29968 35.2121 0.000705299
25 1.29968 35.2121 0.000705725
26 1.29968 35.2121 0.00070607
27 1.29968 35.2121 0.00070641
28 1.29969 35.2121 0.000706669
29 1.29969 35.2121 0.000706949
30 1.29969 35.2121 0.000707171
31 1.29969 35.2121 0.000707401
32 1.29969 35.2121 0.000707589
33 1.29969 35.2121 0.000707781
34 1.29969 35.2121 0.000707942
35 1.29969 35.2121 0.000708127
36 1.29969 35.2121 0.000708276
37 1.29969 35.2121 0.000708443
38 1.29969 35.2121 0.000708579
39 1.29969 35.2121 0.000708729
40 1.29969 35.2121 0.000708852
41 1.29969 35.2121 0.000708975
42 1.29969 35.2121 0.000709072
43 1.29969 35.2121 0.000709182
44 1.29969 35.2121 0.00070924
45 1.29969 35.2121 0.000709325
46 1.29969 35.2121 0.000709372
47 1.29969 35.2121 0.000709432
48 1.29969 35.2121 0.000709468
49 1.29969 35.2121 0.000709521
50 1.29969 35.2121 0.000709553
51 1.29969 35.2121 0.000709613
52 1.29969 35.2121 0.000709648
53 1.29969 35.2121 0.000709717
54 1.29969 35.2121 0.00070977
55 1.29969 35.2121 0.000709833
56 1.29969 35.2121 0.000709885
57 1.29969 35.2121 0.000709963
58 1.29969 35.2121 0.000710031
59 1.29969 35.2121 0.000710104
60 1.29969 35.2121 0.000710169
61 1.29969 35.2121 0.000710237
62 1.29969 35.2121 0.000710314
63 1.29969 35.2121 0.000710388
64 1.29969 35.2121 0.000710443
65 1.29969 35.2121 0.000710522
66 1.29969 35.2121 0.000710584
67 1.29969 35.2121 0.000710656
68 1.29969 35.2121 0.000710711
69 1.29969 35.2121 0.000710776
70 1.29969 35.2121 0.000710823
71 1.29969 35.2121 0.000710893
72 1.29969 35.2121 0.000710923
73 1.29969 35.2121 0.000710993
74 1.29969 35.2121 0.000711027
75 1.29969 35.2121 0.000711077
76 1.29969 35.2121 0.000711107
77 1.29969 35.2121 0.000711156
78 1.29969 35.2121 0.000711182
79 1.29969 35.2121 0.00071123
80 1.29969 35.2121 0.000711246
81 1.29969 35.2121 0.000711301
82 1.29969 35.2121 0.000711308
83 1.29969 35.2121 0.000711354
84 1.29969 35.2121 0.000711358
85 1.29969 35.2121 0.000711403
86 1.29969 35.2121 0.000711407
87 1.29969 35.2121 0.000711455
88 1.29969 35.2121 0.000711453
89 1.29969 35.2121 0.0007115
90 1.29969 35.2121 0.000711492
91 1.29969 35.2121 0.000711532
92 1.29969 35.2121 0.000711539
93 1.29969 35.2121 0.00071157
94 1.29969 35.2121 0.00071157
95 1.29969 35.2121 0.000711607
96 1.29969 35.2121 0.000711599
97 1.29969 35.2121 0.000711638
98 1.29969 35.2121 0.000711636
99 1.29969 35.2121 0.000711666
min energy  # max energy
-57.7676 35.2121
