Initial energy of the MPS: -0.188818
# DMRG Sweep # Mid bond EE # Energy # Std #
0 0.00988416 -54.2434 13.5729
1 0.738409 -58.0568 0.00235677
2 0.739359 -58.0568 0.000218914
Initial energy of the MPS: -0.394497
# DMRG Sweep # Mid bond EE # Energy # Std #
0 0.00468872 33.7991 6.00661
1 0.176864 35.1966 0.0171796
2 0.274687 35.1988 0.00433011
3 0.49748 35.199 0.000933518
4 0.527216 35.199 0.000734981
5 0.70551 35.199 0.000775604
6 0.819043 35.199 0.000602883
7 0.824109 35.199 0.000582252
8 0.824376 35.199 0.000578061
9 0.824423 35.199 0.000577524
10 0.82445 35.199 0.000578519
11 0.824461 35.199 0.000579241
12 0.824472 35.199 0.000580124
13 0.824476 35.199 0.00058047
14 0.82448 35.199 0.000580881
15 0.824482 35.199 0.000580842
16 0.824485 35.199 0.000580924
17 0.824486 35.199 0.00058065
18 0.824487 35.199 0.000580555
19 0.824487 35.199 0.000580188
20 0.824488 35.199 0.00058007
21 0.824488 35.199 0.0005798
22 0.824489 35.199 0.000579746
23 0.824489 35.199 0.00057962
24 0.82449 35.199 0.00057966
25 0.82449 35.199 0.000579644
26 0.82449 35.199 0.000579705
27 0.82449 35.199 0.000579723
28 0.824491 35.199 0.000579787
29 0.824491 35.199 0.000579798
30 0.824491 35.199 0.00057982
31 0.824491 35.199 0.000579825
32 0.824491 35.199 0.000579838
33 0.824491 35.199 0.000579845
34 0.824492 35.199 0.000579861
35 0.824492 35.199 0.000579856
36 0.824492 35.199 0.000579866
37 0.824492 35.199 0.000579874
38 0.824492 35.199 0.000579886
39 0.824492 35.199 0.000579897
40 0.824492 35.199 0.000579901
41 0.824492 35.199 0.000579912
42 0.824492 35.199 0.000579928
43 0.824492 35.199 0.000579944
44 0.824492 35.199 0.000579948
45 0.824492 35.199 0.000579968
46 0.824492 35.199 0.000579982
47 0.824492 35.199 0.000579997
48 0.824492 35.199 0.000580011
49 0.824492 35.199 0.000580035
50 0.824492 35.199 0.000580029
51 0.824492 35.199 0.000580048
52 0.824492 35.199 0.000580051
53 0.824492 35.199 0.000580061
54 0.824492 35.199 0.000580067
55 0.824493 35.199 0.000580083
56 0.824493 35.199 0.000580075
57 0.824493 35.199 0.000580102
58 0.824493 35.199 0.000580095
59 0.824493 35.199 0.00058011
60 0.824493 35.199 0.000580109
61 0.824493 35.199 0.000580128
62 0.824493 35.199 0.00058012
63 0.824493 35.199 0.000580136
64 0.824493 35.199 0.000580125
65 0.824493 35.199 0.000580146
66 0.824493 35.199 0.000580136
67 0.824493 35.199 0.000580151
68 0.824493 35.199 0.000580154
69 0.824493 35.199 0.000580162
70 0.824493 35.199 0.000580169
71 0.824493 35.199 0.000580177
72 0.824493 35.199 0.000580177
73 0.824493 35.199 0.00058019
74 0.824493 35.199 0.000580184
75 0.824493 35.199 0.000580207
76 0.824493 35.199 0.000580195
77 0.824493 35.199 0.00058022
78 0.824493 35.199 0.00058022
79 0.824493 35.199 0.000580254
80 0.824493 35.199 0.000580235
81 0.824493 35.199 0.000580261
82 0.824493 35.199 0.00058026
83 0.824493 35.199 0.000580281
84 0.824493 35.199 0.000580288
85 0.824493 35.199 0.000580305
86 0.824493 35.199 0.000580308
87 0.824493 35.199 0.000580325
88 0.824493 35.199 0.000580338
89 0.824493 35.199 0.000580361
90 0.824494 35.199 0.000580356
91 0.824494 35.199 0.000580382
92 0.824494 35.199 0.000580382
93 0.824494 35.199 0.0005804
94 0.824494 35.199 0.000580416
95 0.824494 35.199 0.000580434
96 0.824494 35.199 0.00058044
97 0.824494 35.199 0.000580464
98 0.824494 35.199 0.000580469
99 0.824494 35.199 0.000580488
min energy  # max energy
-58.0568 35.199
