Initial energy of the MPS: -0.0302932
# DMRG Sweep # Mid bond EE # Energy # Std #
0 0.00922591 -53.7354 13.4471
1 0.775122 -57.5611 0.00957906
2 0.891924 -57.5616 0.0010752
3 0.894168 -57.5616 0.000821787
4 0.894239 -57.5616 0.000794835
5 0.894253 -57.5616 0.000779472
6 0.894256 -57.5616 0.000769343
7 0.894258 -57.5616 0.000762139
8 0.894259 -57.5616 0.000756359
9 0.894259 -57.5616 0.000752677
10 0.89426 -57.5616 0.000749644
11 0.89426 -57.5616 0.000747682
12 0.89426 -57.5616 0.000746364
13 0.89426 -57.5616 0.000745538
14 0.89426 -57.5616 0.000744823
15 0.89426 -57.5616 0.000744252
16 0.89426 -57.5616 0.0007437
17 0.89426 -57.5616 0.000743304
18 0.89426 -57.5616 0.000742917
19 0.89426 -57.5616 0.000742666
20 0.89426 -57.5616 0.000742391
21 0.89426 -57.5616 0.000742184
22 0.89426 -57.5616 0.000741979
23 0.89426 -57.5616 0.000741818
24 0.89426 -57.5616 0.000741654
25 0.89426 -57.5616 0.000741531
26 0.89426 -57.5616 0.000741416
27 0.89426 -57.5616 0.000741331
28 0.89426 -57.5616 0.00074123
29 0.89426 -57.5616 0.000741155
30 0.89426 -57.5616 0.000741085
31 0.89426 -57.5616 0.000741027
32 0.89426 -57.5616 0.000740939
33 0.89426 -57.5616 0.000740881
34 0.89426 -57.5616 0.000740766
35 0.89426 -57.5616 0.000740748
36 0.89426 -57.5616 0.000740669
37 0.89426 -57.5616 0.000740633
38 0.89426 -57.5616 0.000740566
39 0.89426 -57.5616 0.000740521
40 0.89426 -57.5616 0.000740465
41 0.89426 -57.5616 0.00074044
42 0.89426 -57.5616 0.000740394
43 0.89426 -57.5616 0.000740366
44 0.89426 -57.5616 0.000740307
45 0.89426 -57.5616 0.000740319
46 0.89426 -57.5616 0.000740303
47 0.89426 -57.5616 0.000740295
48 0.89426 -57.5616 0.000740245
49 0.89426 -57.5616 0.000740248
50 0.89426 -57.5616 0.000740223
51 0.89426 -57.5616 0.00074023
52 0.89426 -57.5616 0.000740215
53 0.89426 -57.5616 0.000740218
54 0.89426 -57.5616 0.000740169
55 0.89426 -57.5616 0.000740223
56 0.89426 -57.5616 0.00074017
57 0.89426 -57.5616 0.000740193
58 0.89426 -57.5616 0.000740151
59 0.89426 -57.5616 0.000740152
60 0.89426 -57.5616 0.000740157
61 0.89426 -57.5616 0.000740159
62 0.89426 -57.5616 0.000740147
63 0.89426 -57.5616 0.000740168
64 0.89426 -57.5616 0.000740134
65 0.89426 -57.5616 0.000740149
66 0.89426 -57.5616 0.000740142
67 0.89426 -57.5616 0.000740147
68 0.89426 -57.5616 0.000740137
69 0.89426 -57.5616 0.000740153
70 0.89426 -57.5616 0.000740131
71 0.89426 -57.5616 0.000740136
72 0.89426 -57.5616 0.000740151
73 0.89426 -57.5616 0.000740163
74 0.89426 -57.5616 0.000740148
75 0.89426 -57.5616 0.000740151
76 0.89426 -57.5616 0.000740174
77 0.89426 -57.5616 0.000740157
78 0.89426 -57.5616 0.000740167
79 0.89426 -57.5616 0.000740172
80 0.89426 -57.5616 0.00074016
81 0.89426 -57.5616 0.000740163
82 0.89426 -57.5616 0.000740167
83 0.89426 -57.5616 0.000740192
84 0.89426 -57.5616 0.000740182
85 0.89426 -57.5616 0.00074019
86 0.89426 -57.5616 0.00074019
87 0.89426 -57.5616 0.000740196
88 0.89426 -57.5616 0.000740201
89 0.89426 -57.5616 0.000740206
90 0.89426 -57.5616 0.000740205
91 0.89426 -57.5616 0.000740205
92 0.89426 -57.5616 0.000740214
93 0.89426 -57.5616 0.000740213
94 0.89426 -57.5616 0.000740209
95 0.89426 -57.5616 0.000740225
96 0.89426 -57.5616 0.000740225
97 0.89426 -57.5616 0.000740234
98 0.89426 -57.5616 0.000740232
99 0.89426 -57.5616 0.000740223
Initial energy of the MPS: -0.286349
# DMRG Sweep # Mid bond EE # Energy # Std #
0 0.00696569 32.925 5.86097
1 0.808349 34.503 0.0167552
2 1.15639 34.5052 0.00359803
3 1.28659 34.5053 0.000722414
4 1.30903 34.5053 0.000466104
5 1.3108 34.5053 0.000458597
6 1.3113 34.5053 0.000475867
7 1.31204 34.5053 0.000494203
8 1.3123 34.5053 0.000501478
9 1.31265 34.5053 0.000508619
10 1.31272 34.5053 0.000511724
11 1.31285 34.5053 0.000515311
12 1.31288 34.5053 0.000517907
13 1.31294 34.5053 0.000520517
14 1.31296 34.5053 0.000522969
15 1.31299 34.5053 0.000524549
16 1.31301 34.5053 0.000526618
17 1.31303 34.5053 0.000527534
18 1.31303 34.5053 0.000528935
19 1.31305 34.5053 0.00052957
20 1.31305 34.5053 0.000530513
21 1.31306 34.5053 0.000530944
22 1.31306 34.5053 0.000531606
23 1.31306 34.5053 0.000531845
24 1.31307 34.5053 0.000532311
25 1.31307 34.5053 0.000532465
26 1.31307 34.5053 0.000532815
27 1.31307 34.5053 0.000532945
28 1.31307 34.5053 0.000533231
29 1.31308 34.5053 0.000533356
30 1.31308 34.5053 0.000533577
31 1.31308 34.5053 0.000533697
32 1.31308 34.5053 0.000533863
33 1.31308 34.5053 0.000533962
34 1.31308 34.5053 0.000534087
35 1.31308 34.5053 0.000534174
36 1.31308 34.5053 0.00053427
37 1.31308 34.5053 0.000534338
38 1.31308 34.5053 0.000534412
39 1.31308 34.5053 0.000534483
40 1.31308 34.5053 0.000534548
41 1.31308 34.5053 0.000534617
42 1.31308 34.5053 0.000534675
43 1.31308 34.5053 0.000534741
44 1.31308 34.5053 0.000534789
45 1.31308 34.5053 0.000534844
46 1.31308 34.5053 0.000534892
47 1.31309 34.5053 0.000534949
48 1.31309 34.5053 0.00053499
49 1.31309 34.5053 0.000535041
50 1.31309 34.5053 0.00053506
51 1.31309 34.5053 0.000535103
52 1.31309 34.5053 0.000535143
53 1.31309 34.5053 0.00053518
54 1.31309 34.5053 0.000535208
55 1.31309 34.5053 0.000535229
56 1.31309 34.5053 0.000535256
57 1.31309 34.5053 0.000535288
58 1.31309 34.5053 0.000535288
59 1.31309 34.5053 0.000535306
60 1.31309 34.5053 0.000535308
61 1.31309 34.5053 0.000535318
62 1.31309 34.5053 0.000535303
63 1.31309 34.5053 0.000535259
64 1.31309 34.5053 0.000535214
65 1.31309 34.5053 0.000535185
66 1.31309 34.5053 0.000535159
67 1.31309 34.5053 0.000535153
68 1.31309 34.5053 0.00053515
69 1.31309 34.5053 0.000535148
70 1.31309 34.5053 0.000535156
71 1.31309 34.5053 0.000535169
72 1.31309 34.5053 0.000535161
73 1.31309 34.5053 0.000535174
74 1.31309 34.5053 0.000535174
75 1.31309 34.5053 0.000535186
76 1.31309 34.5053 0.000535188
77 1.31309 34.5053 0.000535193
78 1.31309 34.5053 0.0005352
79 1.31309 34.5053 0.000535208
80 1.31309 34.5053 0.000535202
81 1.31309 34.5053 0.000535221
82 1.31309 34.5053 0.000535212
83 1.31309 34.5053 0.00053523
84 1.31309 34.5053 0.000535229
85 1.31309 34.5053 0.000535242
86 1.31309 34.5053 0.000535243
87 1.31309 34.5053 0.000535248
88 1.31309 34.5053 0.000535242
89 1.31309 34.5053 0.000535258
90 1.31309 34.5053 0.000535253
91 1.31309 34.5053 0.000535275
92 1.31309 34.5053 0.00053527
93 1.31309 34.5053 0.000535292
94 1.31309 34.5053 0.000535286
95 1.31309 34.5053 0.000535299
96 1.31309 34.5053 0.000535301
97 1.31309 34.5053 0.000535314
98 1.31309 34.5053 0.000535316
99 1.31309 34.5053 0.000535321
min energy  # max energy
-57.5616 34.5053
