Initial energy of the MPS: 0.0330017
# DMRG Sweep # Mid bond EE # Energy # Std #
0 0.010034 -53.6523 13.4263
1 0.76424 -57.4829 0.0110062
2 0.83013 -57.4832 0.000747879
3 0.847141 -57.4832 0.000497872
Initial energy of the MPS: -0.272757
# DMRG Sweep # Mid bond EE # Energy # Std #
0 0.00904716 33.1165 5.88539
1 0.569922 34.4346 0.0245363
2 0.818994 34.4379 0.00650136
3 0.846677 34.4384 0.00203731
4 0.900644 34.4384 0.000991257
5 0.912197 34.4384 0.000880212
6 0.913851 34.4384 0.00087274
7 0.914954 34.4384 0.000870946
8 0.915078 34.4384 0.000875298
9 0.915329 34.4384 0.0008792
10 0.91536 34.4384 0.000883383
11 0.915448 34.4384 0.000885688
12 0.91546 34.4384 0.000887863
13 0.915501 34.4384 0.00088879
14 0.915507 34.4384 0.000889816
15 0.915528 34.4384 0.000890309
16 0.915532 34.4384 0.000890928
17 0.915543 34.4384 0.000891244
18 0.915545 34.4384 0.000891731
19 0.915554 34.4384 0.000891845
20 0.915555 34.4384 0.000892332
21 0.915565 34.4384 0.000892304
22 0.915566 34.4384 0.000892917
23 0.915576 34.4384 0.000892989
24 0.915577 34.4384 0.000893637
25 0.915585 34.4384 0.000893866
26 0.915586 34.4384 0.000894381
27 0.915592 34.4384 0.000894659
28 0.915592 34.4384 0.000895007
29 0.915597 34.4384 0.000895245
30 0.915597 34.4384 0.000895468
31 0.9156 34.4384 0.000895659
32 0.915601 34.4384 0.000895798
33 0.915603 34.4384 0.000895943
34 0.915604 34.4384 0.000896048
35 0.915606 34.4384 0.000896152
36 0.915606 34.4384 0.00089623
37 0.915607 34.4384 0.000896305
38 0.915608 34.4384 0.000896366
39 0.915609 34.4384 0.000896422
40 0.915609 34.4384 0.000896464
41 0.91561 34.4384 0.000896515
42 0.91561 34.4384 0.000896551
43 0.915611 34.4384 0.000896604
44 0.915611 34.4384 0.00089664
45 0.915611 34.4384 0.000896687
46 0.915611 34.4384 0.000896724
47 0.915612 34.4384 0.00089678
48 0.915612 34.4384 0.000896813
49 0.915612 34.4384 0.000896865
50 0.915612 34.4384 0.000896892
51 0.915612 34.4384 0.000896942
52 0.915612 34.4384 0.000896959
53 0.915612 34.4384 0.000897009
54 0.915613 34.4384 0.000897022
55 0.915613 34.4384 0.000897064
56 0.915613 34.4384 0.000897082
57 0.915613 34.4384 0.000897111
58 0.915613 34.4384 0.00089713
59 0.915613 34.4384 0.000897149
60 0.915613 34.4384 0.000897161
61 0.915613 34.4384 0.000897185
62 0.915613 34.4384 0.000897193
63 0.915613 34.4384 0.000897211
64 0.915613 34.4384 0.000897219
65 0.915613 34.4384 0.000897232
66 0.915613 34.4384 0.000897238
67 0.915613 34.4384 0.000897246
68 0.915613 34.4384 0.000897246
69 0.915613 34.4384 0.000897249
70 0.915613 34.4384 0.00089725
71 0.915613 34.4384 0.000897261
72 0.915613 34.4384 0.000897251
73 0.915613 34.4384 0.000897251
74 0.915613 34.4384 0.000897247
75 0.915613 34.4384 0.00089725
76 0.915613 34.4384 0.000897243
77 0.915613 34.4384 0.000897249
78 0.915613 34.4384 0.000897236
79 0.915613 34.4384 0.000897236
80 0.915613 34.4384 0.00089723
81 0.915613 34.4384 0.000897226
82 0.915614 34.4384 0.000897213
83 0.915614 34.4384 0.000897214
84 0.915614 34.4384 0.000897197
85 0.915614 34.4384 0.000897203
86 0.915614 34.4384 0.000897187
87 0.915614 34.4384 0.000897184
88 0.915614 34.4384 0.00089716
89 0.915614 34.4384 0.00089716
90 0.915614 34.4384 0.000897153
91 0.915614 34.4384 0.000897141
92 0.915614 34.4384 0.000897128
93 0.915614 34.4384 0.000897128
94 0.915614 34.4384 0.00089711
95 0.915614 34.4384 0.000897104
96 0.915614 34.4384 0.000897089
97 0.915614 34.4384 0.000897085
98 0.915614 34.4384 0.000897073
99 0.915614 34.4384 0.000897062
min energy  # max energy
-57.4832 34.4384
