Initial energy of the MPS: -0.221652
# DMRG Sweep # Mid bond EE # Energy # Std #
0 0.00837381 -53.9007 13.4871
1 0.675889 -57.6968 0.00196177
2 0.688332 -57.6968 0.000272687
Initial energy of the MPS: -0.341571
# DMRG Sweep # Mid bond EE # Energy # Std #
0 0.00580238 33.3747 5.94447
1 0.429732 34.9556 0.0201329
2 0.206039 34.9588 0.00458345
3 0.40383 34.959 0.00185183
4 0.407563 34.9591 0.000973638
5 0.446564 34.9591 0.000783043
6 0.448353 34.9591 0.000759637
7 0.449073 34.9591 0.000761257
8 0.449345 34.9591 0.00076583
9 0.449468 34.9591 0.00077209
10 0.449588 34.9591 0.000777268
11 0.449629 34.9591 0.000782031
12 0.449693 34.9591 0.000786315
13 0.449712 34.9591 0.00078995
14 0.449748 34.9591 0.00079301
15 0.449758 34.9591 0.000795713
16 0.449782 34.9591 0.000797918
17 0.449788 34.9591 0.000799942
18 0.449805 34.9591 0.000801482
19 0.449809 34.9591 0.000802943
20 0.449821 34.9591 0.000803848
21 0.449825 34.9591 0.000804879
22 0.449834 34.9591 0.000805308
23 0.449837 34.9591 0.000806095
24 0.449844 34.9591 0.000806301
25 0.449846 34.9591 0.000806918
26 0.449852 34.9591 0.000807088
27 0.449853 34.9591 0.000807564
28 0.449857 34.9591 0.000807728
29 0.449858 34.9591 0.00080809
30 0.44986 34.9591 0.000808267
31 0.449861 34.9591 0.00080856
32 0.449863 34.9591 0.000808756
33 0.449864 34.9591 0.000809014
34 0.449865 34.9591 0.000809213
35 0.449866 34.9591 0.000809452
36 0.449867 34.9591 0.000809633
37 0.449867 34.9591 0.000809856
38 0.449868 34.9591 0.000810014
39 0.449869 34.9591 0.000810202
40 0.449869 34.9591 0.000810338
41 0.44987 34.9591 0.00081049
42 0.44987 34.9591 0.000810602
43 0.449871 34.9591 0.000810727
44 0.449871 34.9591 0.000810823
45 0.449872 34.9591 0.000810925
46 0.449872 34.9591 0.000811008
47 0.449872 34.9591 0.000811101
48 0.449872 34.9591 0.00081118
49 0.449873 34.9591 0.000811265
50 0.449873 34.9591 0.000811325
51 0.449873 34.9591 0.00081141
52 0.449873 34.9591 0.000811467
53 0.449874 34.9591 0.000811553
54 0.449874 34.9591 0.000811603
55 0.449874 34.9591 0.000811681
56 0.449874 34.9591 0.000811738
57 0.449875 34.9591 0.000811806
58 0.449875 34.9591 0.000811861
59 0.449875 34.9591 0.000811938
60 0.449875 34.9591 0.000811997
61 0.449875 34.9591 0.000812064
62 0.449875 34.9591 0.00081212
63 0.449876 34.9591 0.000812192
64 0.449876 34.9591 0.000812244
65 0.449876 34.9591 0.000812325
66 0.449876 34.9591 0.000812377
67 0.449876 34.9591 0.000812454
68 0.449876 34.9591 0.000812498
69 0.449876 34.9591 0.00081258
70 0.449876 34.9591 0.000812628
71 0.449876 34.9591 0.000812706
72 0.449876 34.9591 0.00081276
73 0.449876 34.9591 0.00081282
74 0.449876 34.9591 0.000812868
75 0.449877 34.9591 0.000812929
76 0.449877 34.9591 0.000812968
77 0.449877 34.9591 0.000813026
78 0.449877 34.9591 0.000813052
79 0.449877 34.9591 0.000813106
80 0.449877 34.9591 0.000813136
81 0.449877 34.9591 0.000813172
82 0.449877 34.9591 0.0008132
83 0.449877 34.9591 0.00081323
84 0.449877 34.9591 0.000813256
85 0.449877 34.9591 0.00081328
86 0.449877 34.9591 0.000813301
87 0.449877 34.9591 0.00081332
88 0.449877 34.9591 0.00081334
89 0.449878 34.9591 0.000813352
90 0.449878 34.9591 0.000813369
91 0.449878 34.9591 0.000813378
92 0.449878 34.9591 0.000813394
93 0.449878 34.9591 0.000813403
94 0.449878 34.9591 0.000813417
95 0.449878 34.9591 0.000813419
96 0.449878 34.9591 0.000813425
97 0.449878 34.9591 0.000813432
98 0.449878 34.9591 0.000813435
99 0.449878 34.9591 0.000813445
min energy  # max energy
-57.6968 34.9591
