Initial energy of the MPS: 0.0651679
# DMRG Sweep # Mid bond EE # Energy # Std #
0 0.00944407 -54.4697 13.6323
1 0.723048 -58.3676 0.0106533
2 0.724209 -58.3678 0.000645973
3 0.728143 -58.3678 9.19665e-05
Initial energy of the MPS: -0.34021
# DMRG Sweep # Mid bond EE # Energy # Std #
0 0.00796446 32.4051 5.7727
1 0.469343 34.1072 0.0226896
2 0.802799 34.1105 0.00586365
3 0.976788 34.1111 0.00289822
4 1.08992 34.1112 0.00161921
5 1.10052 34.1112 0.00138394
6 1.1129 34.1112 0.00135337
7 1.11409 34.1112 0.00135678
8 1.11508 34.1112 0.00136848
9 1.1153 34.1112 0.00137739
10 1.11556 34.1112 0.00138517
11 1.11564 34.1112 0.00138928
12 1.11574 34.1112 0.00139366
13 1.11577 34.1112 0.00139594
14 1.11581 34.1112 0.00139878
15 1.11583 34.1112 0.00140023
16 1.11585 34.1112 0.00140195
17 1.11586 34.1112 0.00140277
18 1.11587 34.1112 0.00140377
19 1.11588 34.1112 0.00140417
20 1.11589 34.1112 0.00140479
21 1.11589 34.1112 0.00140502
22 1.1159 34.1112 0.00140547
23 1.1159 34.1112 0.00140568
24 1.1159 34.1112 0.00140603
25 1.11591 34.1112 0.00140624
26 1.11591 34.1112 0.00140649
27 1.11591 34.1112 0.00140669
28 1.11591 34.1112 0.00140686
29 1.11592 34.1112 0.00140703
30 1.11592 34.1112 0.00140716
31 1.11592 34.1112 0.00140733
32 1.11592 34.1112 0.00140743
33 1.11592 34.1112 0.00140761
34 1.11592 34.1112 0.0014077
35 1.11592 34.1112 0.00140789
36 1.11592 34.1112 0.00140798
37 1.11593 34.1112 0.00140818
38 1.11593 34.1112 0.00140826
39 1.11593 34.1112 0.00140848
40 1.11593 34.1112 0.00140855
41 1.11593 34.1112 0.00140876
42 1.11593 34.1112 0.00140882
43 1.11593 34.1112 0.00140902
44 1.11593 34.1112 0.00140906
45 1.11593 34.1112 0.00140924
46 1.11593 34.1112 0.00140926
47 1.11593 34.1112 0.00140942
48 1.11593 34.1112 0.00140944
49 1.11594 34.1112 0.00140957
50 1.11594 34.1112 0.00140957
51 1.11594 34.1112 0.00140969
52 1.11594 34.1112 0.00140968
53 1.11594 34.1112 0.00140978
54 1.11594 34.1112 0.00140976
55 1.11594 34.1112 0.00140985
56 1.11594 34.1112 0.00140982
57 1.11594 34.1112 0.00140989
58 1.11594 34.1112 0.00140987
59 1.11594 34.1112 0.00140992
60 1.11594 34.1112 0.00140989
61 1.11594 34.1112 0.00140994
62 1.11594 34.1112 0.00140991
63 1.11594 34.1112 0.00140994
64 1.11594 34.1112 0.00140992
65 1.11594 34.1112 0.00140994
66 1.11594 34.1112 0.00140992
67 1.11594 34.1112 0.00140994
68 1.11594 34.1112 0.00140992
69 1.11594 34.1112 0.00140993
70 1.11594 34.1112 0.00140992
71 1.11594 34.1112 0.00140992
72 1.11594 34.1112 0.00140991
73 1.11594 34.1112 0.00140991
74 1.11594 34.1112 0.0014099
75 1.11594 34.1112 0.0014099
76 1.11594 34.1112 0.00140989
77 1.11594 34.1112 0.00140988
78 1.11594 34.1112 0.00140987
79 1.11594 34.1112 0.00140986
80 1.11594 34.1112 0.00140985
81 1.11594 34.1112 0.00140984
82 1.11594 34.1112 0.00140983
83 1.11594 34.1112 0.00140982
84 1.11594 34.1112 0.00140981
85 1.11594 34.1112 0.0014098
86 1.11595 34.1112 0.0014098
87 1.11595 34.1112 0.00140979
88 1.11595 34.1112 0.00140979
89 1.11595 34.1112 0.00140978
90 1.11595 34.1112 0.00140978
91 1.11595 34.1112 0.00140978
92 1.11595 34.1112 0.00140978
93 1.11595 34.1112 0.00140979
94 1.11595 34.1112 0.00140979
95 1.11595 34.1112 0.00140979
96 1.11595 34.1112 0.0014098
97 1.11595 34.1112 0.00140981
98 1.11595 34.1112 0.00140981
99 1.11595 34.1112 0.00140982
min energy  # max energy
-58.3678 34.1112
