Initial energy of the MPS: -0.0379648
# DMRG Sweep # Mid bond EE # Energy # Std #
0 0.008904 -54.0395 13.5221
1 0.644192 -57.8557 0.0212477
2 0.514288 -57.8563 0.00229575
3 0.518832 -57.8564 0.000386731
Initial energy of the MPS: -0.357061
# DMRG Sweep # Mid bond EE # Energy # Std #
0 0.00872946 33.3177 5.93261
1 0.746722 34.8439 0.019793
2 0.911859 34.8467 0.0046757
3 0.854962 34.847 0.0017122
4 0.97035 34.847 0.00105408
5 1.06693 34.847 0.000832213
6 1.06826 34.847 0.000793224
7 1.06925 34.847 0.000789392
8 1.0693 34.847 0.000792407
9 1.06956 34.847 0.000796844
10 1.06957 34.847 0.000800931
11 1.06967 34.847 0.000805381
12 1.06968 34.847 0.000807839
13 1.06973 34.847 0.00081064
14 1.06973 34.847 0.000811903
15 1.06975 34.847 0.000813743
16 1.06975 34.847 0.000814651
17 1.06976 34.847 0.000815938
18 1.06977 34.847 0.000816579
19 1.06977 34.847 0.000817557
20 1.06977 34.847 0.000817962
21 1.06978 34.847 0.00081872
22 1.06978 34.847 0.000818878
23 1.06979 34.847 0.000819493
24 1.06979 34.847 0.000819414
25 1.06979 34.847 0.000819959
26 1.06979 34.847 0.000819815
27 1.0698 34.847 0.000820316
28 1.0698 34.847 0.0008203
29 1.0698 34.847 0.000820756
30 1.0698 34.847 0.000820859
31 1.0698 34.847 0.000821226
32 1.0698 34.847 0.000821375
33 1.0698 34.847 0.000821663
34 1.0698 34.847 0.000821809
35 1.06981 34.847 0.000822045
36 1.06981 34.847 0.000822174
37 1.06981 34.847 0.000822374
38 1.06981 34.847 0.000822484
39 1.06981 34.847 0.000822647
40 1.06981 34.847 0.00082274
41 1.06981 34.847 0.000822876
42 1.06981 34.847 0.000822951
43 1.06981 34.847 0.000823071
44 1.06981 34.847 0.000823142
45 1.06981 34.847 0.000823242
46 1.06981 34.847 0.000823302
47 1.06981 34.847 0.000823389
48 1.06981 34.847 0.000823442
49 1.06981 34.847 0.000823522
50 1.06981 34.847 0.000823564
51 1.06981 34.847 0.000823637
52 1.06981 34.847 0.000823676
53 1.06981 34.847 0.000823744
54 1.06981 34.847 0.000823786
55 1.06981 34.847 0.00082385
56 1.06981 34.847 0.000823886
57 1.06981 34.847 0.000823952
58 1.06981 34.847 0.000823988
59 1.06981 34.847 0.000824048
60 1.06981 34.847 0.000824088
61 1.06981 34.847 0.000824154
62 1.06981 34.847 0.000824185
63 1.06981 34.847 0.000824264
64 1.06981 34.847 0.0008243
65 1.06981 34.847 0.000824373
66 1.06981 34.847 0.000824411
67 1.06981 34.847 0.000824489
68 1.06981 34.847 0.000824525
69 1.06981 34.847 0.000824606
70 1.06981 34.847 0.000824653
71 1.06981 34.847 0.000824733
72 1.06981 34.847 0.000824774
73 1.06981 34.847 0.000824866
74 1.06981 34.847 0.000824904
75 1.06981 34.847 0.000825002
76 1.06981 34.847 0.000825035
77 1.06981 34.847 0.000825148
78 1.06981 34.847 0.000825179
79 1.06981 34.847 0.000825303
80 1.06981 34.847 0.000825339
81 1.06981 34.847 0.000825464
82 1.06981 34.847 0.000825508
83 1.06981 34.847 0.000825649
84 1.06981 34.847 0.000825688
85 1.06981 34.847 0.000825862
86 1.06981 34.847 0.000825904
87 1.06981 34.847 0.00082609
88 1.06981 34.847 0.000826137
89 1.06982 34.847 0.000826326
90 1.06982 34.847 0.000826369
91 1.06982 34.847 0.000826547
92 1.06982 34.847 0.000826591
93 1.06982 34.847 0.000826741
94 1.06982 34.847 0.000826786
95 1.06982 34.847 0.000826897
96 1.06982 34.847 0.000826925
97 1.06982 34.847 0.000827018
98 1.06982 34.847 0.000827048
99 1.06982 34.847 0.000827123
min energy  # max energy
-57.8564 34.847
