Initial energy of the MPS: -0.0638673
# DMRG Sweep # Mid bond EE # Energy # Std #
0 0.01043 -53.9889 13.5108
1 0.711789 -57.8211 0.00380529
2 0.733266 -57.8212 0.000314533
Initial energy of the MPS: -0.504093
# DMRG Sweep # Mid bond EE # Energy # Std #
0 0.00819027 33.7219 5.99728
1 0.0369959 35.4023 0.010864
2 0.0403579 35.403 0.00210264
3 0.0406218 35.4031 0.0017021
4 0.043345 35.4031 0.000697472
5 0.0433454 35.4031 0.000454036
6 0.0433642 35.4031 0.000427909
7 0.0433642 35.4031 0.000420787
8 0.0433644 35.4031 0.000418329
9 0.0433644 35.4031 0.000416867
10 0.0433645 35.4031 0.000416234
11 0.0433645 35.4031 0.000416155
12 0.0433645 35.4031 0.000416182
13 0.0433645 35.4031 0.000416377
14 0.0433645 35.4031 0.000416555
15 0.0433645 35.4031 0.00041679
16 0.0433645 35.4031 0.000416964
17 0.0433645 35.4031 0.000417155
18 0.0433645 35.4031 0.000417287
19 0.0433645 35.4031 0.000417437
20 0.0433645 35.4031 0.000417514
21 0.0433645 35.4031 0.000417668
22 0.0433645 35.4031 0.000417703
23 0.0433645 35.4031 0.000417828
24 0.0433646 35.4031 0.000417858
25 0.0433646 35.4031 0.000417925
26 0.0433646 35.4031 0.000417921
27 0.0433646 35.4031 0.000417963
28 0.0433646 35.4031 0.000417948
29 0.0433646 35.4031 0.000417949
30 0.0433646 35.4031 0.000417921
31 0.0433646 35.4031 0.000417923
32 0.0433646 35.4031 0.000417884
33 0.0433646 35.4031 0.000417868
34 0.0433646 35.4031 0.000417843
35 0.0433646 35.4031 0.000417842
36 0.0433646 35.4031 0.000417835
37 0.0433646 35.4031 0.000417852
38 0.0433646 35.4031 0.000417833
39 0.0433646 35.4031 0.000417856
40 0.0433646 35.4031 0.000417846
41 0.0433646 35.4031 0.000417863
42 0.0433646 35.4031 0.000417869
43 0.0433646 35.4031 0.00041789
44 0.0433646 35.4031 0.000417906
45 0.0433646 35.4031 0.00041793
46 0.0433646 35.4031 0.000417952
47 0.0433646 35.4031 0.000417971
48 0.0433646 35.4031 0.000417987
49 0.0433646 35.4031 0.000418011
50 0.0433645 35.4031 0.000418047
51 0.0433645 35.4031 0.00041808
52 0.0433645 35.4031 0.000418128
53 0.0433645 35.4031 0.000418171
54 0.0433645 35.4031 0.00041824
55 0.0433645 35.4031 0.000418291
56 0.0433645 35.4031 0.000418396
57 0.0433645 35.4031 0.000418456
58 0.0433645 35.4031 0.000418588
59 0.0433645 35.4031 0.000418662
60 0.0433645 35.4031 0.000418795
61 0.0433645 35.4031 0.000418886
62 0.0433645 35.4031 0.000418998
63 0.0433645 35.4031 0.000419089
64 0.0433645 35.4031 0.000419191
65 0.0433645 35.4031 0.00041926
66 0.0433645 35.4031 0.000419335
67 0.0433645 35.4031 0.000419402
68 0.0433645 35.4031 0.000419465
69 0.0433645 35.4031 0.000419507
70 0.0433645 35.4031 0.000419561
71 0.0433645 35.4031 0.000419581
72 0.0433645 35.4031 0.000419631
73 0.0433645 35.4031 0.000419662
74 0.0433645 35.4031 0.000419693
75 0.0433645 35.4031 0.000419719
76 0.0433645 35.4031 0.000419748
77 0.0433645 35.4031 0.000419771
78 0.0433645 35.4031 0.000419785
79 0.0433645 35.4031 0.000419811
80 0.0433645 35.4031 0.000419816
81 0.0433645 35.4031 0.000419838
82 0.0433645 35.4031 0.000419837
83 0.0433645 35.4031 0.000419854
84 0.0433645 35.4031 0.000419864
85 0.0433645 35.4031 0.000419881
86 0.0433645 35.4031 0.000419881
87 0.0433645 35.4031 0.000419892
88 0.0433645 35.4031 0.000419897
89 0.0433645 35.4031 0.000419915
90 0.0433645 35.4031 0.000419906
91 0.0433645 35.4031 0.000419924
92 0.0433645 35.4031 0.000419921
93 0.0433645 35.4031 0.000419937
94 0.0433645 35.4031 0.00041992
95 0.0433645 35.4031 0.00041994
96 0.0433645 35.4031 0.000419941
97 0.0433645 35.4031 0.000419957
98 0.0433645 35.4031 0.000419952
99 0.0433645 35.4031 0.000419967
min energy  # max energy
-57.8212 35.4031
