Initial energy of the MPS: 0.0338922
# DMRG Sweep # Mid bond EE # Energy # Std #
0 0.00702066 -54.1407 13.5489
1 0.378389 -57.9993 0.00130948
2 0.382086 -57.9993 9.02092e-05
Initial energy of the MPS: -0.44295
# DMRG Sweep # Mid bond EE # Energy # Std #
0 0.0059226 33.7845 6.0059
1 0.187827 35.3932 0.0204893
2 0.544001 35.3961 0.00562991
3 0.766395 35.3964 0.00223062
4 0.758376 35.3964 0.000763519
5 0.771633 35.3964 0.000607305
6 0.771693 35.3964 0.000564716
7 0.771794 35.3964 0.000557346
8 0.771795 35.3964 0.000554522
9 0.771811 35.3964 0.000553352
10 0.771811 35.3964 0.000553145
11 0.771817 35.3964 0.000553113
12 0.771817 35.3964 0.000553103
13 0.771819 35.3964 0.000552818
14 0.771819 35.3964 0.000552761
15 0.771819 35.3964 0.000552322
16 0.771819 35.3964 0.000552153
17 0.77182 35.3964 0.00055173
18 0.77182 35.3964 0.000551441
19 0.77182 35.3964 0.000551044
20 0.77182 35.3964 0.000550662
21 0.77182 35.3964 0.000550361
22 0.77182 35.3964 0.000550034
23 0.77182 35.3964 0.000549894
24 0.77182 35.3964 0.000549688
25 0.77182 35.3964 0.000549678
26 0.77182 35.3964 0.000549586
27 0.77182 35.3964 0.000549639
28 0.77182 35.3964 0.000549645
29 0.77182 35.3964 0.00054973
30 0.77182 35.3964 0.000549781
31 0.77182 35.3964 0.000549873
32 0.77182 35.3964 0.000549948
33 0.77182 35.3964 0.000550018
34 0.77182 35.3964 0.00055007
35 0.77182 35.3964 0.000550152
36 0.77182 35.3964 0.000550181
37 0.77182 35.3964 0.000550245
38 0.77182 35.3964 0.000550258
39 0.77182 35.3964 0.00055032
40 0.77182 35.3964 0.000550328
41 0.77182 35.3964 0.000550398
42 0.77182 35.3964 0.000550398
43 0.77182 35.3964 0.000550454
44 0.77182 35.3964 0.000550447
45 0.77182 35.3964 0.000550491
46 0.77182 35.3964 0.000550495
47 0.77182 35.3964 0.000550525
48 0.77182 35.3964 0.000550528
49 0.77182 35.3964 0.00055056
50 0.77182 35.3964 0.000550563
51 0.77182 35.3964 0.00055058
52 0.77182 35.3964 0.000550582
53 0.77182 35.3964 0.000550601
54 0.77182 35.3964 0.000550594
55 0.77182 35.3964 0.000550622
56 0.77182 35.3964 0.00055062
57 0.77182 35.3964 0.000550638
58 0.77182 35.3964 0.000550642
59 0.77182 35.3964 0.000550646
60 0.77182 35.3964 0.000550651
61 0.77182 35.3964 0.000550648
62 0.77182 35.3964 0.000550644
63 0.77182 35.3964 0.000550656
64 0.77182 35.3964 0.000550655
65 0.77182 35.3964 0.000550667
66 0.77182 35.3964 0.000550666
67 0.77182 35.3964 0.000550665
68 0.77182 35.3964 0.000550672
69 0.77182 35.3964 0.00055067
70 0.77182 35.3964 0.000550674
71 0.77182 35.3964 0.000550681
72 0.77182 35.3964 0.000550665
73 0.77182 35.3964 0.000550681
74 0.77182 35.3964 0.000550672
75 0.77182 35.3964 0.000550676
76 0.77182 35.3964 0.000550671
77 0.77182 35.3964 0.000550684
78 0.77182 35.3964 0.000550676
79 0.77182 35.3964 0.000550687
80 0.77182 35.3964 0.00055067
81 0.77182 35.3964 0.000550676
82 0.77182 35.3964 0.000550669
83 0.77182 35.3964 0.000550675
84 0.77182 35.3964 0.000550667
85 0.77182 35.3964 0.000550674
86 0.77182 35.3964 0.000550669
87 0.77182 35.3964 0.000550678
88 0.77182 35.3964 0.000550667
89 0.77182 35.3964 0.000550675
90 0.77182 35.3964 0.000550665
91 0.77182 35.3964 0.000550674
92 0.77182 35.3964 0.000550671
93 0.77182 35.3964 0.000550672
94 0.77182 35.3964 0.000550667
95 0.77182 35.3964 0.000550671
96 0.77182 35.3964 0.000550661
97 0.77182 35.3964 0.000550667
98 0.77182 35.3964 0.000550666
99 0.77182 35.3964 0.000550667
min energy  # max energy
-57.9993 35.3964
