Initial energy of the MPS: -0.0017992
# DMRG Sweep # Mid bond EE # Energy # Std #
0 0.00817923 -54.3351 13.5973
1 0.407235 -58.2169 0.0016107
2 0.407238 -58.2169 0.000295982
Initial energy of the MPS: -0.401301
# DMRG Sweep # Mid bond EE # Energy # Std #
0 0.0059791 33.8403 6.02169
1 0.779854 35.4407 0.0176295
2 1.03411 35.4431 0.00438224
3 1.22505 35.4433 0.000922157
4 1.28966 35.4433 0.000557827
5 1.29344 35.4433 0.000530052
6 1.29362 35.4433 0.000530446
7 1.29436 35.4433 0.000538218
8 1.29439 35.4433 0.000542994
9 1.29455 35.4433 0.000547647
10 1.29456 35.4433 0.000550831
11 1.29461 35.4433 0.000553838
12 1.29462 35.4433 0.000556398
13 1.29464 35.4433 0.000558344
14 1.29464 35.4433 0.000559994
15 1.29465 35.4433 0.000561163
16 1.29465 35.4433 0.00056214
17 1.29466 35.4433 0.000562857
18 1.29466 35.4433 0.000563398
19 1.29467 35.4433 0.00056384
20 1.29467 35.4433 0.000564078
21 1.29467 35.4433 0.000564328
22 1.29467 35.4433 0.000564409
23 1.29467 35.4433 0.000564513
24 1.29467 35.4433 0.000564509
25 1.29467 35.4433 0.000564508
26 1.29467 35.4433 0.000564448
27 1.29467 35.4433 0.000564384
28 1.29467 35.4433 0.000564292
29 1.29468 35.4433 0.000564199
30 1.29468 35.4433 0.000564086
31 1.29468 35.4433 0.000563995
32 1.29468 35.4433 0.000563904
33 1.29468 35.4433 0.000563805
34 1.29468 35.4433 0.000563718
35 1.29468 35.4433 0.000563634
36 1.29468 35.4433 0.000563562
37 1.29468 35.4433 0.000563491
38 1.29468 35.4433 0.00056344
39 1.29468 35.4433 0.000563382
40 1.29468 35.4433 0.000563326
41 1.29468 35.4433 0.000563294
42 1.29468 35.4433 0.00056326
43 1.29468 35.4433 0.000563222
44 1.29468 35.4433 0.000563205
45 1.29468 35.4433 0.000563174
46 1.29468 35.4433 0.000563172
47 1.29468 35.4433 0.000563149
48 1.29468 35.4433 0.000563153
49 1.29468 35.4433 0.000563135
50 1.29468 35.4433 0.000563148
51 1.29468 35.4433 0.000563122
52 1.29468 35.4433 0.000563141
53 1.29468 35.4433 0.00056312
54 1.29468 35.4433 0.000563131
55 1.29468 35.4433 0.000563114
56 1.29468 35.4433 0.000563139
57 1.29468 35.4433 0.000563121
58 1.29468 35.4433 0.000563142
59 1.29468 35.4433 0.000563119
60 1.29468 35.4433 0.000563146
61 1.29468 35.4433 0.000563123
62 1.29468 35.4433 0.000563141
63 1.29468 35.4433 0.000563126
64 1.29468 35.4433 0.000563143
65 1.29468 35.4433 0.000563118
66 1.29468 35.4433 0.000563131
67 1.29468 35.4433 0.000563109
68 1.29468 35.4433 0.000563123
69 1.29468 35.4433 0.000563093
70 1.29468 35.4433 0.000563101
71 1.29468 35.4433 0.000563077
72 1.29468 35.4433 0.000563079
73 1.29468 35.4433 0.000563053
74 1.29468 35.4433 0.000563047
75 1.29468 35.4433 0.000563026
76 1.29468 35.4433 0.00056302
77 1.29468 35.4433 0.000562995
78 1.29468 35.4433 0.000562985
79 1.29468 35.4433 0.000562962
80 1.29468 35.4433 0.000562948
81 1.29468 35.4433 0.00056293
82 1.29468 35.4433 0.000562908
83 1.29468 35.4433 0.000562892
84 1.29468 35.4433 0.000562866
85 1.29468 35.4433 0.000562847
86 1.29468 35.4433 0.000562825
87 1.29468 35.4433 0.000562808
88 1.29468 35.4433 0.000562784
89 1.29468 35.4433 0.000562764
90 1.29468 35.4433 0.000562735
91 1.29468 35.4433 0.000562721
92 1.29468 35.4433 0.000562698
93 1.29468 35.4433 0.000562672
94 1.29468 35.4433 0.000562652
95 1.29468 35.4433 0.000562627
96 1.29468 35.4433 0.000562607
97 1.29468 35.4433 0.000562576
98 1.29468 35.4433 0.000562561
99 1.29468 35.4433 0.000562541
min energy  # max energy
-58.2169 35.4433
