Initial energy of the MPS: -0.0845925
# DMRG Sweep # Mid bond EE # Energy # Std #
0 0.00978564 -54.1005 13.5376
1 0.55759 -57.9145 0.00793415
2 0.565571 -57.9146 0.000214841
Initial energy of the MPS: -0.39376
# DMRG Sweep # Mid bond EE # Energy # Std #
0 0.00527537 34.053 6.05171
1 0.0347571 35.5695 0.00858507
2 0.0747151 35.5702 0.00288688
3 0.0747671 35.5704 0.000888603
4 0.0841137 35.5704 0.000415267
5 0.0841139 35.5704 0.000377623
6 0.0841625 35.5704 0.000367781
7 0.0841626 35.5704 0.000365117
8 0.0841721 35.5704 0.000364295
9 0.0841721 35.5704 0.00036419
10 0.0841758 35.5704 0.000364524
11 0.0841758 35.5704 0.000365028
12 0.0841786 35.5704 0.000365667
13 0.0841787 35.5704 0.000366155
14 0.0841805 35.5704 0.00036666
15 0.0841805 35.5704 0.00036702
16 0.0841814 35.5704 0.000367365
17 0.0841814 35.5704 0.000367382
18 0.084182 35.5704 0.000367462
19 0.084182 35.5704 0.000367609
20 0.0841826 35.5704 0.000367923
21 0.0841826 35.5704 0.000368121
22 0.0841832 35.5704 0.000368372
23 0.0841832 35.5704 0.000368486
24 0.0841834 35.5704 0.000368643
25 0.0841834 35.5704 0.00036873
26 0.0841835 35.5704 0.000368812
27 0.0841835 35.5704 0.000368894
28 0.0841836 35.5704 0.00036895
29 0.0841836 35.5704 0.000369011
30 0.0841836 35.5704 0.000369053
31 0.0841836 35.5704 0.000369118
32 0.0841836 35.5704 0.00036914
33 0.0841836 35.5704 0.000369207
34 0.0841836 35.5704 0.00036922
35 0.0841836 35.5704 0.000369271
36 0.0841836 35.5704 0.000369284
37 0.0841836 35.5704 0.000369337
38 0.0841836 35.5704 0.000369348
39 0.0841836 35.5704 0.000369407
40 0.0841836 35.5704 0.000369413
41 0.0841836 35.5704 0.000369467
42 0.0841836 35.5704 0.000369491
43 0.0841836 35.5704 0.000369515
44 0.0841836 35.5704 0.000369539
45 0.0841836 35.5704 0.000369575
46 0.0841837 35.5704 0.000369583
47 0.0841837 35.5704 0.000369633
48 0.0841837 35.5704 0.000369645
49 0.0841837 35.5704 0.000369687
50 0.0841837 35.5704 0.000369708
51 0.0841837 35.5704 0.000369739
52 0.0841837 35.5704 0.000369763
53 0.0841837 35.5704 0.0003698
54 0.0841837 35.5704 0.000369818
55 0.0841837 35.5704 0.000369855
56 0.0841837 35.5704 0.000369884
57 0.0841837 35.5704 0.000369902
58 0.0841837 35.5704 0.000369926
59 0.0841837 35.5704 0.000369965
60 0.0841837 35.5704 0.000369972
61 0.0841837 35.5704 0.000370002
62 0.0841838 35.5704 0.000370011
63 0.0841838 35.5704 0.000370037
64 0.0841838 35.5704 0.000370052
65 0.0841838 35.5704 0.000370072
66 0.0841838 35.5704 0.000370097
67 0.0841838 35.5704 0.000370098
68 0.0841838 35.5704 0.000370118
69 0.0841838 35.5704 0.000370152
70 0.0841838 35.5704 0.000370158
71 0.0841838 35.5704 0.000370178
72 0.0841838 35.5704 0.000370174
73 0.0841838 35.5704 0.000370199
74 0.0841839 35.5704 0.000370198
75 0.0841839 35.5704 0.000370234
76 0.0841839 35.5704 0.000370225
77 0.0841839 35.5704 0.000370259
78 0.0841839 35.5704 0.00037026
79 0.0841839 35.5704 0.000370273
80 0.0841839 35.5704 0.000370273
81 0.0841839 35.5704 0.00037031
82 0.0841839 35.5704 0.000370297
83 0.0841839 35.5704 0.000370328
84 0.084184 35.5704 0.000370317
85 0.084184 35.5704 0.000370335
86 0.084184 35.5704 0.000370345
87 0.084184 35.5704 0.000370369
88 0.084184 35.5704 0.000370368
89 0.084184 35.5704 0.000370386
90 0.0841841 35.5704 0.000370384
91 0.0841841 35.5704 0.000370424
92 0.0841841 35.5704 0.000370415
93 0.0841841 35.5704 0.00037043
94 0.0841841 35.5704 0.000370424
95 0.0841841 35.5704 0.000370468
96 0.0841842 35.5704 0.000370454
97 0.0841842 35.5704 0.000370489
98 0.0841842 35.5704 0.000370473
99 0.0841842 35.5704 0.000370501
min energy  # max energy
-57.9146 35.5704
