Initial energy of the MPS: 0.00528945
# DMRG Sweep # Mid bond EE # Energy # Std #
0 0.00956762 -54.0852 13.5343
1 0.636925 -57.9166 0.00686905
2 0.639055 -57.9166 0.000354213
Initial energy of the MPS: -0.497689
# DMRG Sweep # Mid bond EE # Energy # Std #
0 0.00558742 33.2568 5.91458
1 0.684176 34.7224 0.0183738
2 0.821785 34.724 0.00225309
3 0.811169 34.7241 0.00168571
4 1.13419 34.7242 0.00101938
5 1.13812 34.7242 0.000668899
6 1.14475 34.7242 0.000631129
7 1.14482 34.7242 0.000623073
8 1.14491 34.7242 0.000623165
9 1.14493 34.7242 0.000623891
10 1.14495 34.7242 0.000624362
11 1.14496 34.7242 0.000624545
12 1.14497 34.7242 0.000624763
13 1.14497 34.7242 0.00062488
14 1.14498 34.7242 0.000625294
15 1.14498 34.7242 0.000625543
16 1.14498 34.7242 0.000626078
17 1.14499 34.7242 0.000626393
18 1.14499 34.7242 0.000626874
19 1.14499 34.7242 0.000627198
20 1.14499 34.7242 0.000627565
21 1.14499 34.7242 0.000627867
22 1.14499 34.7242 0.000628159
23 1.14499 34.7242 0.000628401
24 1.14499 34.7242 0.00062858
25 1.14499 34.7242 0.000628774
26 1.14499 34.7242 0.000628874
27 1.14499 34.7242 0.000629019
28 1.14499 34.7242 0.000629046
29 1.14499 34.7242 0.000629193
30 1.14499 34.7242 0.000629203
31 1.145 34.7242 0.000629348
32 1.145 34.7242 0.000629361
33 1.145 34.7242 0.000629514
34 1.145 34.7242 0.00062954
35 1.145 34.7242 0.000629698
36 1.145 34.7242 0.000629747
37 1.145 34.7242 0.000629893
38 1.145 34.7242 0.000629968
39 1.145 34.7242 0.000630111
40 1.145 34.7242 0.000630194
41 1.145 34.7242 0.000630332
42 1.145 34.7242 0.000630425
43 1.145 34.7242 0.000630552
44 1.145 34.7242 0.000630646
45 1.145 34.7242 0.000630772
46 1.145 34.7242 0.000630862
47 1.145 34.7242 0.000630972
48 1.145 34.7242 0.000631053
49 1.145 34.7242 0.000631152
50 1.145 34.7242 0.000631226
51 1.145 34.7242 0.000631326
52 1.145 34.7242 0.000631386
53 1.145 34.7242 0.000631474
54 1.145 34.7242 0.000631525
55 1.145 34.7242 0.000631615
56 1.145 34.7242 0.000631655
57 1.145 34.7242 0.000631734
58 1.145 34.7242 0.000631782
59 1.145 34.7242 0.00063186
60 1.145 34.7242 0.000631896
61 1.145 34.7242 0.000631969
62 1.145 34.7242 0.000631998
63 1.145 34.7242 0.000632071
64 1.145 34.7242 0.000632098
65 1.145 34.7242 0.000632167
66 1.145 34.7242 0.000632181
67 1.145 34.7242 0.000632251
68 1.145 34.7242 0.000632277
69 1.145 34.7242 0.000632336
70 1.145 34.7242 0.000632353
71 1.145 34.7242 0.000632406
72 1.145 34.7242 0.000632426
73 1.145 34.7242 0.000632476
74 1.145 34.7242 0.000632495
75 1.145 34.7242 0.000632547
76 1.145 34.7242 0.000632545
77 1.145 34.7242 0.000632593
78 1.145 34.7242 0.000632614
79 1.145 34.7242 0.000632645
80 1.145 34.7242 0.00063265
81 1.145 34.7242 0.000632701
82 1.145 34.7242 0.000632711
83 1.145 34.7242 0.000632741
84 1.145 34.7242 0.000632755
85 1.145 34.7242 0.000632788
86 1.145 34.7242 0.000632797
87 1.145 34.7242 0.00063283
88 1.145 34.7242 0.000632839
89 1.145 34.7242 0.000632874
90 1.145 34.7242 0.000632884
91 1.145 34.7242 0.000632913
92 1.145 34.7242 0.000632917
93 1.145 34.7242 0.000632944
94 1.145 34.7242 0.00063295
95 1.145 34.7242 0.000632977
96 1.145 34.7242 0.000632991
97 1.145 34.7242 0.000633015
98 1.145 34.7242 0.000633023
99 1.145 34.7242 0.000633047
min energy  # max energy
-57.9166 34.7242
