Initial energy of the MPS: 0.0149617
# DMRG Sweep # Mid bond EE # Energy # Std #
0 0.0114081 -10.1905 5.8544
1 0.719064 -13.9973 0.00029235
2 0.721489 -13.9973 5.43097e-05
Initial energy of the MPS: -0.354867
# DMRG Sweep # Mid bond EE # Energy # Std #
0 0.0514121 5.57896 3.19029
1 0.120553 7.7498 0.0132081
2 0.282656 7.74998 0.000968396
3 0.602855 7.74998 0.000560123
4 0.698563 7.74998 0.000483515
5 0.771144 7.74998 0.000401515
6 0.809216 7.74998 0.000361971
7 0.830728 7.74998 0.000356573
8 0.84811 7.74998 0.000378006
9 0.866391 7.74998 0.000317962
10 0.874173 7.74999 0.000382249
11 0.893887 7.74999 0.000213341
12 0.89706 7.74999 0.000205077
13 0.899328 7.74999 0.000177887
14 0.898947 7.74999 0.000237153
15 0.901491 7.74999 0.000248122
16 0.904938 7.74999 0.000153491
17 0.904378 7.74999 0.00013719
18 0.90488 7.74999 0.000117017
19 0.907066 7.74999 0.000115615
20 0.911748 7.74999 0.000117638
21 0.916881 7.74999 0.000117146
22 0.92342 7.74999 0.000112258
23 0.931517 7.74999 0.000136135
24 0.940185 7.74999 0.000150592
25 0.948135 7.74999 0.000141437
26 0.954516 7.74999 0.000153461
27 0.959829 7.74999 0.000158491
28 0.963714 7.74999 0.000138855
29 0.966735 7.75 0.000136145
30 0.969216 7.75 0.000127223
31 0.9704 7.75 0.000119909
32 0.970844 7.75 0.000121809
33 0.969788 7.75 0.000128857
34 0.968823 7.75 0.000131282
35 0.96799 7.75 0.000133858
36 0.965824 7.75 0.000129309
37 0.961419 7.75 0.000126939
38 0.953771 7.75 0.000132436
39 0.943072 7.75 0.000140772
40 0.930448 7.75 0.000138387
41 0.918004 7.75 0.000131685
42 0.905812 7.75 0.000152634
43 0.896402 7.75 0.000139812
44 0.889968 7.75 0.000137216
45 0.886765 7.75 0.000135618
46 0.886836 7.75 0.00013363
47 0.888217 7.75 0.000131476
48 0.890317 7.75001 0.000128643
49 0.89176 7.75001 0.000127818
50 0.893504 7.75001 0.000124346
51 0.891848 7.75001 0.000123513
52 0.889729 7.75001 0.000123255
53 0.885727 7.75001 0.000119514
54 0.881113 7.75001 0.000118173
55 0.87642 7.75001 0.000123208
56 0.871335 7.75001 0.000140675
57 0.867165 7.75001 0.000128053
58 0.863702 7.75001 0.000129226
59 0.861136 7.75001 0.000130105
60 0.858669 7.75001 0.000142869
61 0.855836 7.75001 0.000142924
62 0.851905 7.75001 0.000139805
63 0.84768 7.75001 0.000136832
64 0.842469 7.75001 0.000129525
65 0.835489 7.75002 0.000124795
66 0.82838 7.75002 0.000120562
67 0.820206 7.75002 0.000115692
68 0.812286 7.75002 0.000117986
69 0.805007 7.75002 0.000116579
70 0.797205 7.75002 0.000121215
71 0.791366 7.75002 0.000132857
72 0.786209 7.75002 0.00013128
73 0.781595 7.75002 0.000134224
74 0.777312 7.75002 0.000146971
75 0.774319 7.75002 0.000149268
76 0.772084 7.75002 0.000153105
77 0.77067 7.75002 0.00012212
78 0.76993 7.75002 0.000128979
79 0.769198 7.75002 0.000116042
-13.9973 7.75002
