Initial energy of the MPS: 0.0149854
# DMRG Sweep # Mid bond EE # Energy # Std #
0 0.0114082 -10.1907 5.85449
1 0.719063 -13.9973 0.00029239
2 0.721489 -13.9973 5.43139e-05
Initial energy of the MPS: -0.354928
# DMRG Sweep # Mid bond EE # Energy # Std #
0 0.0526787 5.57691 3.18927
1 0.122937 7.74971 0.0113886
2 0.277441 7.74989 0.00150489
3 0.750377 7.7499 0.00127372
4 0.887257 7.74992 0.000770815
5 0.917008 7.74993 0.000549685
6 0.963235 7.74994 0.000914724
7 0.945508 7.74995 0.00084755
8 0.947263 7.74996 0.000845695
9 0.950418 7.74996 0.000744352
10 0.960686 7.74997 0.000683853
11 0.976303 7.74998 0.00063073
12 0.940569 7.75 0.000680855
13 0.921735 7.75002 0.000944115
14 0.898659 7.75003 0.000916782
15 0.895909 7.75005 0.000801964
16 0.84506 7.75007 0.00108123
17 0.803054 7.75009 0.00115672
18 0.783862 7.7501 0.000867579
19 0.805031 7.7501 0.000648126
20 0.830614 7.75012 0.000684325
21 0.753297 7.75013 0.000755294
22 0.601247 7.75015 0.00107563
23 0.438131 7.75015 0.00102262
24 0.305625 7.75016 0.000862926
25 0.194934 7.75017 0.000740564
26 0.125303 7.75017 0.000428116
27 0.0767301 7.75017 0.000299879
28 0.0445569 7.75017 0.00021301
29 0.0235094 7.75017 0.000145072
30 0.0110753 7.75017 8.92312e-05
31 0.0042948 7.75017 5.13625e-05
min energy  # max energy
-13.9973 7.75017
