Initial energy of the MPS: 0.014962
# DMRG Sweep # Mid bond EE # Energy # Std #
0 0.0114084 -10.1913 5.8548
1 0.719064 -13.9973 0.000292496
2 0.721489 -13.9973 5.43273e-05
Initial energy of the MPS: -0.354833
# DMRG Sweep # Mid bond EE # Energy # Std #
0 0.0526495 5.57713 3.18969
1 0.124554 7.74982 0.0117291
2 0.283835 7.74998 0.000846744
3 0.639149 7.74998 0.000459212
4 0.726507 7.74998 0.000374471
5 0.754525 7.74998 0.000335468
6 0.769962 7.74998 0.000335252
7 0.785146 7.74999 0.000306229
8 0.79803 7.74999 0.000278252
9 0.807025 7.74999 0.000324327
10 0.816914 7.74999 0.000443397
11 0.838418 7.74999 0.000393493
12 0.855076 7.74999 0.000308331
13 0.862311 7.74999 0.000225605
14 0.864418 7.74999 0.000180978
15 0.865269 7.74999 0.000160498
16 0.86677 7.74999 0.000126374
17 0.868732 7.74999 0.000111338
18 0.872533 7.74999 0.000103945
19 0.878038 7.74999 0.000103615
20 0.885985 7.74999 9.99789e-05
21 0.893157 7.74999 0.000120062
22 0.900817 7.74999 0.000117202
23 0.909069 7.75 0.000141864
24 0.917869 7.75 0.000147566
25 0.926005 7.75 0.000155124
26 0.932944 7.75 0.00014231
27 0.939356 7.75 0.000146273
28 0.946429 7.75 0.000121892
29 0.951386 7.75 0.000120529
30 0.955848 7.75 0.00011474
31 0.958485 7.75 0.000111175
32 0.961471 7.75 0.000115446
33 0.962269 7.75 0.000111893
34 0.961401 7.75 0.00011488
35 0.957596 7.75 0.000117619
36 0.947337 7.75 0.000115698
37 0.933067 7.75 0.000115446
38 0.917645 7.75 0.000128453
39 0.902151 7.75 0.000126654
40 0.887555 7.75 0.000163272
41 0.876692 7.75 0.000172674
42 0.868765 7.75 0.000172083
43 0.864866 7.75 0.000173689
44 0.863172 7.75 0.00016307
45 0.863068 7.75001 0.000150618
46 0.863584 7.75001 0.000138047
47 0.864679 7.75001 0.000123076
48 0.865872 7.75001 0.000122659
49 0.866027 7.75001 0.000113523
50 0.864963 7.75001 0.00011252
51 0.863177 7.75001 0.000112323
52 0.860157 7.75001 0.000105542
53 0.856661 7.75001 0.000107327
54 0.852795 7.75001 0.000106436
55 0.84916 7.75001 0.000107459
56 0.845854 7.75001 0.000118148
57 0.843041 7.75001 0.000121331
58 0.840566 7.75001 0.000124388
59 0.838329 7.75001 0.000127128
60 0.835735 7.75001 0.000126808
61 0.833022 7.75001 0.000125275
62 0.829567 7.75001 0.000122628
63 0.825535 7.75001 0.000119437
64 0.820324 7.75002 0.000112941
65 0.814645 7.75002 0.000105291
66 0.807178 7.75002 0.000106882
67 0.800156 7.75002 0.000104383
68 0.792147 7.75002 0.000101017
69 0.785002 7.75002 0.000107077
70 0.77776 7.75002 0.000108272
71 0.77148 7.75002 0.000109288
72 0.765324 7.75002 0.000118783
73 0.760067 7.75002 0.000120724
74 0.755631 7.75002 0.000129971
75 0.751305 7.75002 0.000127828
76 0.748106 7.75002 0.000133383
77 0.746022 7.75002 0.000138493
-13.9973 7.75002
