Initial energy of the MPS: 0.0149863
# DMRG Sweep # Mid bond EE # Energy # Std #
0 0.0114078 -10.1911 5.85472
1 0.719061 -13.9973 0.000292239
2 0.721489 -13.9973 5.42909e-05
Initial energy of the MPS: -0.354864
# DMRG Sweep # Mid bond EE # Energy # Std #
0 0.0516082 5.57645 3.19014
1 0.124554 7.74965 0.015017
2 0.338823 7.74988 0.00165359
3 0.771767 7.7499 0.0013815
4 0.88553 7.74992 0.00113565
5 0.88438 7.74994 0.00108609
6 0.966507 7.74996 0.000743085
7 1.02874 7.74997 0.000845642
8 1.01128 7.74998 0.000583581
9 1.00623 7.75 0.000638032
10 0.99886 7.75002 0.000629509
11 0.963451 7.75003 0.000687441
12 0.961093 7.75005 0.000702189
13 0.985505 7.75006 0.000646922
14 0.998852 7.75007 0.000752304
15 0.989019 7.75008 0.000777157
16 0.956087 7.7501 0.000673371
17 0.918257 7.75011 0.000620146
18 0.882329 7.75012 0.000624473
19 0.848337 7.75013 0.000585817
20 0.825771 7.75014 0.000544883
21 0.785922 7.75015 0.000537209
22 0.6884 7.75016 0.000649509
23 0.559423 7.75017 0.000663797
24 0.400426 7.75017 0.000465875
25 0.247515 7.75018 0.000247759
26 0.130176 7.75018 0.000162557
27 0.0609396 7.75018 0.000115086
28 0.0260099 7.75018 8.89723e-05
29 0.0113825 7.75018 6.45454e-05
min energy  # max energy
-13.9973 7.75018
