Initial energy of the MPS: 0.014985
# DMRG Sweep # Mid bond EE # Energy # Std #
0 0.0114085 -10.1913 5.85483
1 0.719063 -13.9973 0.000292484
2 0.721489 -13.9973 5.43189e-05
Initial energy of the MPS: -0.35493
# DMRG Sweep # Mid bond EE # Energy # Std #
0 0.0511347 5.57749 3.19101
1 0.125569 7.74976 0.0125634
2 0.291241 7.74997 0.0010983
3 0.569979 7.74998 0.000622691
4 0.738974 7.74998 0.000561722
5 0.812159 7.74998 0.000414318
6 0.846312 7.74998 0.000398285
7 0.860986 7.74998 0.000408377
8 0.86809 7.74998 0.000422262
9 0.869265 7.74998 0.000395227
10 0.869732 7.74998 0.000358545
11 0.874848 7.74999 0.000315995
12 0.885968 7.74999 0.000270231
13 0.902575 7.74999 0.000220076
14 0.920421 7.74999 0.000198927
15 0.937315 7.74999 0.000176967
16 0.95191 7.74999 0.000166864
17 0.96059 7.74999 0.000177146
18 0.96378 7.74999 0.000172028
19 0.959147 7.74999 0.000170401
20 0.950204 7.74999 0.000152109
21 0.940119 7.74999 0.00015692
22 0.932916 7.74999 0.000146158
23 0.931304 7.74999 0.000159199
24 0.934127 7.75 0.000170487
25 0.937139 7.75 0.000172452
26 0.940681 7.75 0.000199911
27 0.943866 7.75 0.000185659
28 0.944824 7.75 0.000183039
29 0.943047 7.75 0.000170866
30 0.933942 7.75 0.000179446
31 0.921696 7.75 0.000183725
32 0.907647 7.75 0.000172892
33 0.895283 7.75 0.000171393
34 0.885913 7.75001 0.000169491
35 0.881953 7.75001 0.000170914
36 0.884314 7.75001 0.000166051
37 0.887938 7.75001 0.000166906
38 0.890021 7.75001 0.000165024
39 0.890014 7.75001 0.000166552
40 0.889432 7.75001 0.0001647
41 0.88329 7.75001 0.000172191
42 0.875852 7.75001 0.000159593
43 0.868261 7.75002 0.000156634
44 0.861259 7.75002 0.000167706
45 0.855284 7.75002 0.000183139
46 0.851341 7.75002 0.000181278
47 0.847097 7.75002 0.000196572
48 0.842277 7.75002 0.000194766
49 0.83681 7.75002 0.000176373
50 0.829763 7.75002 0.000165038
51 0.820506 7.75002 0.000147861
52 0.810014 7.75002 0.0001448
53 0.798968 7.75003 0.000150604
54 0.78846 7.75003 0.000152341
55 0.777342 7.75003 0.000156513
56 0.767973 7.75003 0.000167356
57 0.759881 7.75003 0.000187867
58 0.752412 7.75003 0.000196818
59 0.745423 7.75003 0.000220991
60 0.739593 7.75003 0.000234562
61 0.734383 7.75003 0.00021849
62 0.729362 7.75003 0.000203279
63 0.727779 7.75003 0.000172994
64 0.728263 7.75003 0.000116431
65 0.732926 7.75003 0.00109653
66 0.637253 7.75004 0.000206771
67 0.597899 7.75004 0.000163303
68 0.560867 7.75004 0.000275009
69 0.51367 7.75004 0.000268111
70 0.467385 7.75004 0.000244739
71 0.422012 7.75004 0.000239666
72 0.385013 7.75004 0.000109279
73 0.345522 7.75004 0.000120296
74 0.308359 7.75004 0.000127456
75 0.272974 7.75004 0.000134321
76 0.239862 7.75004 0.000146447
77 0.207894 7.75004 0.000142106
78 0.180273 7.75004 0.00013414
-13.9973 7.75004
