Initial energy of the MPS: 0.0150069
# DMRG Sweep # Mid bond EE # Energy # Std #
0 0.0114087 -10.191 5.85468
1 0.719063 -13.9973 0.000292542
2 0.721489 -13.9973 5.43262e-05
Initial energy of the MPS: -0.354882
# DMRG Sweep # Mid bond EE # Energy # Std #
0 0.0511619 5.56978 3.18648
1 0.1252 7.74977 0.0135285
2 0.296512 7.74999 0.000685518
3 0.534022 7.74999 0.000378549
4 0.791601 7.74999 0.000249467
5 0.866109 7.74999 0.00019075
6 0.891335 7.74999 0.000149365
7 0.8936 7.74999 0.000147098
8 0.892965 7.74999 0.000154181
9 0.89277 7.74999 0.00015311
10 0.890982 7.74999 0.000163657
11 0.892216 7.74999 0.000178846
12 0.896713 7.74999 0.00018458
13 0.900368 7.74999 0.000182972
14 0.901984 7.74999 0.00015374
15 0.896819 7.74999 0.000143685
16 0.89144 7.74999 0.000112423
17 0.884341 7.74999 0.000122717
18 0.87958 7.74999 0.000117063
19 0.876147 7.74999 0.000133922
20 0.875732 7.74999 0.000118421
21 0.8761 7.74999 0.000129856
22 0.878678 7.74999 0.000125187
23 0.882461 7.74999 0.000103927
24 0.885712 7.74999 0.000107132
25 0.890549 7.74999 0.000119668
26 0.897024 7.74999 0.000123874
27 0.903879 7.74999 9.61782e-05
28 0.909319 7.74999 8.63139e-05
29 0.914388 7.74999 8.33187e-05
30 0.919431 7.74999 7.94082e-05
31 0.924103 7.74999 7.53614e-05
32 0.928454 7.74999 7.59483e-05
33 0.93248 7.74999 7.00743e-05
34 0.935483 7.74999 7.42315e-05
35 0.937203 7.74999 7.03305e-05
36 0.937532 7.74999 7.79721e-05
37 0.936389 7.74999 7.34662e-05
38 0.933763 7.74999 7.62483e-05
39 0.930778 7.74999 8.01996e-05
40 0.927473 7.74999 8.84451e-05
41 0.924658 7.75 8.4886e-05
42 0.922463 7.75 8.04271e-05
43 0.921 7.75 7.46087e-05
44 0.920418 7.75 7.82703e-05
45 0.921378 7.75 7.67355e-05
46 0.923586 7.75 7.71168e-05
47 0.927065 7.75 8.96162e-05
48 0.931373 7.75 7.78147e-05
49 0.936087 7.75 8.0592e-05
50 0.940668 7.75 7.90278e-05
51 0.944688 7.75 7.06401e-05
52 0.947808 7.75 8.45405e-05
53 0.950195 7.75 8.38549e-05
54 0.951071 7.75 8.97864e-05
55 0.951135 7.75 9.7281e-05
56 0.950716 7.75 8.00615e-05
57 0.949784 7.75 9.8165e-05
58 0.94917 7.75 9.88085e-05
59 0.948701 7.75 0.000113576
60 0.948738 7.75 9.23465e-05
61 0.948645 7.75 8.83092e-05
62 0.948422 7.75 9.59327e-05
63 0.948662 7.75 8.44069e-05
64 0.949084 7.75 8.05003e-05
65 0.949067 7.75 8.41282e-05
66 0.949114 7.75 7.81324e-05
67 0.948123 7.75 8.64458e-05
68 0.9465 7.75 8.06392e-05
69 0.943656 7.75 8.15871e-05
70 0.939867 7.75 8.33643e-05
71 0.935692 7.75 8.25286e-05
72 0.930093 7.75 8.33407e-05
73 0.924541 7.75 8.27346e-05
74 0.918145 7.75 8.242e-05
75 0.910522 7.75 8.20508e-05
76 0.903043 7.75 8.12364e-05
77 0.89549 7.75 8.64949e-05
-13.9973 7.75
