Initial energy of the MPS: 0.0149909
# DMRG Sweep # Mid bond EE # Energy # Std #
0 0.0114082 -10.1908 5.85455
1 0.719061 -13.9973 0.000292382
2 0.721489 -13.9973 5.4305e-05
Initial energy of the MPS: -0.354854
# DMRG Sweep # Mid bond EE # Energy # Std #
0 0.0521243 5.57785 3.19023
1 0.134668 7.74962 0.0123593
2 0.335656 7.74988 0.00184012
3 0.70708 7.7499 0.00124605
4 0.774137 7.74991 0.00129055
5 0.806865 7.74992 0.00138529
6 0.859773 7.74993 0.00110868
7 0.89273 7.74996 0.000702186
8 0.905105 7.74998 0.000848007
9 0.746021 7.75 0.00124669
10 0.620886 7.75002 0.00170561
11 0.552522 7.75004 0.00175413
12 0.481955 7.75006 0.00184037
13 0.421797 7.75009 0.00149
14 0.381482 7.75012 0.00113753
15 0.34759 7.75014 0.00134653
16 0.282434 7.75015 0.00130874
17 0.213274 7.75017 0.00119591
18 0.15366 7.75018 0.00101385
19 0.101929 7.75018 0.00087662
20 0.0847212 7.75019 0.000566764
21 0.0427519 7.75019 0.000351652
22 0.0142976 7.75019 0.000135847
23 0.00380044 7.75019 0.000120717
24 0.00139112 7.75019 4.8143e-05
min energy  # max energy
-13.9973 7.75019
