Initial energy of the MPS: 0.0150398
# DMRG Sweep # Mid bond EE # Energy # Std #
0 0.0114084 -10.1913 5.85482
1 0.719063 -13.9973 0.000292415
2 0.721489 -13.9973 5.43105e-05
Initial energy of the MPS: -0.354891
# DMRG Sweep # Mid bond EE # Energy # Std #
0 0.051843 5.57686 3.19047
1 0.125774 7.7498 0.0128417
2 0.288973 7.74997 0.000979247
3 0.651338 7.74997 0.000599438
4 0.755454 7.74997 0.000538444
5 0.799546 7.74998 0.000399023
6 0.814729 7.74998 0.000478246
7 0.831562 7.74998 0.000447313
8 0.840143 7.74998 0.000500252
9 0.852371 7.74998 0.000539082
10 0.875941 7.74998 0.000269374
11 0.876685 7.74998 0.000202089
12 0.874937 7.74998 0.00020823
13 0.875299 7.74999 0.00021294
14 0.885607 7.74999 0.000211024
15 0.902057 7.74999 0.000203679
16 0.917232 7.74999 0.000208182
17 0.924371 7.74999 0.000199145
18 0.921108 7.74999 0.00022498
19 0.913297 7.74999 0.000240546
20 0.90213 7.74999 0.000317546
21 0.898969 7.75 0.000289539
22 0.899012 7.75 0.000232877
23 0.901091 7.75 0.000208495
24 0.906559 7.75 0.000190134
25 0.914536 7.75 0.000191763
26 0.922568 7.75 0.000194221
27 0.929954 7.75 0.00019146
28 0.933821 7.75 0.000197424
29 0.927688 7.75 0.000199886
30 0.908895 7.75 0.000206317
31 0.886286 7.75001 0.000263942
32 0.868657 7.75001 0.00029615
33 0.857931 7.75001 0.000300757
34 0.854632 7.75001 0.000270435
35 0.854914 7.75001 0.000244725
36 0.857304 7.75001 0.000222575
37 0.860065 7.75001 0.000204045
38 0.862781 7.75002 0.000199228
39 0.861318 7.75002 0.000190576
40 0.854611 7.75002 0.000181433
41 0.843303 7.75002 0.000180125
42 0.831068 7.75002 0.000195176
43 0.818705 7.75002 0.000205511
44 0.807403 7.75002 0.000235174
45 0.797749 7.75003 0.000275466
46 0.789158 7.75003 0.000289686
47 0.782385 7.75003 0.000296901
48 0.777305 7.75003 0.00028038
49 0.774218 7.75003 0.00022102
50 0.77537 7.75003 0.000166298
51 0.775244 7.75003 0.000145782
52 0.769472 7.75003 0.000150866
53 0.751504 7.75004 0.000141884
54 0.721655 7.75004 0.000143683
55 0.68659 7.75004 0.000205765
56 0.649369 7.75004 0.000279179
57 0.609301 7.75004 0.000315597
58 0.564257 7.75004 0.000321658
59 0.517193 7.75004 0.000325832
60 0.474506 7.75004 0.000213931
61 0.42423 7.75004 0.000278526
62 0.385989 7.75004 0.0001817
63 0.341141 7.75004 0.000198503
64 0.30141 7.75004 0.000178757
65 0.264211 7.75004 0.000193947
66 0.233337 7.75004 0.000197093
67 0.208048 7.75005 0.00016631
68 0.184681 7.75005 0.000139764
69 0.160856 7.75005 0.000122946
70 0.136699 7.75005 0.000111231
71 0.115032 7.75005 0.000100736
72 0.0963268 7.75005 9.01343e-05
73 0.0799282 7.75005 8.07027e-05
-13.9973 7.75005
