Initial energy of the MPS: 0.0149917
# DMRG Sweep # Mid bond EE # Energy # Std #
0 0.0114087 -10.1911 5.85474
1 0.719065 -13.9973 0.000292523
2 0.721489 -13.9973 5.43349e-05
Initial energy of the MPS: -0.354839
# DMRG Sweep # Mid bond EE # Energy # Std #
0 0.0507689 5.57607 3.18965
1 0.125102 7.74969 0.0123495
2 0.305439 7.74991 0.00148995
3 0.685359 7.74992 0.00119544
4 0.793583 7.74993 0.00110504
5 0.834212 7.74994 0.00108348
6 0.869614 7.74995 0.000563033
7 0.875458 7.74997 0.000507057
8 0.830525 7.74998 0.000879499
9 0.694473 7.74999 0.00124309
10 0.620139 7.75001 0.00130843
11 0.577463 7.75002 0.00147889
12 0.55179 7.75003 0.00141009
13 0.508532 7.75005 0.00148138
14 0.433062 7.75007 0.00127728
15 0.414151 7.75009 0.00107728
16 0.367224 7.7501 0.00111186
17 0.306224 7.75012 0.00107686
18 0.262387 7.75013 0.00103397
19 0.231267 7.75013 0.000968231
20 0.177252 7.75014 0.000910221
21 0.127981 7.75015 0.000651726
22 0.10049 7.75015 0.000463243
23 0.052886 7.75015 0.000321011
24 0.021232 7.75015 0.00017242
25 0.00765227 7.75015 8.40649e-05
26 0.00277909 7.75015 2.99948e-05
min energy  # max energy
-13.9973 7.75015
