Initial energy of the MPS: 0.0149429
# DMRG Sweep # Mid bond EE # Energy # Std #
0 0.011408 -10.1906 5.85444
1 0.719059 -13.9973 0.000292315
2 0.721489 -13.9973 5.42946e-05
Initial energy of the MPS: -0.354873
# DMRG Sweep # Mid bond EE # Energy # Std #
0 0.0514402 5.57629 3.18884
1 0.124863 7.74971 0.014647
2 0.325222 7.74993 0.00170533
3 0.697772 7.74994 0.000888693
4 0.81813 7.74994 0.000912459
5 0.8576 7.74995 0.000976455
6 0.887111 7.74996 0.000771771
7 0.902446 7.74997 0.000450235
8 0.928758 7.74997 0.000382691
9 0.97866 7.74998 0.000402334
10 1.00124 7.74998 0.000410058
11 0.9969 7.74999 0.000396284
12 0.970904 7.74999 0.000390187
13 0.956075 7.75 0.000393339
14 0.952516 7.75001 0.000419044
15 0.93189 7.75001 0.000439405
16 0.905551 7.75002 0.000424049
17 0.906392 7.75003 0.000423616
18 0.918103 7.75003 0.000424034
19 0.917891 7.75004 0.000417437
20 0.898273 7.75005 0.000398563
21 0.87758 7.75005 0.000454037
22 0.86381 7.75006 0.000459728
23 0.850789 7.75006 0.000419583
24 0.830435 7.75007 0.00038639
25 0.79122 7.75007 0.000416641
26 0.750287 7.75008 0.000593467
27 0.700676 7.75008 0.00076398
28 0.636833 7.75009 0.000846804
29 0.547819 7.75009 0.00106208
30 0.418097 7.7501 0.000650277
31 0.317206 7.7501 0.000499148
32 0.234057 7.7501 0.000379925
33 0.171814 7.7501 0.000250571
34 0.118282 7.7501 0.000157877
35 0.0703679 7.7501 0.000146084
36 0.0413447 7.7501 0.000124554
37 0.0242611 7.75011 9.81085e-05
38 0.0149624 7.75011 7.48864e-05
39 0.0101822 7.75011 4.79023e-05
min energy  # max energy
-13.9973 7.75011
