Initial energy of the MPS: 0.0149614
# DMRG Sweep # Mid bond EE # Energy # Std #
0 0.0114085 -10.1913 5.85479
1 0.719068 -13.9973 0.000292499
2 0.721489 -13.9973 5.43341e-05
Initial energy of the MPS: -0.354849
# DMRG Sweep # Mid bond EE # Energy # Std #
0 0.0522676 5.57842 3.19003
1 0.121675 7.74971 0.0141825
2 0.287163 7.74991 0.00158496
3 0.746434 7.74992 0.00134478
4 0.87478 7.74993 0.000996169
5 0.87993 7.74994 0.000727402
6 0.91499 7.74995 0.000558094
7 0.989895 7.74996 0.000611144
8 1.01801 7.74997 0.000629392
9 0.999541 7.74997 0.000489326
10 0.975929 7.74999 0.00048541
11 0.994684 7.74999 0.000565535
12 0.993413 7.75 0.000613089
13 0.953698 7.75002 0.000614222
14 0.916318 7.75003 0.000614301
15 0.923762 7.75004 0.000589416
16 0.924088 7.75005 0.000579103
17 0.895914 7.75006 0.000595865
18 0.878337 7.75007 0.000715248
19 0.8677 7.75008 0.000607912
20 0.854849 7.75009 0.000530197
21 0.806561 7.7501 0.000660214
22 0.742885 7.75011 0.00100013
23 0.665261 7.75012 0.00119864
24 0.555036 7.75013 0.0011665
25 0.414979 7.75013 0.000743984
26 0.261626 7.75014 0.000694701
27 0.180722 7.75014 0.000297553
28 0.110767 7.75014 0.000321771
29 0.0682658 7.75014 0.000168418
30 0.0362127 7.75014 0.000158897
31 0.0163101 7.75014 0.000143982
32 0.0054032 7.75014 7.82571e-05
33 0.00170623 7.75014 5.17256e-05
min energy  # max energy
-13.9973 7.75014
