Initial energy of the MPS: 0.0150185
# DMRG Sweep # Mid bond EE # Energy # Std #
0 0.0114079 -10.191 5.85467
1 0.719057 -13.9973 0.000292352
2 0.721489 -13.9973 5.43022e-05
Initial energy of the MPS: -0.354845
# DMRG Sweep # Mid bond EE # Energy # Std #
0 0.0527146 5.57889 3.19094
1 0.132825 7.74972 0.0126874
2 0.325875 7.74995 0.00126833
3 0.685356 7.74996 0.000738002
4 0.773947 7.74996 0.000670082
5 0.812684 7.74996 0.000649812
6 0.831856 7.74997 0.000568309
7 0.862395 7.74997 0.000435848
8 0.884664 7.74997 0.000468418
9 0.901578 7.74997 0.000597371
10 0.916465 7.74997 0.000523993
11 0.923904 7.74997 0.000356743
12 0.92631 7.74998 0.000291828
13 0.922214 7.74998 0.000266555
14 0.909847 7.74999 0.000318744
15 0.902209 7.74999 0.00032613
16 0.875669 7.74999 0.000454041
17 0.83533 7.75 0.000568248
18 0.793313 7.75 0.000697216
19 0.762909 7.75 0.00069034
20 0.747514 7.75 0.000525751
21 0.731525 7.75001 0.000498698
22 0.722534 7.75001 0.000502121
23 0.722995 7.75001 0.000518124
24 0.736838 7.75001 0.000532485
25 0.763429 7.75002 0.000521271
26 0.797779 7.75002 0.00049968
27 0.82828 7.75002 0.000461749
28 0.836722 7.75003 0.00034669
29 0.81722 7.75003 0.000347077
30 0.783975 7.75004 0.000388706
31 0.746506 7.75004 0.000485506
32 0.707271 7.75005 0.000627251
33 0.672006 7.75005 0.00064138
34 0.639804 7.75005 0.00104745
35 0.601696 7.75006 0.00061685
36 0.542305 7.75006 0.000914443
37 0.469728 7.75006 0.0006494
38 0.392358 7.75006 0.000843676
39 0.315578 7.75007 0.000574707
40 0.241978 7.75007 0.000690777
41 0.18215 7.75007 0.000546235
42 0.141284 7.75007 0.000435622
43 0.116528 7.75008 0.000325166
44 0.0957857 7.75008 0.00026033
45 0.0746242 7.75008 0.000204698
46 0.0571026 7.75008 0.000158449
47 0.0411827 7.75008 0.000100355
48 0.0256772 7.75008 0.000129457
49 0.0169741 7.75008 9.33572e-05
50 0.0117509 7.75008 6.71572e-05
min energy  # max energy
-13.9973 7.75008
