Initial energy of the MPS: 0.0149948
# DMRG Sweep # Mid bond EE # Energy # Std #
0 0.0114082 -10.1905 5.85436
1 0.719063 -13.9973 0.000292325
2 0.721489 -13.9973 5.43076e-05
Initial energy of the MPS: -0.354868
# DMRG Sweep # Mid bond EE # Energy # Std #
0 0.0512632 5.57509 3.18856
1 0.131582 7.74976 0.0128725
2 0.314059 7.74999 0.000587636
3 0.479408 7.74999 0.000536051
4 0.650932 7.74999 0.000349799
5 0.713563 7.74999 0.000271289
6 0.744686 7.74999 0.000230866
7 0.76386 7.74999 0.00024276
8 0.785267 7.74999 0.000199856
9 0.796971 7.74999 0.000199446
10 0.808336 7.74999 0.000196972
11 0.818075 7.74999 0.000230958
12 0.833361 7.74999 0.000205082
13 0.843766 7.74999 0.000227491
14 0.857552 7.74999 0.000213673
15 0.867906 7.74999 0.00019961
16 0.876545 7.74999 0.000188722
17 0.884732 7.74999 0.000112297
18 0.887304 7.74999 0.000120636
19 0.890663 7.74999 9.88778e-05
20 0.893795 7.75 0.000100314
21 0.897486 7.75 9.77073e-05
22 0.901667 7.75 8.87894e-05
23 0.905725 7.75 8.57216e-05
24 0.910121 7.75 8.27034e-05
25 0.913901 7.75 8.83726e-05
26 0.917689 7.75 9.89163e-05
27 0.921074 7.75 8.85741e-05
28 0.923241 7.75 7.53057e-05
29 0.924431 7.75 6.5591e-05
min energy  # max energy
-13.9973 7.75
