Initial energy of the MPS: 0.014989
# DMRG Sweep # Mid bond EE # Energy # Std #
0 0.0114079 -10.1911 5.85471
1 0.719062 -13.9973 0.000292418
2 0.721489 -13.9973 5.43192e-05
Initial energy of the MPS: -0.35491
# DMRG Sweep # Mid bond EE # Energy # Std #
0 0.0512765 5.57835 3.19105
1 0.133388 7.74948 0.015679
2 0.393045 7.74983 0.0024046
3 0.788084 7.74985 0.00155435
4 0.847987 7.74988 0.00188319
5 0.921314 7.74992 0.000845816
6 0.943429 7.74996 0.00131062
7 0.768138 7.74999 0.00190114
8 0.677411 7.75002 0.00201115
9 0.612017 7.75006 0.002054
10 0.535422 7.75011 0.0018477
11 0.445106 7.75017 0.00188697
12 0.334239 7.75022 0.00152055
13 0.246246 7.75025 0.00166214
14 0.175194 7.75027 0.00133171
15 0.10406 7.75028 0.000980453
16 0.0540378 7.75028 0.000547942
17 0.029551 7.75028 0.000228039
18 0.00935276 7.75029 0.000104489
19 0.00232644 7.75029 4.34777e-05
min energy  # max energy
-13.9973 7.75029
