Initial energy of the MPS: 0.0149377
# DMRG Sweep # Mid bond EE # Energy # Std #
0 0.011408 -10.1914 5.85484
1 0.719065 -13.9973 0.00029245
2 0.721489 -13.9973 5.43189e-05
Initial energy of the MPS: -0.354879
# DMRG Sweep # Mid bond EE # Energy # Std #
0 0.0510997 5.58021 3.19056
1 0.118136 7.7498 0.0117087
2 0.251729 7.74995 0.00113243
3 0.64756 7.74995 0.000812271
4 0.767275 7.74996 0.00082492
5 0.83212 7.74996 0.000723673
6 0.858978 7.74997 0.000779108
7 0.892055 7.74997 0.000542099
8 0.906598 7.74997 0.000312205
9 0.914415 7.74998 0.000257647
10 0.922632 7.74998 0.000275763
11 0.93513 7.74998 0.000320095
12 0.945577 7.74999 0.000383828
13 0.946731 7.74999 0.000403306
14 0.940129 7.74999 0.000383218
15 0.929786 7.74999 0.000390581
16 0.925667 7.74999 0.000344516
17 0.930313 7.75 0.000338218
18 0.93951 7.75 0.000316206
19 0.940476 7.75 0.000302695
20 0.92027 7.75001 0.000307173
21 0.890859 7.75001 0.000348541
22 0.868691 7.75002 0.000491356
23 0.855257 7.75002 0.00057815
24 0.847156 7.75002 0.000507128
25 0.843211 7.75003 0.00036241
26 0.836771 7.75003 0.000310094
27 0.826001 7.75004 0.000315128
28 0.811091 7.75004 0.000341169
29 0.794086 7.75004 0.000371575
30 0.775228 7.75004 0.000442513
31 0.759798 7.75005 0.000446039
32 0.752587 7.75005 0.00042482
33 0.756817 7.75005 0.00036766
34 0.771493 7.75005 0.000306551
35 0.790168 7.75005 0.000277197
36 0.79556 7.75006 0.000291626
37 0.766137 7.75006 0.000272292
38 0.704794 7.75006 0.00026546
39 0.634018 7.75007 0.000307876
40 0.557229 7.75007 0.000382919
41 0.478664 7.75007 0.000401261
42 0.397005 7.75007 0.000435364
43 0.320639 7.75007 0.000408035
44 0.252678 7.75007 0.000413445
45 0.205233 7.75007 0.000278778
46 0.164445 7.75008 0.000188727
47 0.120143 7.75008 0.000186574
48 0.0858139 7.75008 0.000177687
49 0.0603407 7.75008 0.000197707
50 0.0433709 7.75008 0.00014302
51 0.0309519 7.75008 0.000117672
52 0.0219522 7.75008 9.32328e-05
53 0.0156078 7.75008 7.77701e-05
54 0.0116496 7.75008 5.03245e-05
min energy  # max energy
-13.9973 7.75008
