Initial energy of the MPS: 0.0150097
# DMRG Sweep # Mid bond EE # Energy # Std #
0 0.0114084 -10.1905 5.85439
1 0.719062 -13.9973 0.000292528
2 0.721489 -13.9973 5.43275e-05
Initial energy of the MPS: -0.354916
# DMRG Sweep # Mid bond EE # Energy # Std #
0 0.0502923 5.57505 3.18904
1 0.123978 7.74974 0.0133673
2 0.317499 7.74998 0.00109255
3 0.604979 7.74998 0.000655879
4 0.731441 7.74998 0.000537762
5 0.79256 7.74998 0.000448497
6 0.815223 7.74998 0.000471523
7 0.844679 7.74998 0.000385067
8 0.852164 7.74998 0.000420437
9 0.86153 7.74998 0.000503951
10 0.883669 7.74999 0.000398215
11 0.891325 7.74999 0.000309372
12 0.89626 7.74999 0.000205784
13 0.894468 7.74999 0.000246653
14 0.89387 7.74999 0.000238796
15 0.894534 7.74999 0.000165947
16 0.895455 7.74999 0.000139864
17 0.899091 7.74999 0.00014131
18 0.905755 7.74999 0.000152452
19 0.913533 7.74999 0.000163733
20 0.922818 7.74999 0.000185452
21 0.933131 7.74999 0.000171841
22 0.942249 7.75 0.000217177
23 0.951164 7.75 0.000175836
24 0.957534 7.75 0.000156931
25 0.963136 7.75 0.000151511
26 0.967318 7.75 0.000155248
27 0.968534 7.75 0.000146986
28 0.969127 7.75 0.000147137
29 0.966539 7.75 0.000154413
30 0.955606 7.75 0.000176622
31 0.937944 7.75 0.000146448
32 0.918025 7.75 0.000157616
33 0.898573 7.75 0.000172754
34 0.884121 7.75 0.000220768
35 0.87541 7.75001 0.000225639
36 0.871771 7.75001 0.000205884
37 0.872084 7.75001 0.000188944
38 0.872733 7.75001 0.00016456
39 0.873424 7.75001 0.000156363
40 0.872694 7.75001 0.000152007
41 0.871581 7.75001 0.000146489
42 0.868488 7.75001 0.000141031
43 0.865707 7.75001 0.000140334
44 0.861309 7.75001 0.000143109
45 0.857108 7.75002 0.000143943
46 0.855096 7.75002 0.000145704
47 0.854447 7.75002 0.000152502
48 0.854483 7.75002 0.000156408
49 0.854761 7.75002 0.000187224
50 0.853867 7.75002 0.000146734
51 0.851092 7.75002 0.000149526
52 0.843738 7.75002 0.000147329
53 0.832572 7.75002 0.000144525
54 0.820291 7.75002 0.000139151
55 0.807167 7.75002 0.000144574
56 0.794971 7.75002 0.00014972
57 0.78403 7.75002 0.000153664
58 0.773986 7.75003 0.000166723
59 0.765354 7.75003 0.000265552
60 0.752785 7.75003 0.000172903
61 0.745175 7.75003 0.000187061
62 0.738441 7.75003 0.000192131
63 0.732742 7.75003 0.000195311
64 0.727325 7.75003 0.000194553
65 0.722354 7.75003 0.000188115
66 0.717593 7.75003 0.000172657
67 0.714614 7.75003 0.000108997
68 0.717116 7.75003 0.000878055
69 0.596376 7.75003 0.000212081
70 0.563872 7.75003 0.000316085
71 0.522317 7.75003 0.000212648
72 0.493557 7.75003 0.000182749
-13.9973 7.75003
