Initial energy of the MPS: 0.0149416
# DMRG Sweep # Mid bond EE # Energy # Std #
0 0.0114083 -10.1915 5.85489
1 0.719066 -13.9973 0.00029246
2 0.721489 -13.9973 5.43247e-05
Initial energy of the MPS: -0.35488
# DMRG Sweep # Mid bond EE # Energy # Std #
0 0.0509828 5.57993 3.19084
1 0.121475 7.74966 0.0129072
2 0.312638 7.74988 0.00185959
3 0.731704 7.7499 0.00137093
4 0.862351 7.74992 0.00140644
5 0.892876 7.74994 0.00112609
6 0.899314 7.74996 0.000892238
7 0.96031 7.74998 0.000875405
8 0.990028 7.74999 0.000871719
9 0.940397 7.75001 0.000820302
10 0.935106 7.75003 0.000773441
11 0.936927 7.75004 0.000786414
12 0.937927 7.75006 0.000823672
13 0.901891 7.75008 0.000777304
14 0.842846 7.75009 0.000856984
15 0.810098 7.7501 0.00147189
16 0.810902 7.75011 0.00191018
17 0.787166 7.75013 0.00168176
18 0.709012 7.75014 0.00154887
19 0.578687 7.75015 0.000854988
20 0.434565 7.75017 0.00168067
21 0.27833 7.75018 0.00106629
22 0.189451 7.75019 0.000842701
23 0.0802095 7.75019 0.000536073
24 0.0329804 7.75019 0.000180214
25 0.0113268 7.75019 0.000141972
26 0.00260699 7.75019 6.33096e-05
min energy  # max energy
-13.9973 7.75019
