Initial energy of the MPS: 0.0149986
# DMRG Sweep # Mid bond EE # Energy # Std #
0 0.0114087 -10.1907 5.85449
1 0.719064 -13.9973 0.000292592
2 0.721489 -13.9973 5.43301e-05
Initial energy of the MPS: -0.354858
# DMRG Sweep # Mid bond EE # Energy # Std #
0 0.0524806 5.5768 3.18917
1 0.122277 7.74985 0.0120448
2 0.265707 7.75001 0.000265072
3 0.366672 7.75001 0.000134256
4 0.359809 7.75001 0.000170878
5 0.358908 7.75001 0.000169376
6 0.364139 7.75001 0.000155231
7 0.367112 7.75001 0.000151572
8 0.37082 7.75001 0.000145411
9 0.3772 7.75001 0.000137702
10 0.386244 7.75001 0.000121507
11 0.394629 7.75001 0.000107875
12 0.399842 7.75001 0.000107656
13 0.406699 7.75001 9.47615e-05
14 0.408695 7.75001 0.000102931
15 0.403475 7.75001 0.00014917
16 0.377368 7.75001 0.00014942
17 0.344613 7.75001 0.000106843
18 0.325176 7.75001 7.58406e-05
19 0.313594 7.75001 5.56144e-05
min energy  # max energy
-13.9973 7.75001
