Initial energy of the MPS: 0.0150039
# DMRG Sweep # Mid bond EE # Energy # Std #
0 0.0114089 -10.1907 5.8545
1 0.71907 -13.9973 0.000292558
2 0.721488 -13.9973 5.43369e-05
Initial energy of the MPS: -0.354905
# DMRG Sweep # Mid bond EE # Energy # Std #
0 0.0521537 5.57584 3.18831
1 0.129877 7.74975 0.0150716
2 0.328206 7.74998 0.000984632
3 0.644062 7.74998 0.000539305
4 0.739311 7.74998 0.000404905
5 0.756958 7.74998 0.000425262
6 0.776739 7.74998 0.000396002
7 0.794815 7.74998 0.000596587
8 0.832161 7.74998 0.000446771
9 0.851821 7.74999 0.000410583
10 0.875765 7.74999 0.00035631
11 0.896343 7.74999 0.000264047
12 0.904805 7.74999 0.000238779
13 0.906777 7.74999 0.000184426
14 0.905254 7.74999 0.000158999
15 0.904861 7.74999 0.000140033
16 0.907582 7.74999 0.000128165
17 0.912492 7.74999 0.000136676
18 0.918546 7.74999 0.000151549
19 0.925048 7.74999 0.000155315
20 0.932166 7.74999 0.000180622
21 0.939912 7.74999 0.000167473
22 0.947032 7.75 0.000165518
23 0.952289 7.75 0.000164842
24 0.955863 7.75 0.000146042
25 0.958133 7.75 0.00014313
26 0.955754 7.75 0.000139793
27 0.947601 7.75 0.000140724
28 0.9368 7.75 0.000137825
29 0.921864 7.75 0.000141189
30 0.908504 7.75 0.000148222
31 0.895646 7.75 0.00016199
32 0.886395 7.75 0.000169294
33 0.879842 7.75 0.000177877
34 0.874449 7.75 0.000183854
35 0.870566 7.75001 0.000177406
36 0.866506 7.75001 0.000170877
37 0.862156 7.75001 0.000156211
38 0.857883 7.75001 0.000147967
39 0.854198 7.75001 0.000144026
40 0.851394 7.75001 0.000136729
41 0.851163 7.75001 0.000139356
42 0.853733 7.75001 0.00016903
43 0.857929 7.75001 0.000140715
44 0.862581 7.75001 0.000178626
45 0.866103 7.75001 0.000177607
46 0.868706 7.75002 0.000140597
47 0.869977 7.75002 0.000144483
48 0.867401 7.75002 0.000138827
49 0.861036 7.75002 0.000137302
50 0.851161 7.75002 0.000133006
51 0.839846 7.75002 0.000134486
52 0.827524 7.75002 0.000137385
53 0.814741 7.75002 0.000140406
54 0.802902 7.75002 0.000147086
55 0.791723 7.75002 0.000161399
56 0.781792 7.75002 0.000172256
57 0.772938 7.75002 0.000190924
58 0.764852 7.75002 0.000203663
59 0.757839 7.75002 0.000211744
60 0.751902 7.75002 0.000211396
61 0.746888 7.75003 0.000210019
62 0.742634 7.75003 0.000167182
63 0.740945 7.75003 0.000119818
64 0.740796 7.75003 9.8715e-05
65 0.739601 7.75003 0.000180413
66 0.724905 7.75003 0.000172197
67 0.694037 7.75003 0.000118543
68 0.660968 7.75003 9.24587e-05
69 0.627183 7.75003 0.000115051
70 0.593508 7.75003 0.000141958
71 0.559151 7.75003 0.000154517
72 0.522782 7.75003 0.00019782
73 0.491011 7.75003 0.00016297
74 0.458622 7.75003 0.000114213
75 0.417179 7.75003 0.000163317
76 0.386262 7.75003 0.000133909
-13.9973 7.75003
