Initial energy of the MPS: 0.0149582
# DMRG Sweep # Mid bond EE # Energy # Std #
0 0.0114078 -10.1908 5.85452
1 0.719059 -13.9973 0.000292351
2 0.721489 -13.9973 5.43079e-05
Initial energy of the MPS: -0.354909
# DMRG Sweep # Mid bond EE # Energy # Std #
0 0.0515577 5.5811 3.19134
1 0.123812 7.74978 0.0121945
2 0.290951 7.74996 0.00134411
3 0.642526 7.74996 0.000727299
4 0.743158 7.74996 0.000684508
5 0.810388 7.74997 0.00062113
6 0.840595 7.74997 0.000632748
7 0.862053 7.74997 0.000773905
8 0.895195 7.74997 0.000613953
9 0.917753 7.74998 0.000453029
10 0.928767 7.74998 0.00030024
11 0.928198 7.74998 0.000216882
12 0.931308 7.74998 0.000226255
13 0.946413 7.74999 0.00022475
14 0.965689 7.74999 0.000269428
15 0.980184 7.74999 0.000279425
16 0.991123 7.74999 0.00027204
17 0.997882 7.74999 0.000260607
18 1.00021 7.74999 0.000247045
19 0.99027 7.75 0.000239186
20 0.969601 7.75 0.000241566
21 0.948734 7.75 0.000235688
22 0.925293 7.75 0.000261664
23 0.909481 7.75001 0.00027581
24 0.896046 7.75001 0.000314627
25 0.885166 7.75001 0.000274574
26 0.880598 7.75002 0.000256388
27 0.880608 7.75002 0.00024351
28 0.889492 7.75002 0.000255303
29 0.899995 7.75002 0.000256933
30 0.90941 7.75002 0.000261805
31 0.91145 7.75003 0.000259714
32 0.902611 7.75003 0.000242733
33 0.885028 7.75003 0.000245445
34 0.862931 7.75003 0.000248992
35 0.84667 7.75003 0.000260237
36 0.835847 7.75004 0.000286083
37 0.827217 7.75004 0.000282534
38 0.818321 7.75004 0.000252871
39 0.80391 7.75004 0.00022962
40 0.783657 7.75005 0.000211445
41 0.75588 7.75005 0.000245219
42 0.724411 7.75005 0.000300382
43 0.690808 7.75005 0.000341746
44 0.653794 7.75005 0.000424262
45 0.607474 7.75005 0.000485977
46 0.548116 7.75006 0.000559145
47 0.475748 7.75006 0.000394713
48 0.416866 7.75006 0.00034777
49 0.36178 7.75006 0.000287691
50 0.308667 7.75006 0.000229968
51 0.26019 7.75006 0.000182386
52 0.213748 7.75006 0.000129924
53 0.160638 7.75006 0.000134497
54 0.120402 7.75006 0.000145136
55 0.0903242 7.75006 0.00012396
56 0.0676788 7.75006 0.000104393
57 0.0510346 7.75006 8.57378e-05
58 0.0398402 7.75006 6.66781e-05
min energy  # max energy
-13.9973 7.75006
