Initial energy of the MPS: 0.015041
# DMRG Sweep # Mid bond EE # Energy # Std #
0 0.0114084 -10.1912 5.85475
1 0.719063 -13.9973 0.000292465
2 0.721489 -13.9973 5.43189e-05
Initial energy of the MPS: -0.354925
# DMRG Sweep # Mid bond EE # Energy # Std #
0 0.0512758 5.57699 3.19026
1 0.118246 7.74978 0.0142195
2 0.292871 7.74998 0.000756857
3 0.482904 7.74998 0.000735706
4 0.634431 7.74999 0.000520011
5 0.713692 7.74999 0.000408758
6 0.764209 7.74999 0.00038339
7 0.805376 7.74999 0.000372429
8 0.840925 7.74999 0.000386819
9 0.872499 7.74999 0.000483642
10 0.919963 7.74999 0.000348821
11 0.939057 7.74999 0.000256585
12 0.948178 7.74999 0.00017037
13 0.952849 7.74999 0.000167496
14 0.956047 7.74999 0.000120151
15 0.95594 7.74999 0.000110004
16 0.954549 7.74999 0.000156803
17 0.954542 7.74999 0.000120311
18 0.953073 7.74999 9.9068e-05
19 0.950896 7.74999 0.00010027
20 0.949635 7.74999 8.92936e-05
21 0.949124 7.74999 7.79132e-05
22 0.949811 7.74999 7.82957e-05
23 0.952459 7.74999 8.24896e-05
24 0.95604 7.74999 7.72634e-05
25 0.959828 7.74999 7.8795e-05
26 0.963128 7.74999 8.47817e-05
27 0.967207 7.74999 8.84297e-05
28 0.971708 7.74999 9.61685e-05
29 0.977171 7.74999 9.27587e-05
30 0.982519 7.74999 8.69233e-05
31 0.987785 7.74999 9.16595e-05
32 0.992975 7.74999 9.3666e-05
33 0.99754 7.74999 9.00109e-05
34 1.00141 7.74999 9.19555e-05
35 1.0044 7.74999 8.99537e-05
36 1.00616 7.75 8.49371e-05
37 1.00473 7.75 8.53803e-05
38 1.00123 7.75 8.30952e-05
39 0.99597 7.75 8.31462e-05
40 0.988556 7.75 8.57377e-05
41 0.981101 7.75 8.07688e-05
42 0.972533 7.75 7.7764e-05
43 0.96296 7.75 8.10005e-05
44 0.954075 7.75 8.12495e-05
45 0.945923 7.75 8.17398e-05
46 0.938914 7.75 8.12716e-05
47 0.932866 7.75 8.48444e-05
48 0.927637 7.75 9.37042e-05
49 0.923437 7.75 9.26051e-05
50 0.91946 7.75 9.43448e-05
51 0.915832 7.75 9.20822e-05
52 0.912888 7.75 8.3844e-05
53 0.910616 7.75 8.50198e-05
54 0.908273 7.75 8.98273e-05
55 0.906463 7.75 8.45113e-05
56 0.904941 7.75 8.61124e-05
57 0.904243 7.75 7.82848e-05
58 0.903952 7.75 8.31032e-05
59 0.904741 7.75 7.95834e-05
60 0.906303 7.75 7.55163e-05
61 0.909818 7.75 7.92213e-05
62 0.913556 7.75 7.93483e-05
63 0.917069 7.75 8.04809e-05
64 0.919531 7.75 8.14698e-05
65 0.921559 7.75 7.85184e-05
66 0.922582 7.75 8.06263e-05
67 0.92245 7.75001 8.16705e-05
68 0.921085 7.75001 7.88552e-05
69 0.918248 7.75001 7.96968e-05
70 0.912812 7.75001 7.85549e-05
71 0.906677 7.75001 8.14925e-05
72 0.899672 7.75001 8.05669e-05
73 0.892991 7.75001 8.57798e-05
74 0.88685 7.75001 8.57172e-05
-13.9973 7.75001
