Initial energy of the MPS: 0.0149828
# DMRG Sweep # Mid bond EE # Energy # Std #
0 0.0114079 -10.1912 5.85473
1 0.71906 -13.9973 0.000292356
2 0.721489 -13.9973 5.43001e-05
Initial energy of the MPS: -0.35489
# DMRG Sweep # Mid bond EE # Energy # Std #
0 0.0510464 5.57686 3.18889
1 0.128212 7.74964 0.0127654
2 0.316724 7.74989 0.00168806
3 0.71184 7.7499 0.00135983
4 0.817237 7.74991 0.0013017
5 0.872057 7.74993 0.00123098
6 0.918696 7.74995 0.000755681
7 0.938136 7.74997 0.000757144
8 0.929822 7.74998 0.00101479
9 0.893471 7.74999 0.000811254
10 0.904328 7.75 0.000785652
11 0.937541 7.75001 0.000804546
12 0.910824 7.75004 0.000938822
13 0.880422 7.75006 0.00108185
14 0.888553 7.75007 0.000790811
15 0.895457 7.75009 0.000771241
16 0.843422 7.75011 0.00100415
17 0.767027 7.75012 0.00145154
18 0.701673 7.75013 0.00149834
19 0.661194 7.75014 0.00195985
20 0.573049 7.75016 0.00145063
21 0.39265 7.75017 0.00107961
22 0.199901 7.75018 0.000766207
23 0.103725 7.75018 0.000376802
24 0.0581687 7.75018 0.000197174
25 0.0293669 7.75018 0.000124254
26 0.013167 7.75018 7.54994e-05
27 0.00530221 7.75018 3.888e-05
min energy  # max energy
-13.9973 7.75018
