Initial energy of the MPS: 0.0150039
# DMRG Sweep # Mid bond EE # Energy # Std #
0 0.011409 -10.1915 5.85488
1 0.719068 -13.9973 0.000292632
2 0.721489 -13.9973 5.43422e-05
Initial energy of the MPS: -0.354899
# DMRG Sweep # Mid bond EE # Energy # Std #
0 0.0514347 5.57596 3.19048
1 0.124293 7.74984 0.0111052
2 0.267902 7.74998 0.000832781
3 0.582061 7.74998 0.000472426
4 0.70561 7.74998 0.000384615
5 0.771442 7.74999 0.000331737
6 0.797769 7.74999 0.000284584
7 0.808001 7.74999 0.000303031
8 0.820161 7.74999 0.000280743
9 0.827727 7.74999 0.000274263
10 0.833862 7.74999 0.000273877
11 0.83967 7.74999 0.0003152
12 0.849847 7.74999 0.000353039
13 0.870353 7.74999 0.00024587
14 0.87563 7.74999 0.000216948
15 0.880085 7.74999 0.00014715
16 0.881934 7.74999 0.000162234
17 0.882451 7.74999 0.000152469
18 0.882171 7.74999 0.000157122
19 0.879882 7.74999 0.0001592
20 0.877588 7.74999 0.000137376
21 0.874568 7.74999 0.000156251
22 0.874086 7.74999 0.000128492
23 0.875161 7.74999 0.00011119
24 0.87805 7.74999 9.24863e-05
25 0.883519 7.74999 9.91735e-05
26 0.890208 7.74999 9.6695e-05
27 0.895084 7.75 0.00011231
28 0.897109 7.75 0.000110186
29 0.894477 7.75 0.000141338
30 0.890189 7.75 0.000146125
31 0.883072 7.75 0.000192677
32 0.874991 7.75 0.000173993
33 0.865698 7.75 0.000196247
34 0.8573 7.75 0.000186287
35 0.849236 7.75 0.000198793
36 0.843521 7.75 0.00015364
37 0.836829 7.75 0.000184949
38 0.833182 7.75 0.000139024
39 0.828166 7.75 0.000150589
40 0.824959 7.75 0.000154585
41 0.823674 7.75 0.000152005
42 0.823892 7.75 0.00017116
43 0.826338 7.75 0.00015758
44 0.830271 7.75 0.000147029
45 0.835728 7.75 0.000143408
46 0.842829 7.75 0.000144446
47 0.850705 7.75 0.000136871
48 0.859176 7.75 0.000130309
49 0.867031 7.75 0.000132899
50 0.873428 7.75 0.000130742
51 0.877937 7.75 0.000127675
52 0.879802 7.75 0.000128822
53 0.878884 7.75 0.000126011
54 0.874161 7.75 0.000130676
55 0.867525 7.75 0.000126743
56 0.858937 7.75001 0.000126911
57 0.849664 7.75001 0.000122058
58 0.841022 7.75001 0.000122886
59 0.833468 7.75001 0.00012756
60 0.827029 7.75001 0.000129223
61 0.822515 7.75001 0.000129672
62 0.819214 7.75001 0.000134414
63 0.817201 7.75001 0.00013586
64 0.81621 7.75001 0.000138078
65 0.81634 7.75001 0.000135629
66 0.816648 7.75001 0.000136058
67 0.817654 7.75001 0.000128072
68 0.818687 7.75001 0.000129772
69 0.819272 7.75001 0.000122852
70 0.819349 7.75001 0.000114159
71 0.818523 7.75001 0.000107735
72 0.816083 7.75001 0.000104679
73 0.811256 7.75001 0.000103986
74 0.80449 7.75001 9.9956e-05
75 0.795914 7.75001 0.000103682
76 0.786026 7.75001 0.000103292
77 0.774377 7.75002 0.000114327
78 0.76268 7.75002 0.000126159
79 0.750421 7.75002 0.000146308
-13.9973 7.75002
