Initial energy of the MPS: 0.0149861
# DMRG Sweep # Mid bond EE # Energy # Std #
0 0.011408 -10.191 5.85467
1 0.719064 -13.9973 0.000292331
2 0.721489 -13.9973 5.43035e-05
Initial energy of the MPS: -0.354858
# DMRG Sweep # Mid bond EE # Energy # Std #
0 0.0520356 5.57729 3.19002
1 0.127597 7.74963 0.0141844
2 0.32494 7.74987 0.0019463
3 0.756327 7.74989 0.00153873
4 0.88382 7.74991 0.0010238
5 0.905543 7.74994 0.000773346
6 0.890563 7.74996 0.00121759
7 0.847874 7.74997 0.00108642
8 0.813629 7.74998 0.00126276
9 0.811159 7.74999 0.000862191
10 0.842412 7.75 0.00101257
11 0.899851 7.75002 0.000987227
12 0.887623 7.75006 0.000938224
13 0.793974 7.75008 0.00154491
14 0.716632 7.7501 0.00201632
15 0.717543 7.75012 0.00192851
16 0.757372 7.75013 0.000775655
17 0.808135 7.75016 0.000749293
18 0.665981 7.75018 0.000936993
19 0.439792 7.75019 0.00117128
20 0.268917 7.7502 0.000911745
21 0.150668 7.75021 0.000688916
22 0.0879899 7.75021 0.000393611
23 0.0443857 7.75021 0.000248006
24 0.0200294 7.75021 0.000142119
25 0.00752274 7.75021 7.98602e-05
26 0.00247041 7.75021 4.12452e-05
min energy  # max energy
-13.9973 7.75021
