Initial energy of the MPS: 0.0150186
# DMRG Sweep # Mid bond EE # Energy # Std #
0 0.0114085 -10.1908 5.85456
1 0.719065 -13.9973 0.000292453
2 0.721489 -13.9973 5.43158e-05
Initial energy of the MPS: -0.354889
# DMRG Sweep # Mid bond EE # Energy # Std #
0 0.051348 5.57593 3.18909
1 0.126835 7.74964 0.0114275
2 0.303082 7.74986 0.00208185
3 0.730271 7.74987 0.00153762
4 0.841211 7.74989 0.00148109
5 0.902084 7.74991 0.00140851
6 0.910296 7.74995 0.000804199
7 0.862809 7.74998 0.0014064
8 0.694803 7.75 0.00177195
9 0.603436 7.75003 0.00199327
10 0.530426 7.75006 0.00207213
11 0.479808 7.7501 0.00182947
12 0.410091 7.75014 0.00125082
13 0.328987 7.75017 0.0013734
14 0.249251 7.7502 0.00147988
15 0.216803 7.75022 0.00127883
16 0.145125 7.75023 0.000793838
17 0.123464 7.75024 0.000472235
18 0.0654277 7.75024 0.000354663
19 0.0218499 7.75024 0.000175033
20 0.00706323 7.75024 6.07659e-05
min energy  # max energy
-13.9973 7.75024
