Initial energy of the MPS: 0.0149935
# DMRG Sweep # Mid bond EE # Energy # Std #
0 0.0114087 -10.1909 5.85459
1 0.719067 -13.9973 0.00029255
2 0.721489 -13.9973 5.43375e-05
Initial energy of the MPS: -0.354889
# DMRG Sweep # Mid bond EE # Energy # Std #
0 0.0519248 5.57579 3.1892
1 0.131648 7.74975 0.0139499
2 0.341844 7.74999 0.000656497
3 0.507312 7.74999 0.000511234
4 0.713573 7.74999 0.000347359
5 0.797419 7.74999 0.000261923
6 0.830936 7.74999 0.000235394
7 0.852278 7.74999 0.00020113
8 0.863131 7.74999 0.000175253
9 0.867599 7.74999 0.00019327
10 0.873503 7.74999 0.000173953
11 0.876286 7.74999 0.000168243
12 0.878302 7.74999 0.000181571
13 0.881335 7.74999 0.000188775
14 0.885639 7.74999 0.000195513
15 0.891523 7.74999 0.000141074
16 0.892244 7.74999 0.000117547
17 0.892348 7.74999 9.79031e-05
18 0.892854 7.74999 0.000113097
19 0.894487 7.74999 0.000104014
20 0.896544 7.74999 0.000105246
21 0.897709 7.74999 0.000101112
22 0.898548 7.74999 0.000103132
23 0.899096 7.74999 0.00010614
24 0.899909 7.74999 0.000109607
25 0.900884 7.74999 0.000139958
26 0.903622 7.74999 9.97183e-05
27 0.904279 7.74999 9.61112e-05
28 0.904962 7.74999 8.82844e-05
29 0.905409 7.74999 8.46259e-05
30 0.905744 7.75 7.18043e-05
31 0.905764 7.75 6.60447e-05
min energy  # max energy
-13.9973 7.75
