Initial energy of the MPS: 0.0149854
# DMRG Sweep # Mid bond EE # Energy # Std #
0 0.011408 -10.1911 5.85472
1 0.719064 -13.9973 0.000292404
2 0.721489 -13.9973 5.43105e-05
Initial energy of the MPS: -0.35487
# DMRG Sweep # Mid bond EE # Energy # Std #
0 0.0516303 5.57439 3.18902
1 0.130577 7.74974 0.0122504
2 0.319599 7.74996 0.00128502
3 0.65752 7.74996 0.000881453
4 0.750291 7.74996 0.000713629
5 0.805128 7.74996 0.000575981
6 0.847365 7.74997 0.000508582
7 0.880535 7.74997 0.000442206
8 0.897507 7.74997 0.00046062
9 0.904168 7.74997 0.000332471
10 0.895889 7.74998 0.000293394
11 0.904787 7.74998 0.000232653
12 0.921327 7.74998 0.000264264
13 0.914761 7.74999 0.000365078
14 0.879883 7.74999 0.000499406
15 0.843709 7.74999 0.000537455
16 0.820982 7.74999 0.000507196
17 0.799651 7.74999 0.000463237
18 0.778475 7.75 0.000541035
19 0.76591 7.75 0.000518853
20 0.760632 7.75 0.000460295
21 0.762971 7.75 0.000374239
22 0.770354 7.75 0.000330975
23 0.784974 7.75 0.000729066
24 0.820925 7.75001 0.000322868
25 0.841395 7.75001 0.000343336
26 0.864754 7.75001 0.000359229
27 0.879061 7.75001 0.000338687
28 0.871995 7.75002 0.000337748
29 0.848818 7.75002 0.000350541
30 0.824967 7.75003 0.000393768
31 0.807238 7.75003 0.000410713
32 0.794532 7.75003 0.000402234
33 0.789314 7.75003 0.000420538
34 0.792321 7.75004 0.000371939
35 0.802178 7.75004 0.000300091
36 0.809819 7.75004 0.000252442
37 0.801854 7.75004 0.000230749
38 0.772113 7.75005 0.000256252
39 0.724315 7.75005 0.000354158
40 0.670068 7.75005 0.000506775
41 0.609635 7.75006 0.00062803
42 0.540973 7.75006 0.000618803
43 0.470256 7.75006 0.000552736
44 0.401985 7.75006 0.000494689
45 0.337332 7.75006 0.000495859
46 0.293536 7.75007 0.000333202
47 0.242643 7.75007 0.000194345
48 0.183581 7.75007 0.00023299
49 0.137595 7.75007 0.000239033
50 0.101977 7.75007 0.000307526
51 0.0915253 7.75007 9.0855e-05
52 0.0635021 7.75007 0.000118339
53 0.0460035 7.75007 0.00013041
54 0.035193 7.75007 0.00010493
55 0.0270007 7.75007 9.51505e-05
56 0.0213656 7.75007 8.77509e-05
57 0.017604 7.75007 7.77111e-05
58 0.016645 7.75007 3.99076e-05
min energy  # max energy
-13.9973 7.75007
