Initial energy of the MPS: 0.0149955
# DMRG Sweep # Mid bond EE # Energy # Std #
0 0.0114086 -10.1913 5.85479
1 0.719062 -13.9973 0.000292502
2 0.721489 -13.9973 5.43139e-05
Initial energy of the MPS: -0.354888
# DMRG Sweep # Mid bond EE # Energy # Std #
0 0.0509145 5.57874 3.19083
1 0.123947 7.74977 0.013838
2 0.30994 7.74998 0.00100616
3 0.573341 7.74998 0.000538035
4 0.657833 7.74998 0.000484127
5 0.733959 7.74998 0.000313923
6 0.754081 7.74998 0.000303211
7 0.770506 7.74999 0.000303282
8 0.785878 7.74999 0.000301427
9 0.799781 7.74999 0.000306998
10 0.813063 7.74999 0.000310119
11 0.825048 7.74999 0.000362152
12 0.841719 7.74999 0.000321095
13 0.854922 7.74999 0.000238721
14 0.864048 7.74999 0.000240596
15 0.874786 7.74999 0.000201291
16 0.882583 7.74999 0.000200776
17 0.887321 7.74999 0.000178519
18 0.889973 7.74999 0.000191072
19 0.892825 7.74999 0.000164926
20 0.894968 7.74999 0.000130618
21 0.896435 7.74999 0.000113288
22 0.899431 7.74999 0.00010458
23 0.904985 7.74999 9.28589e-05
24 0.912731 7.74999 9.92525e-05
25 0.922494 7.74999 9.61095e-05
26 0.931049 7.74999 0.000104823
27 0.937644 7.74999 0.000128819
28 0.944303 7.74999 0.000117898
29 0.949582 7.74999 0.00014496
30 0.954841 7.75 0.000145063
31 0.959251 7.75 0.000145243
32 0.96402 7.75 0.000128418
33 0.96822 7.75 0.000129187
34 0.972442 7.75 0.000116263
35 0.975656 7.75 0.000109647
36 0.978686 7.75 0.000110608
37 0.98071 7.75 0.00010534
38 0.982131 7.75 0.00010433
39 0.980915 7.75 0.00010251
40 0.976622 7.75 0.000105017
41 0.970073 7.75 0.000107591
42 0.960661 7.75 0.000111319
43 0.94636 7.75 0.000107537
44 0.931808 7.75 0.000114373
45 0.916281 7.75 0.000114841
46 0.901971 7.75 0.000130941
47 0.891171 7.75 0.000134542
48 0.882889 7.75 0.000158489
49 0.878023 7.75 0.000167783
50 0.875164 7.75 0.000155755
51 0.873391 7.75 0.000157554
52 0.872668 7.75 0.00014407
53 0.872832 7.75 0.000124622
54 0.873186 7.75001 0.000119224
55 0.873389 7.75001 0.000115143
56 0.872114 7.75001 0.000110149
57 0.869507 7.75001 0.000106926
58 0.866867 7.75001 0.000103859
59 0.864103 7.75001 0.000104083
60 0.862388 7.75001 0.000104374
61 0.86091 7.75001 0.000104213
62 0.861037 7.75001 0.000103577
63 0.86228 7.75001 0.000105994
64 0.863991 7.75001 0.000129934
65 0.86638 7.75001 0.000114431
66 0.867816 7.75001 0.000136917
67 0.868644 7.75001 0.000134625
68 0.867548 7.75001 0.00011256
69 0.864521 7.75001 0.000111956
70 0.858387 7.75001 0.000112615
71 0.851198 7.75001 0.000112063
72 0.842688 7.75001 0.000112656
73 0.833237 7.75001 0.000116119
74 0.823606 7.75001 0.000111503
-13.9973 7.75001
