Initial energy of the MPS: 0.0150096
# DMRG Sweep # Mid bond EE # Energy # Std #
0 0.011408 -10.1913 5.8548
1 0.719062 -13.9973 0.000292345
2 0.721489 -13.9973 5.431e-05
Initial energy of the MPS: -0.354935
# DMRG Sweep # Mid bond EE # Energy # Std #
0 0.0515632 5.57318 3.18847
1 0.124134 7.74971 0.0134635
2 0.286308 7.74989 0.00165452
3 0.749497 7.74991 0.00124631
4 0.884114 7.74992 0.000989759
5 0.879701 7.74994 0.0010172
6 0.926645 7.74995 0.000493028
7 1.01039 7.74996 0.000687582
8 1.033 7.74996 0.000680357
9 1.0241 7.74997 0.000649326
10 0.987601 7.74998 0.00053372
11 0.976009 7.75 0.000641364
12 0.980648 7.75001 0.0006498
13 0.959545 7.75002 0.00067212
14 0.909997 7.75004 0.000745788
15 0.895056 7.75005 0.000775176
16 0.906577 7.75006 0.000685216
17 0.898951 7.75007 0.000624584
18 0.862321 7.75009 0.000760997
19 0.818482 7.7501 0.000933537
20 0.789429 7.75011 0.000814917
21 0.793651 7.75012 0.000495279
22 0.738178 7.75013 0.000484609
23 0.618289 7.75014 0.000710262
24 0.470064 7.75014 0.000746064
25 0.336506 7.75015 0.000727475
26 0.224061 7.75015 0.000497382
27 0.137972 7.75015 0.000369389
28 0.0792962 7.75016 0.00019273
29 0.0378496 7.75016 0.00015882
30 0.0161792 7.75016 0.000121619
31 0.00650728 7.75016 6.71274e-05
min energy  # max energy
-13.9973 7.75016
