Initial energy of the MPS: 0.0150184
# DMRG Sweep # Mid bond EE # Energy # Std #
0 0.011408 -10.1905 5.85437
1 0.719062 -13.9973 0.000292462
2 0.721489 -13.9973 5.4321e-05
Initial energy of the MPS: -0.354934
# DMRG Sweep # Mid bond EE # Energy # Std #
0 0.0517369 5.57822 3.19087
1 0.125469 7.74965 0.0135605
2 0.331172 7.74989 0.0019812
3 0.783648 7.7499 0.00149215
4 0.900284 7.74992 0.00136558
5 0.892997 7.74994 0.000738059
6 0.941432 7.74996 0.000747081
7 0.964472 7.74997 0.00058623
8 0.989597 7.74998 0.000570132
9 1.02521 7.75 0.000627338
10 1.00677 7.75001 0.00061783
11 0.975991 7.75003 0.000633153
12 0.978123 7.75004 0.000645463
13 0.972757 7.75005 0.000610161
14 0.973583 7.75006 0.000796521
15 0.974711 7.75007 0.000768936
16 0.948163 7.75009 0.000651558
17 0.921948 7.7501 0.000713087
18 0.897491 7.75011 0.000644284
19 0.856225 7.75012 0.000600191
20 0.804967 7.75013 0.000708978
21 0.775253 7.75014 0.000632802
22 0.762161 7.75014 0.000442051
23 0.727782 7.75015 0.000596452
24 0.519044 7.75016 0.000429101
25 0.370503 7.75016 0.000329574
26 0.226518 7.75017 0.000245533
27 0.119444 7.75017 0.000136182
28 0.0529175 7.75017 9.53585e-05
29 0.0218351 7.75017 7.4857e-05
30 0.00944593 7.75017 4.75986e-05
min energy  # max energy
-13.9973 7.75017
