Initial energy of the MPS: 0.0149348
# DMRG Sweep # Mid bond EE # Energy # Std #
0 0.0114078 -10.1907 5.85449
1 0.719065 -13.9973 0.000292396
2 0.721489 -13.9973 5.43205e-05
Initial energy of the MPS: -0.354852
# DMRG Sweep # Mid bond EE # Energy # Std #
0 0.0511053 5.5764 3.19003
1 0.130191 7.7497 0.0138319
2 0.343513 7.74995 0.00121186
3 0.688458 7.74996 0.000773
4 0.775719 7.74996 0.000719078
5 0.814951 7.74996 0.00068348
6 0.835998 7.74997 0.000789163
7 0.862336 7.74997 0.000648269
8 0.883499 7.74997 0.000427865
9 0.878805 7.74998 0.000339677
10 0.886666 7.74998 0.000266342
11 0.912089 7.74999 0.000271472
12 0.920931 7.74999 0.000383596
13 0.905348 7.74999 0.000460569
14 0.889495 7.74999 0.0004668
15 0.883116 7.75 0.000354859
16 0.882689 7.75 0.000294843
17 0.888081 7.75 0.000297375
18 0.899342 7.75 0.000316187
19 0.911112 7.75 0.000332238
20 0.913806 7.75001 0.000327253
21 0.899147 7.75001 0.000349353
22 0.873181 7.75002 0.000365429
23 0.856298 7.75002 0.000388531
24 0.852286 7.75002 0.00039714
25 0.853226 7.75003 0.000358637
26 0.857894 7.75003 0.000334531
27 0.857087 7.75003 0.000298614
28 0.846143 7.75003 0.000291197
29 0.824882 7.75004 0.000299455
30 0.798351 7.75004 0.000386973
31 0.771336 7.75005 0.000512951
32 0.743929 7.75005 0.000589956
33 0.718086 7.75005 0.000663456
34 0.692103 7.75005 0.000830547
35 0.652522 7.75006 0.000888509
36 0.595361 7.75006 0.000869699
37 0.523899 7.75006 0.00117016
38 0.426819 7.75007 0.00040839
39 0.346316 7.75007 0.000740465
40 0.273857 7.75007 0.000381309
41 0.218334 7.75007 0.000370375
42 0.1774 7.75007 0.000251533
43 0.145104 7.75007 0.000190955
44 0.116376 7.75007 0.000159602
45 0.0924331 7.75007 0.000121224
46 0.0724054 7.75007 8.78875e-05
47 0.0564987 7.75007 6.23699e-05
min energy  # max energy
-13.9973 7.75007
