Initial energy of the MPS: 0.0149613
# DMRG Sweep # Mid bond EE # Energy # Std #
0 0.0114078 -10.1912 5.85477
1 0.71906 -13.9973 0.000292321
2 0.721489 -13.9973 5.43037e-05
Initial energy of the MPS: -0.354925
# DMRG Sweep # Mid bond EE # Energy # Std #
0 0.0518967 5.57782 3.19106
1 0.137542 7.74955 0.0153141
2 0.373822 7.74989 0.00194292
3 0.747841 7.7499 0.00126367
4 0.835845 7.74991 0.00125361
5 0.886983 7.74992 0.00119104
6 0.914376 7.74994 0.000690396
7 0.922428 7.74996 0.000677634
8 0.908014 7.74998 0.00114968
9 0.82716 7.74999 0.00106453
10 0.766669 7.75 0.00125546
11 0.747965 7.75001 0.00102965
12 0.75368 7.75002 0.00103348
13 0.802407 7.75003 0.00109926
14 0.864199 7.75005 0.000831815
15 0.829996 7.75008 0.00105513
16 0.743338 7.7501 0.00148276
17 0.655967 7.75012 0.00149081
18 0.607719 7.75013 0.000957547
19 0.462815 7.75014 0.00135493
20 0.334449 7.75016 0.00124228
21 0.294183 7.75017 0.000937365
22 0.213757 7.75018 0.000733244
23 0.145157 7.75018 0.000520597
24 0.0890393 7.75018 0.000334463
25 0.0488179 7.75018 0.000222209
26 0.0255365 7.75018 0.000134911
27 0.0116898 7.75018 8.28085e-05
28 0.00486994 7.75018 4.5145e-05
min energy  # max energy
-13.9973 7.75018
