Initial energy of the MPS: 0.0149435
# DMRG Sweep # Mid bond EE # Energy # Std #
0 0.0114083 -10.1909 5.85462
1 0.719067 -13.9973 0.000292498
2 0.721489 -13.9973 5.43315e-05
Initial energy of the MPS: -0.354859
# DMRG Sweep # Mid bond EE # Energy # Std #
0 0.0503122 5.58108 3.19133
1 0.115527 7.74958 0.0131969
2 0.306581 7.74981 0.00263027
3 0.78813 7.74985 0.00182263
4 0.911441 7.74989 0.00193831
5 0.963051 7.74993 0.000997564
6 1.0617 7.74995 0.00117717
7 1.04517 7.74998 0.00138087
8 0.992716 7.75002 0.00114636
9 0.985977 7.75005 0.0011731
10 0.940079 7.7501 0.00134417
11 0.896998 7.75013 0.00133948
12 0.897739 7.75017 0.00141346
13 0.856071 7.75021 0.0011765
14 0.715794 7.75023 0.00191938
15 0.561755 7.75026 0.00154629
16 0.325601 7.75029 0.0012344
17 0.199994 7.7503 0.00084512
18 0.0904782 7.75031 0.000509878
19 0.0264206 7.75031 0.000241927
20 0.00447969 7.75031 6.92044e-05
min energy  # max energy
-13.9973 7.75031
