Initial energy of the MPS: 0.0150022
# DMRG Sweep # Mid bond EE # Energy # Std #
0 0.0114078 -10.1905 5.85437
1 0.71906 -13.9973 0.00029226
2 0.721489 -13.9973 5.42969e-05
Initial energy of the MPS: -0.35487
# DMRG Sweep # Mid bond EE # Energy # Std #
0 0.0512551 5.57602 3.18851
1 0.126419 7.74978 0.011974
2 0.294657 7.74998 0.000975105
3 0.56743 7.74998 0.000482957
4 0.743563 7.74998 0.000457499
5 0.818552 7.74998 0.000366889
6 0.849432 7.74998 0.000313163
7 0.858988 7.74999 0.000329862
8 0.867302 7.74999 0.000311918
9 0.870942 7.74999 0.000317752
10 0.873184 7.74999 0.000291012
11 0.872095 7.74999 0.000330809
12 0.876002 7.74999 0.000415274
13 0.896945 7.74999 0.000312053
14 0.905156 7.74999 0.000230808
15 0.909987 7.74999 0.000189298
16 0.913431 7.74999 0.000192245
17 0.917243 7.74999 0.000151773
18 0.919471 7.74999 0.000132926
19 0.920461 7.74999 0.000133951
20 0.921358 7.74999 0.000126221
21 0.92032 7.74999 0.000117547
22 0.916482 7.74999 0.000116172
23 0.911029 7.74999 0.000119711
24 0.905692 7.74999 0.000121377
25 0.903104 7.74999 0.000131944
26 0.904222 7.75 0.00013821
27 0.908664 7.75 0.000150646
28 0.914813 7.75 0.000158147
29 0.920436 7.75 0.000142899
30 0.924584 7.75 0.000152411
31 0.926791 7.75 0.000157668
32 0.926164 7.75 0.00017951
33 0.924439 7.75 0.000174079
34 0.922379 7.75 0.00017995
35 0.920977 7.75 0.000173764
36 0.920005 7.75 0.000152013
37 0.920038 7.75 0.000148485
38 0.921005 7.75 0.000141957
39 0.921395 7.75 0.000141883
40 0.920931 7.75 0.000143535
41 0.917227 7.75 0.000137681
42 0.911325 7.75 0.00014202
43 0.901924 7.75 0.000145449
44 0.890963 7.75 0.000148933
45 0.880153 7.75 0.000142839
46 0.869556 7.75001 0.000140067
47 0.862021 7.75001 0.000127407
48 0.856672 7.75001 0.000132097
49 0.854286 7.75001 0.00013112
50 0.854457 7.75001 0.000130971
51 0.855863 7.75001 0.000128598
52 0.857561 7.75001 0.000133052
53 0.859369 7.75001 0.000132303
54 0.860509 7.75001 0.000128849
55 0.860208 7.75001 0.000129929
56 0.857864 7.75001 0.00012614
57 0.853756 7.75001 0.000125783
58 0.847835 7.75001 0.000116388
59 0.841064 7.75001 0.00011611
60 0.833 7.75001 0.00012444
61 0.824264 7.75001 0.000122781
62 0.816006 7.75002 0.000136738
63 0.807831 7.75002 0.000147039
64 0.800395 7.75002 0.000156314
65 0.79354 7.75002 0.000183681
66 0.787348 7.75002 0.000187379
67 0.781924 7.75002 0.00018764
68 0.77747 7.75002 0.000178546
69 0.774073 7.75002 0.00016471
70 0.771864 7.75002 0.000151576
71 0.770818 7.75002 0.000134204
72 0.769805 7.75002 0.000107954
73 0.768598 7.75002 9.3481e-05
74 0.766077 7.75002 8.76699e-05
75 0.759435 7.75002 9.59299e-05
76 0.747687 7.75002 9.23348e-05
77 0.73134 7.75002 8.74993e-05
78 0.711332 7.75002 9.5977e-05
79 0.689794 7.75002 0.000130637
-13.9973 7.75002
