Initial energy of the MPS: 0.0149501
# DMRG Sweep # Mid bond EE # Energy # Std #
0 0.0114076 -10.1906 5.85442
1 0.719061 -13.9973 0.00029224
2 0.721489 -13.9973 5.42901e-05
Initial energy of the MPS: -0.354882
# DMRG Sweep # Mid bond EE # Energy # Std #
0 0.0511658 5.57499 3.18934
1 0.128142 7.74958 0.0158917
2 0.375871 7.74988 0.00209418
3 0.772769 7.74989 0.00130709
4 0.857928 7.74991 0.00133348
5 0.898718 7.74994 0.000948858
6 0.926636 7.74996 0.000829857
7 0.982155 7.74997 0.000832494
8 0.98554 7.74998 0.000787919
9 0.956108 7.75001 0.000730802
10 0.929503 7.75003 0.000949036
11 0.901334 7.75004 0.000933619
12 0.89087 7.75007 0.000848181
13 0.83118 7.75009 0.00127342
14 0.769261 7.75011 0.00109083
15 0.786223 7.75012 0.000790647
16 0.836179 7.75014 0.000765364
17 0.767507 7.75016 0.000753181
18 0.598889 7.75017 0.0011331
19 0.412595 7.75018 0.00107595
20 0.259452 7.75019 0.000892509
21 0.17224 7.75019 0.000544542
22 0.0949829 7.75019 0.000372101
23 0.0488128 7.75019 0.000236818
24 0.0234107 7.7502 0.00014347
25 0.010284 7.7502 8.5376e-05
26 0.00366079 7.7502 4.41034e-05
min energy  # max energy
-13.9973 7.7502
