Initial energy of the MPS: 0.0150074
# DMRG Sweep # Mid bond EE # Energy # Std #
0 0.0114087 -10.1912 5.85476
1 0.719062 -13.9973 0.000292505
2 0.721489 -13.9973 5.43207e-05
Initial energy of the MPS: -0.354898
# DMRG Sweep # Mid bond EE # Energy # Std #
0 0.0508097 5.57538 3.1891
1 0.120989 7.74969 0.0124614
2 0.293172 7.74991 0.00156821
3 0.690987 7.74992 0.00125844
4 0.833725 7.74993 0.00125663
5 0.89061 7.74994 0.00111329
6 0.923871 7.74996 0.000676647
7 0.941786 7.74997 0.000538232
8 0.991165 7.74998 0.00061132
9 0.993011 7.74999 0.000606474
10 0.967169 7.75 0.000574465
11 0.951693 7.75001 0.000613497
12 0.942787 7.75002 0.000655228
13 0.899114 7.75004 0.000693458
14 0.86861 7.75005 0.000693206
15 0.888833 7.75006 0.000638789
16 0.901184 7.75007 0.000645474
17 0.881823 7.75008 0.000617542
18 0.832481 7.75009 0.000817968
19 0.776206 7.7501 0.00108325
20 0.734964 7.75011 0.000962801
21 0.72553 7.75012 0.000399506
22 0.757625 7.75013 0.000735356
23 0.644606 7.75013 0.000395619
24 0.501644 7.75014 0.00043044
25 0.353253 7.75014 0.000482764
26 0.250436 7.75015 0.000366073
27 0.168741 7.75015 0.000322511
28 0.109422 7.75015 0.000251824
29 0.0685058 7.75015 0.000186842
30 0.0394032 7.75015 0.000130217
31 0.0210787 7.75015 9.35155e-05
32 0.0100601 7.75015 5.81133e-05
min energy  # max energy
-13.9973 7.75015
