Initial energy of the MPS: 0.0150492
# DMRG Sweep # Mid bond EE # Energy # Std #
0 0.0114087 -10.1912 5.85474
1 0.719062 -13.9973 0.000292491
2 0.721489 -13.9973 5.43165e-05
Initial energy of the MPS: -0.35487
# DMRG Sweep # Mid bond EE # Energy # Std #
0 0.0511594 5.58024 3.19011
1 0.12913 7.74959 0.0165766
2 0.363583 7.74987 0.00187875
3 0.781725 7.74989 0.00131587
4 0.894011 7.7499 0.00125872
5 0.901877 7.74993 0.000960861
6 0.930647 7.74995 0.000952696
7 0.95415 7.74996 0.000928596
8 0.960316 7.74998 0.000890391
9 0.962381 7.75 0.000792204
10 0.931922 7.75002 0.0009512
11 0.91162 7.75004 0.000994264
12 0.889785 7.75007 0.000857207
13 0.823296 7.7501 0.00134062
14 0.777401 7.75011 0.00114512
15 0.799872 7.75013 0.000834656
16 0.778072 7.75016 0.000816813
17 0.609199 7.75017 0.00112287
18 0.411121 7.75018 0.00121824
19 0.262448 7.75019 0.000936149
20 0.183201 7.7502 0.000602913
21 0.100291 7.7502 0.000408457
22 0.0517709 7.7502 0.000262002
23 0.0253907 7.7502 0.000163471
24 0.0118244 7.7502 9.94815e-05
25 0.00508259 7.7502 6.23058e-05
min energy  # max energy
-13.9973 7.7502
