Initial energy of the MPS: 0.0150144
# DMRG Sweep # Mid bond EE # Energy # Std #
0 0.0114084 -10.1912 5.85475
1 0.719065 -13.9973 0.000292476
2 0.721489 -13.9973 5.43249e-05
Initial energy of the MPS: -0.35491
# DMRG Sweep # Mid bond EE # Energy # Std #
0 0.0513341 5.5787 3.19101
1 0.130829 7.7496 0.0133905
2 0.342207 7.74989 0.00182592
3 0.731214 7.74991 0.00126288
4 0.830794 7.74992 0.00124634
5 0.89567 7.74993 0.00104077
6 0.915279 7.74994 0.000541352
7 0.952198 7.74996 0.000602983
8 0.887203 7.74997 0.000936315
9 0.786764 7.74998 0.00120727
10 0.723694 7.74999 0.00139289
11 0.690986 7.75001 0.00133154
12 0.660511 7.75002 0.00143971
13 0.62737 7.75003 0.00167341
14 0.614256 7.75005 0.00175284
15 0.592682 7.75007 0.00153286
16 0.531326 7.75008 0.00160605
17 0.466856 7.7501 0.00129554
18 0.485634 7.75012 0.00125103
19 0.344948 7.75014 0.00104045
20 0.338732 7.75015 0.00105274
21 0.20942 7.75016 0.001063
22 0.143343 7.75017 0.0007295
23 0.118928 7.75017 0.000469541
24 0.0726523 7.75017 0.000283531
25 0.0364627 7.75017 0.000147275
26 0.0170729 7.75017 7.703e-05
27 0.00763718 7.75017 3.96444e-05
min energy  # max energy
-13.9973 7.75017
