Initial energy of the MPS: 0.0150027
# DMRG Sweep # Mid bond EE # Energy # Std #
0 0.0114086 -10.1914 5.85484
1 0.719065 -13.9973 0.000292438
2 0.721489 -13.9973 5.43213e-05
Initial energy of the MPS: -0.354882
# DMRG Sweep # Mid bond EE # Energy # Std #
0 0.0513656 5.5756 3.18896
1 0.12526 7.74961 0.013328
2 0.330474 7.74985 0.00202433
3 0.764203 7.74987 0.00164224
4 0.887273 7.74989 0.00126811
5 0.925236 7.74993 0.00129585
6 0.904835 7.74996 0.00140756
7 0.887046 7.74998 0.00123152
8 0.935164 7.75001 0.00104959
9 0.929011 7.75005 0.00118237
10 0.883073 7.75007 0.00120866
11 0.872302 7.7501 0.00123938
12 0.87195 7.75014 0.00115514
13 0.762074 7.75016 0.00162989
14 0.64398 7.75018 0.00188867
15 0.54117 7.75021 0.00162775
16 0.42603 7.75023 0.00143221
17 0.219126 7.75024 0.00129535
18 0.105979 7.75025 0.000758467
19 0.0594449 7.75026 0.000359548
20 0.0214495 7.75026 0.000179918
21 0.0064823 7.75026 7.89884e-05
22 0.001556 7.75026 3.37179e-05
min energy  # max energy
-13.9973 7.75026
