Initial energy of the MPS: 0.0149998
# DMRG Sweep # Mid bond EE # Energy # Std #
0 0.0114076 -10.1909 5.85462
1 0.719058 -13.9973 0.000292259
2 0.721489 -13.9973 5.42933e-05
Initial energy of the MPS: -0.354889
# DMRG Sweep # Mid bond EE # Energy # Std #
0 0.0502426 5.5807 3.19185
1 0.12731 7.74971 0.0146088
2 0.322208 7.74994 0.00129299
3 0.692156 7.74995 0.000978257
4 0.793242 7.74995 0.000785235
5 0.859952 7.74995 0.000693299
6 0.91061 7.74996 0.000519461
7 0.940241 7.74996 0.000483207
8 0.930196 7.74996 0.000488894
9 0.91676 7.74997 0.000313842
10 0.940499 7.74997 0.000285261
11 0.98417 7.74998 0.000308296
12 1.0027 7.74998 0.000409718
13 1.00319 7.74998 0.000407728
14 1.00475 7.74998 0.00037653
15 1.00913 7.74998 0.000306065
16 0.994247 7.74999 0.000309412
17 0.964436 7.74999 0.000299568
18 0.940287 7.75 0.000353007
19 0.937431 7.75 0.00041764
20 0.936212 7.75 0.000422652
21 0.933134 7.75001 0.000392058
22 0.920896 7.75001 0.000402956
23 0.89373 7.75002 0.000407222
24 0.8677 7.75002 0.000388565
25 0.861477 7.75003 0.000412697
26 0.864603 7.75003 0.000399497
27 0.86714 7.75004 0.000382949
28 0.868299 7.75004 0.000345365
29 0.855552 7.75004 0.000328194
30 0.827734 7.75005 0.000350297
31 0.79249 7.75005 0.00048503
32 0.75896 7.75006 0.000627313
33 0.723965 7.75006 0.000799849
34 0.686749 7.75006 0.000977091
35 0.634455 7.75007 0.000948294
36 0.56728 7.75007 0.0010294
37 0.474003 7.75008 0.00105264
38 0.381962 7.75008 0.000441938
39 0.289895 7.75008 0.000609361
40 0.228776 7.75008 0.00032992
41 0.176421 7.75008 0.000274327
42 0.137378 7.75008 0.000217469
43 0.107144 7.75009 0.000136675
44 0.0755488 7.75009 0.000175667
45 0.0598389 7.75009 9.94988e-05
46 0.0433256 7.75009 8.01951e-05
47 0.0283151 7.75009 7.47117e-05
48 0.0227211 7.75009 3.7198e-05
min energy  # max energy
-13.9973 7.75009
