Initial energy of the MPS: 0.0149612
# DMRG Sweep # Mid bond EE # Energy # Std #
0 0.011408 -10.1909 5.85459
1 0.719065 -13.9973 0.000292345
2 0.721489 -13.9973 5.43129e-05
Initial energy of the MPS: -0.354882
# DMRG Sweep # Mid bond EE # Energy # Std #
0 0.0517098 5.57835 3.1905
1 0.123297 7.74964 0.0147601
2 0.328789 7.74988 0.0017706
3 0.748215 7.74989 0.00136265
4 0.853133 7.7499 0.00114109
5 0.883644 7.74993 0.00104138
6 0.919858 7.74995 0.00124946
7 0.92 7.74997 0.00106234
8 0.945677 7.74998 0.000923517
9 0.948223 7.75001 0.000817585
10 0.923942 7.75003 0.00095289
11 0.904293 7.75005 0.00106943
12 0.877934 7.75007 0.0010021
13 0.848256 7.7501 0.00105797
14 0.814935 7.75011 0.00159813
15 0.795471 7.75013 0.00164123
16 0.745404 7.75014 0.00173888
17 0.659236 7.75015 0.00165628
18 0.527159 7.75017 0.00150348
19 0.359215 7.75018 0.00124548
20 0.219568 7.75019 0.000832422
21 0.100412 7.7502 0.000693664
22 0.0566765 7.7502 0.000312609
23 0.0194449 7.7502 0.000145538
24 0.00630319 7.7502 5.89302e-05
min energy  # max energy
-13.9973 7.7502
