Initial energy of the MPS: 0.0150174
# DMRG Sweep # Mid bond EE # Energy # Std #
0 0.0114077 -10.1906 5.85448
1 0.719059 -13.9973 0.00029235
2 0.721489 -13.9973 5.43019e-05
Initial energy of the MPS: -0.354943
# DMRG Sweep # Mid bond EE # Energy # Std #
0 0.0513775 5.57701 3.1895
1 0.126409 7.74977 0.0156369
2 0.320416 7.74999 0.000684054
3 0.530081 7.74999 0.000637688
4 0.718983 7.74999 0.000435068
5 0.792983 7.74999 0.000330676
6 0.828836 7.74999 0.000298345
7 0.851954 7.74999 0.000239139
8 0.863355 7.74999 0.000243534
9 0.873795 7.74999 0.000235986
10 0.882483 7.74999 0.000228758
11 0.888674 7.74999 0.000215977
12 0.892645 7.74999 0.000292786
13 0.903052 7.74999 0.000292311
14 0.910422 7.74999 0.00023378
15 0.915014 7.74999 0.000177303
16 0.915975 7.74999 0.000141083
17 0.918312 7.74999 0.00012934
18 0.92188 7.74999 0.000105872
19 0.923963 7.74999 0.000102154
20 0.923418 7.74999 0.000100378
21 0.922463 7.74999 9.47685e-05
22 0.920697 7.74999 8.89191e-05
23 0.919019 7.74999 8.91647e-05
24 0.917744 7.74999 8.43223e-05
25 0.917012 7.74999 7.26764e-05
26 0.916113 7.74999 7.16691e-05
27 0.915217 7.74999 6.56708e-05
min energy  # max energy
-13.9973 7.74999
