Initial energy of the MPS: 0.014995
# DMRG Sweep # Mid bond EE # Energy # Std #
0 0.0114079 -10.191 5.85468
1 0.719059 -13.9973 0.000292226
2 0.721489 -13.9973 5.42927e-05
Initial energy of the MPS: -0.35488
# DMRG Sweep # Mid bond EE # Energy # Std #
0 0.0531382 5.57605 3.18933
1 0.125455 7.74978 0.011661
2 0.273848 7.74995 0.00113457
3 0.682004 7.74996 0.000878135
4 0.872397 7.74996 0.00051368
5 0.887638 7.74996 0.000623102
6 0.897388 7.74997 0.000548356
7 0.902324 7.74997 0.000343676
8 0.912004 7.74997 0.000269472
9 0.922903 7.74997 0.000244356
10 0.936901 7.74998 0.000250817
11 0.957683 7.74998 0.000294383
12 0.967217 7.74998 0.00031698
13 0.970624 7.74998 0.000314353
14 0.970142 7.74999 0.000323365
15 0.969649 7.74999 0.000316365
16 0.969026 7.74999 0.000302312
17 0.966272 7.74999 0.000323516
18 0.961659 7.74999 0.000326694
19 0.946863 7.75 0.000319223
20 0.921125 7.75 0.00035915
21 0.902158 7.75001 0.000350552
22 0.894735 7.75001 0.000441716
23 0.888349 7.75001 0.0004369
24 0.879815 7.75002 0.000383325
25 0.869469 7.75002 0.000335621
26 0.856157 7.75003 0.000314068
27 0.84817 7.75003 0.000324783
28 0.848081 7.75003 0.000342155
29 0.846992 7.75003 0.000392081
30 0.847015 7.75004 0.000349705
31 0.849748 7.75004 0.000329387
32 0.846515 7.75004 0.00029467
33 0.828625 7.75005 0.00027847
34 0.792821 7.75005 0.000322879
35 0.749432 7.75005 0.000405172
36 0.703249 7.75006 0.000616228
37 0.652767 7.75006 0.000692944
38 0.593601 7.75006 0.000774931
39 0.52078 7.75006 0.000693233
40 0.442758 7.75007 0.000651102
41 0.361967 7.75007 0.000739495
42 0.290468 7.75007 0.000391745
43 0.238 7.75007 0.000354527
44 0.206189 7.75007 0.0002651
45 0.179413 7.75007 0.000217586
46 0.150923 7.75007 0.000204215
47 0.123287 7.75007 0.00017831
48 0.0975457 7.75008 0.000150528
49 0.0726584 7.75008 0.000121022
50 0.0513075 7.75008 9.63336e-05
51 0.0343162 7.75008 7.46951e-05
52 0.022407 7.75008 5.62843e-05
min energy  # max energy
-13.9973 7.75008
