Initial energy of the MPS: 0.0149599
# DMRG Sweep # Mid bond EE # Energy # Std #
0 0.0114083 -10.1913 5.85481
1 0.719065 -13.9973 0.000292386
2 0.721489 -13.9973 5.43145e-05
Initial energy of the MPS: -0.354841
# DMRG Sweep # Mid bond EE # Energy # Std #
0 0.0509073 5.57548 3.18868
1 0.122639 7.74974 0.0137834
2 0.312331 7.74994 0.00123693
3 0.704657 7.74994 0.00105414
4 0.799844 7.74995 0.0010163
5 0.849838 7.74996 0.00095149
6 0.862936 7.74997 0.000753784
7 0.881573 7.74997 0.000415522
8 0.914382 7.74998 0.000383959
9 0.961132 7.74998 0.000378966
10 0.976418 7.74999 0.000352242
11 0.964325 7.74999 0.000332519
12 0.947854 7.75 0.000362557
13 0.950114 7.75 0.000389114
14 0.950547 7.75001 0.000384907
15 0.926805 7.75001 0.000407028
16 0.901121 7.75002 0.000389772
17 0.896455 7.75003 0.000382477
18 0.906566 7.75003 0.000380398
19 0.908726 7.75003 0.000373304
20 0.895448 7.75004 0.000360596
21 0.876765 7.75004 0.000381995
22 0.862945 7.75005 0.000435299
23 0.855358 7.75005 0.000430508
24 0.845895 7.75006 0.000390247
25 0.823755 7.75006 0.000348028
26 0.788452 7.75007 0.000377522
27 0.754426 7.75007 0.000482858
28 0.717802 7.75008 0.000606166
29 0.671576 7.75008 0.000717303
30 0.601282 7.75008 0.00101682
31 0.474109 7.75009 0.00072
32 0.350933 7.75009 0.000449146
33 0.244283 7.75009 0.000497386
34 0.159872 7.75009 0.000245806
35 0.0989861 7.75009 0.000226717
36 0.0604363 7.75009 0.000173317
37 0.037955 7.75009 0.000136978
38 0.0237232 7.75009 0.000117512
39 0.0143494 7.75009 9.44122e-05
40 0.00837763 7.75009 8.44932e-05
41 0.00490323 7.75009 7.11673e-05
42 0.00294392 7.75009 6.04077e-05
min energy  # max energy
-13.9973 7.75009
