Initial energy of the MPS: 0.0149845
# DMRG Sweep # Mid bond EE # Energy # Std #
0 0.0114081 -10.1912 5.85479
1 0.719063 -13.9973 0.000292312
2 0.721489 -13.9973 5.42959e-05
Initial energy of the MPS: -0.354915
# DMRG Sweep # Mid bond EE # Energy # Std #
0 0.051453 5.58397 3.19233
1 0.121917 7.74959 0.0149985
2 0.353421 7.74985 0.00222663
3 0.810705 7.74987 0.00156179
4 0.894599 7.7499 0.0010882
5 0.978334 7.74992 0.0014596
6 1.01193 7.74994 0.00115013
7 1.00724 7.74997 0.000883042
8 1.0449 7.74998 0.00089939
9 1.03375 7.75001 0.000879042
10 0.996749 7.75003 0.000834318
11 0.984888 7.75005 0.000928666
12 0.939586 7.75008 0.00108438
13 0.89209 7.75011 0.000913278
14 0.866877 7.75014 0.000876514
15 0.849843 7.75015 0.000905534
16 0.849688 7.75017 0.00085783
17 0.798348 7.75019 0.000828993
18 0.663662 7.7502 0.000853862
19 0.476825 7.75021 0.00118704
20 0.295501 7.75022 0.000883988
21 0.159959 7.75023 0.00060455
22 0.0799225 7.75023 0.000391836
23 0.0320895 7.75023 0.000213255
24 0.00986448 7.75023 0.000104368
25 0.00198519 7.75023 3.76426e-05
min energy  # max energy
-13.9973 7.75023
