Initial energy of the MPS: 0.014967
# DMRG Sweep # Mid bond EE # Energy # Std #
0 0.0114082 -10.1907 5.85449
1 0.719063 -13.9973 0.000292433
2 0.721489 -13.9973 5.43194e-05
Initial energy of the MPS: -0.354876
# DMRG Sweep # Mid bond EE # Energy # Std #
0 0.0517223 5.57533 3.18908
1 0.123612 7.74972 0.013469
2 0.321926 7.74994 0.00134392
3 0.694295 7.74995 0.000904111
4 0.785448 7.74995 0.000856573
5 0.839153 7.74996 0.000811631
6 0.86289 7.74996 0.000844313
7 0.886712 7.74997 0.000523305
8 0.901234 7.74997 0.000360453
9 0.916302 7.74998 0.000408258
10 0.952827 7.74998 0.000390596
11 0.975081 7.74999 0.000388131
12 0.97888 7.74999 0.000371098
13 0.976106 7.74999 0.000348797
14 0.960337 7.75 0.000354981
15 0.933721 7.75 0.000344022
16 0.922429 7.75001 0.000368346
17 0.919004 7.75001 0.00043464
18 0.90778 7.75002 0.000406403
19 0.887427 7.75002 0.000381066
20 0.869773 7.75003 0.000391595
21 0.864482 7.75003 0.000392808
22 0.866983 7.75004 0.000398089
23 0.870883 7.75004 0.000385316
24 0.871073 7.75004 0.000374059
25 0.860781 7.75005 0.000333255
26 0.833954 7.75005 0.00035241
27 0.795417 7.75006 0.000439131
28 0.758419 7.75006 0.000576504
29 0.721722 7.75006 0.000704877
30 0.685152 7.75007 0.000886831
31 0.636577 7.75007 0.00086682
32 0.571086 7.75007 0.00116679
33 0.470662 7.75008 0.00057229
34 0.366676 7.75008 0.00070538
35 0.275157 7.75008 0.000458102
36 0.208733 7.75008 0.000358009
37 0.161538 7.75008 0.000250752
38 0.124191 7.75009 0.000177386
39 0.0934141 7.75009 0.000143204
40 0.0692386 7.75009 0.000117971
41 0.0499544 7.75009 9.4436e-05
42 0.0357705 7.75009 6.81855e-05
min energy  # max energy
-13.9973 7.75009
