Initial energy of the MPS: 0.0149655
# DMRG Sweep # Mid bond EE # Energy # Std #
0 0.0114081 -10.1911 5.85469
1 0.719062 -13.9973 0.00029229
2 0.721489 -13.9973 5.42912e-05
Initial energy of the MPS: -0.354877
# DMRG Sweep # Mid bond EE # Energy # Std #
0 0.0513137 5.57645 3.18881
1 0.122718 7.74965 0.0135413
2 0.311032 7.74987 0.00218294
3 0.756015 7.74988 0.00145791
4 0.86778 7.74991 0.0013988
5 0.88 7.74994 0.000853511
6 0.95106 7.74996 0.000927194
7 0.948151 7.74997 0.000900226
8 0.964081 7.74999 0.000907095
9 0.95111 7.75002 0.000831129
10 0.920257 7.75004 0.00104151
11 0.887127 7.75006 0.00101561
12 0.870287 7.75009 0.00108902
13 0.818885 7.75012 0.00126248
14 0.668559 7.75013 0.00156744
15 0.528618 7.75016 0.0013814
16 0.479933 7.75018 0.00140268
17 0.286132 7.75019 0.00145947
18 0.171801 7.75021 0.00130169
19 0.0990496 7.75022 0.000621655
20 0.0622248 7.75022 0.000308895
21 0.0209897 7.75022 0.00012912
22 0.00639625 7.75022 5.34115e-05
min energy  # max energy
-13.9973 7.75022
