Initial energy of the MPS: 0.0674401
# DMRG Sweep # Mid bond EE # Energy # Std #
0 0.00995919 -57.6822 14.4308
1 0.744702 -61.6871 0.000405584
Initial energy of the MPS: -0.440349
# DMRG Sweep # Mid bond EE # Energy # Std #
0 0.00638348 37.0995 6.584
1 0.3267 38.5437 0.0106052
2 0.283818 38.5442 0.00150726
3 0.29371 38.5443 0.00119419
4 0.325165 38.5443 0.000563673
5 0.32518 38.5443 0.000421739
6 0.325923 38.5443 0.000408913
7 0.325924 38.5443 0.00040899
8 0.325946 38.5443 0.000409045
9 0.325947 38.5443 0.000409994
10 0.325953 38.5443 0.000410167
11 0.325953 38.5443 0.000410957
12 0.325956 38.5443 0.000411273
13 0.325956 38.5443 0.000412094
14 0.325957 38.5443 0.0004124
15 0.325957 38.5443 0.000413295
16 0.325958 38.5443 0.000413584
17 0.325958 38.5443 0.000414296
18 0.325959 38.5443 0.000414637
19 0.325959 38.5443 0.000414936
20 0.325959 38.5443 0.000415278
21 0.325959 38.5443 0.000415388
22 0.32596 38.5443 0.000415611
23 0.32596 38.5443 0.000415712
24 0.32596 38.5443 0.000415821
25 0.32596 38.5443 0.000415905
26 0.32596 38.5443 0.000415953
27 0.32596 38.5443 0.00041604
28 0.32596 38.5443 0.000416057
29 0.32596 38.5443 0.000416142
30 0.32596 38.5443 0.000416122
31 0.32596 38.5443 0.000416228
32 0.325961 38.5443 0.000416185
33 0.325961 38.5443 0.000416291
34 0.325961 38.5443 0.000416229
35 0.325961 38.5443 0.000416326
36 0.325961 38.5443 0.00041626
37 0.325961 38.5443 0.000416327
38 0.325961 38.5443 0.000416273
39 0.325961 38.5443 0.000416324
40 0.325961 38.5443 0.000416293
41 0.325961 38.5443 0.000416313
42 0.325961 38.5443 0.000416312
43 0.325961 38.5443 0.000416338
44 0.325961 38.5443 0.000416321
45 0.325961 38.5443 0.00041637
46 0.325961 38.5443 0.000416347
47 0.325961 38.5443 0.00041639
48 0.325961 38.5443 0.000416397
49 0.325961 38.5443 0.000416436
50 0.325961 38.5443 0.000416438
51 0.325961 38.5443 0.000416456
52 0.325961 38.5443 0.000416461
53 0.325961 38.5443 0.000416489
54 0.325961 38.5443 0.000416491
55 0.325961 38.5443 0.000416523
56 0.325961 38.5443 0.0004165
57 0.325961 38.5443 0.000416553
58 0.325961 38.5443 0.000416533
59 0.325961 38.5443 0.000416559
60 0.325961 38.5443 0.000416549
61 0.325961 38.5443 0.000416575
62 0.325961 38.5443 0.000416566
63 0.325961 38.5443 0.0004166
64 0.325961 38.5443 0.000416585
65 0.325961 38.5443 0.000416627
66 0.325961 38.5443 0.000416632
67 0.325961 38.5443 0.000416643
68 0.325961 38.5443 0.000416666
69 0.325961 38.5443 0.000416695
70 0.325961 38.5443 0.000416689
71 0.325961 38.5443 0.000416736
72 0.325961 38.5443 0.000416752
73 0.325961 38.5443 0.000416785
74 0.325961 38.5443 0.000416798
75 0.325961 38.5443 0.000416836
76 0.325961 38.5443 0.000416865
77 0.325961 38.5443 0.0004169
78 0.325961 38.5443 0.000416925
79 0.325961 38.5443 0.000416959
80 0.325961 38.5443 0.000416977
81 0.325961 38.5443 0.000417002
82 0.325961 38.5443 0.000417017
83 0.325961 38.5443 0.000417033
84 0.325961 38.5443 0.000417034
85 0.325961 38.5443 0.000417067
86 0.325961 38.5443 0.000417052
87 0.325961 38.5443 0.000417078
88 0.325962 38.5443 0.000417089
89 0.325962 38.5443 0.000417097
90 0.325962 38.5443 0.000417112
91 0.325962 38.5443 0.000417128
92 0.325962 38.5443 0.000417131
93 0.325962 38.5443 0.000417155
94 0.325962 38.5443 0.000417149
95 0.325962 38.5443 0.00041716
96 0.325962 38.5443 0.000417168
97 0.325962 38.5443 0.000417177
98 0.325962 38.5443 0.00041718
99 0.325962 38.5443 0.000417194
min energy  # max energy
-61.6871 38.5443
