Initial energy of the MPS: -0.0495583
# DMRG Sweep # Mid bond EE # Energy # Std #
0 0.0064244 -56.7015 14.1872
1 0.324141 -60.6956 0.00047051
Initial energy of the MPS: -0.522119
# DMRG Sweep # Mid bond EE # Energy # Std #
0 0.00615013 36.4667 6.48162
1 0.661547 37.9638 0.0198917
2 0.842074 37.9658 0.00321524
3 1.04592 37.9659 0.000892271
4 1.06481 37.9659 0.000551949
5 1.06634 37.9659 0.000526238
6 1.0667 37.9659 0.000523554
7 1.06675 37.9659 0.000523712
8 1.06681 37.9659 0.000524172
9 1.06683 37.9659 0.000525508
10 1.06685 37.9659 0.000526215
11 1.06685 37.9659 0.000527225
12 1.06686 37.9659 0.000527711
13 1.06686 37.9659 0.00052849
14 1.06687 37.9659 0.000528857
15 1.06687 37.9659 0.000529444
16 1.06687 37.9659 0.000529761
17 1.06687 37.9659 0.000530256
18 1.06687 37.9659 0.00053055
19 1.06687 37.9659 0.000530976
20 1.06687 37.9659 0.000531215
21 1.06687 37.9659 0.000531569
22 1.06687 37.9659 0.000531788
23 1.06688 37.9659 0.000532068
24 1.06688 37.9659 0.000532244
25 1.06688 37.9659 0.000532452
26 1.06688 37.9659 0.000532598
27 1.06688 37.9659 0.000532797
28 1.06688 37.9659 0.000532933
29 1.06688 37.9659 0.000533075
30 1.06688 37.9659 0.000533176
31 1.06688 37.9659 0.000533307
32 1.06688 37.9659 0.000533381
33 1.06688 37.9659 0.000533484
34 1.06688 37.9659 0.000533554
35 1.06688 37.9659 0.000533653
36 1.06688 37.9659 0.000533715
37 1.06688 37.9659 0.00053381
38 1.06688 37.9659 0.000533869
39 1.06688 37.9659 0.000533972
40 1.06688 37.9659 0.000534032
41 1.06688 37.9659 0.000534144
42 1.06688 37.9659 0.000534206
43 1.06688 37.9659 0.000534339
